8 0.500000 0.500000 0.991279 0.974138
11 0.012355 0.537719 0.017442 0.427486
11 0.034157 0.532732 0.017442 0.370959
0 0.047965 0.287716 0.021802 0.064655
11 0.047965 0.356950 0.050106 0.100754
3 0.127907 0.287716 0.072674 0.172414
11 0.127907 0.288254 0.061389 0.054957
4 0.215116 0.287716 0.029070 0.086207
11 0.215843 0.211207 0.076526 0.109914
2 0.861192 0.883621 0.020349 0.060345
11 0.861192 0.950700 0.043939 0.100754
3 0.389535 0.287716 0.072674 0.172414
11 0.389535 0.297953 0.084095 0.164871
1 0.511628 0.519397 0.021802 0.064655
11 0.511628 0.588631 0.068607 0.100754
3 0.591570 0.286638 0.072674 0.172414
11 0.591570 0.292026 0.061389 0.109914
2 0.861192 0.286638 0.020349 0.060345
11 0.861192 0.353718 0.043939 0.100754
3 0.591570 0.519397 0.072674 0.172414
11 0.591570 0.524784 0.074844 0.109914
4 0.694767 0.519397 0.029070 0.086207
11 0.695494 0.434806 0.087458 0.164871
2 0.861192 0.519397 0.020349 0.060345
11 0.861192 0.586476 0.070149 0.100754
3 0.781977 0.745690 0.072674 0.172414
11 0.781977 0.755927 0.074844 0.164871
1 0.510901 0.745690 0.021802 0.064655
11 0.510901 0.831223 0.082483 0.151131
4 0.695131 0.745690 0.029070 0.086207
2 0.861192 0.745690 0.020349 0.060345
11 0.861192 0.812769 0.059357 0.100754
3 0.291424 0.287716 0.072674 0.172414
11 0.291424 0.297953 0.079049 0.164871
1 0.510901 0.287716 0.021802 0.064655
11 0.510901 0.356950 0.068607 0.100754
13 0.075218 0.287716 0.035610 0.021552
13 0.182413 0.288386 0.039244 0.021552
13 0.533249 0.607220 0.638445 0.561422
11 0.205305 0.298511 0.017442 0.102455
13 0.739462 0.286638 0.226017 0.021552
13 0.538881 0.519397 0.035610 0.021552
13 0.654070 0.520047 0.055233 0.021552
13 0.780160 0.519922 0.144622 0.021552
11 0.718708 0.495006 0.016028 0.055057
13 0.695311 0.632543 0.007267 0.148707
11 0.714159 0.530284 0.017519 0.102716
13 0.727653 0.746367 0.038881 0.021552
13 0.601199 0.746217 0.161701 0.021552
13 0.834666 0.745690 0.035610 0.021552
13 0.242369 0.288412 0.028343 0.021552
11 0.238996 0.263155 0.016051 0.055176
13 0.340480 0.288432 0.028343 0.021552
13 0.538517 0.284310 0.036337 0.021552
13 0.436773 0.287716 0.024709 0.021552
13 0.481468 0.424569 0.041424 0.198276
13 0.481286 0.537716 0.040334 0.424569
13 0.488372 0.287716 0.026163 0.021552
