0 0.042534 0.114428 0.027149 0.074627
11 0.042534 0.170398 0.073594 0.027363
3 0.130317 0.114428 0.090498 0.199005
11 0.130317 0.109453 0.050963 0.029851
4 0.224434 0.114428 0.036199 0.099502
11 0.276871 0.155473 0.085869 0.029851
3 0.356561 0.114428 0.090498 0.199005
11 0.356561 0.109453 0.075398 0.119403
2 0.295928 0.363184 0.025339 0.069652
11 0.295928 0.416667 0.094712 0.027363
3 0.696833 0.114428 0.090498 0.199005
11 0.696833 0.109453 0.071209 0.059701
1 0.444344 0.114428 0.027149 0.074627
11 0.444344 0.170398 0.174706 0.027363
1 0.584615 0.114428 0.027149 0.074627
11 0.584615 0.170398 0.134389 0.027363
3 0.696833 0.472637 0.090498 0.199005
11 0.696833 0.467662 0.062133 0.059701
4 0.800905 0.472637 0.036199 0.099502
11 0.879522 0.513682 0.138229 0.029851
3 0.800905 0.873134 0.090498 0.199005
11 0.800905 0.868159 0.076794 0.119403
2 0.961086 0.475124 0.025339 0.069652
11 0.961086 0.528607 0.117750 0.027363
1 0.582805 0.472637 0.027149 0.074627
11 0.582805 0.528607 0.152948 0.027363
1 0.584615 0.874378 0.027149 0.074627
11 0.584615 0.930348 0.133749 0.027363
13 0.276923 0.115180 0.072398 0.024876
11 0.254210 0.080568 0.009113 0.029936
13 0.254072 0.263682 0.061991 0.208955
11 0.212217 0.116453 0.010860 0.055650
13 0.416290 0.114428 0.032579 0.024876
13 0.624887 0.114428 0.057014 0.024876
13 0.762443 0.473418 0.044344 0.024876
13 0.801160 0.648010 0.009050 0.261194
11 0.788579 0.474720 0.010923 0.055743
13 0.472851 0.113856 0.033484 0.024876
13 0.547511 0.113838 0.050679 0.024876
13 0.537783 0.317164 0.066516 0.320896
13 0.623982 0.472637 0.058824 0.024876
13 0.538688 0.518035 0.068326 0.722637
13 0.676923 0.873847 0.161086 0.024876
13 0.897285 0.674129 0.105882 0.407960
13 0.070588 0.114428 0.032579 0.024876
13 0.190950 0.115225 0.034389 0.024876
13 0.845249 0.294776 0.209955 0.370647
13 0.883710 0.474522 0.133032 0.024876
11 0.830799 0.439283 0.009106 0.029921
