8 0.500000 0.500000 0.991531 0.974414
3 0.124206 0.279318 0.070572 0.170576
3 0.785815 0.108742 0.070572 0.170576
4 0.205363 0.279318 0.028229 0.085288
3 0.272406 0.545842 0.070572 0.170576
3 0.374735 0.545842 0.070572 0.170576
0 0.057163 0.279318 0.021171 0.063966
2 0.868031 0.108742 0.019760 0.059701
1 0.526464 0.332623 0.021171 0.063966
1 0.526464 0.545842 0.021171 0.063966
4 0.695836 0.545842 0.028229 0.085288
3 0.785815 0.801706 0.070572 0.170576
4 0.695837 0.802465 0.028229 0.085288
3 0.604799 0.332623 0.070572 0.170576
3 0.604799 0.545842 0.070572 0.170576
1 0.526464 0.808102 0.021171 0.063966
2 0.868031 0.332623 0.019760 0.059701
3 0.604799 0.803838 0.070572 0.170576
4 0.695836 0.332623 0.028229 0.085288
2 0.868031 0.801706 0.019760 0.059701
3 0.785815 0.332623 0.070572 0.170576
12 0.175371 0.279987 0.034580 0.021322
12 0.221418 0.433902 0.034227 0.232409
12 0.323571 0.545842 0.034580 0.021322
12 0.078335 0.279318 0.023994 0.021322
12 0.730240 0.802837 0.043401 0.021322
12 0.553282 0.803838 0.035286 0.021322
12 0.553282 0.332623 0.035286 0.021322
12 0.553282 0.545842 0.035286 0.021322
12 0.660903 0.546497 0.044460 0.021322
12 0.478134 0.173241 0.547614 0.137527
12 0.425900 0.546511 0.034580 0.021322
12 0.485812 0.417910 0.062956 0.179104
12 0.492943 0.546351 0.048694 0.021322
12 0.486062 0.698294 0.062456 0.228145
12 0.696190 0.674154 0.007057 0.179864
12 0.660904 0.803649 0.044461 0.021322
12 0.660903 0.333277 0.044460 0.021322
12 0.730240 0.333284 0.043402 0.021322
12 0.839626 0.108742 0.039873 0.021322
12 0.839626 0.801706 0.039873 0.021322
12 0.696189 0.439232 0.007057 0.136461
12 0.839626 0.332623 0.039873 0.021322
