8 0.500000 0.326823 0.989708 0.325521
8 0.500000 0.773438 0.989708 0.437500
8 0.500000 0.046875 0.989708 0.078125
0 0.069468 0.281250 0.025729 0.039062
3 0.163808 0.281250 0.085763 0.104167
1 0.498285 0.281250 0.025729 0.039062
3 0.626930 0.281250 0.085763 0.104167
1 0.275300 0.424479 0.025729 0.039062
3 0.369640 0.424479 0.085763 0.104167
2 0.746141 0.281250 0.024014 0.036458
0 0.069468 0.834635 0.025729 0.039062
3 0.163808 0.834635 0.085763 0.104167
4 0.279588 0.834635 0.034305 0.052083
3 0.601201 0.834635 0.085763 0.104167
3 0.429674 0.671875 0.085763 0.104167
3 0.280446 0.671875 0.085763 0.104167
4 0.512865 0.834814 0.034305 0.052083
2 0.746141 0.834635 0.024014 0.036458
13 0.069468 0.173828 0.008576 0.180990
13 0.101630 0.281250 0.042024 0.013021
13 0.116638 0.574219 0.097770 0.486979
13 0.101630 0.834635 0.042024 0.013021
13 0.232419 0.281649 0.054889 0.013021
13 0.234563 0.835032 0.059177 0.013021
13 0.549743 0.541667 0.106346 0.486979
13 0.396226 0.835376 0.202402 0.013021
13 0.547599 0.281250 0.076329 0.013021
13 0.626930 0.157552 0.008576 0.148438
13 0.355060 0.671875 0.066895 0.013021
13 0.388937 0.281570 0.196398 0.013021
13 0.275506 0.356120 0.008576 0.102865
13 0.275300 0.531901 0.008576 0.180990
13 0.280198 0.766276 0.008576 0.089844
13 0.307461 0.424479 0.042024 0.013021
13 0.369640 0.229167 0.008576 0.291667
13 0.701973 0.281250 0.067753 0.013021
13 0.544168 0.835174 0.031732 0.013021
13 0.492925 0.740324 0.044168 0.142106
13 0.689108 0.834635 0.093482 0.013021
11 0.017667 0.326823 0.012007 0.140272
11 0.069448 0.311068 0.070286 0.015625
11 0.163808 0.280729 0.070080 0.036979
11 0.497266 0.242839 0.054567 0.032813
11 0.626930 0.280729 0.069513 0.055729
11 0.261384 0.235547 0.061361 0.015625
11 0.370932 0.423958 0.061227 0.055729
11 0.747373 0.318359 0.067646 0.032813
11 0.304299 0.262891 0.009970 0.015625
11 0.263561 0.274609 0.019404 0.015625
11 0.017667 0.773438 0.012007 0.167152
11 0.071043 0.873047 0.066614 0.032813
11 0.163808 0.834115 0.070942 0.036979
11 0.283173 0.895182 0.053481 0.032813
11 0.601201 0.834115 0.063788 0.018229
11 0.431101 0.671354 0.064081 0.036979
11 0.281738 0.671354 0.061227 0.036979
11 0.745925 0.871745 0.071610 0.032813
11 0.308587 0.817578 0.009970 0.015625
11 0.267849 0.775911 0.019404 0.015625
11 0.500000 0.046354 0.135302 0.018229
