8 0.203333 0.046667 0.406667 0.083333
8 0.203333 0.163833 0.406667 0.137667
8 0.203333 0.263000 0.406667 0.040000
0 0.020000 0.020000 0.010000 0.010000
3 0.056667 0.020000 0.033333 0.026667
3 0.105667 0.020333 0.033333 0.026667
3 0.154000 0.020333 0.033333 0.026667
1 0.110000 0.065000 0.010000 0.010000
3 0.146667 0.065000 0.033333 0.026667
3 0.291667 0.065000 0.033333 0.026667
1 0.228333 0.038333 0.010000 0.010000
3 0.363000 0.065000 0.033333 0.026667
2 0.392667 0.065000 0.009333 0.009333
1 0.241667 0.065000 0.010000 0.010000
4 0.261667 0.065000 0.013333 0.013333
1 0.186667 0.065000 0.010000 0.010000
1 0.328333 0.065000 0.010000 0.010000
0 0.025000 0.115000 0.010000 0.010000
3 0.061667 0.115000 0.033333 0.026667
3 0.110000 0.115000 0.033333 0.026667
3 0.158333 0.115000 0.033333 0.026667
3 0.206667 0.115000 0.033333 0.026667
3 0.255000 0.115000 0.033333 0.026667
3 0.303333 0.115000 0.033333 0.026667
1 0.158333 0.160000 0.010000 0.010000
1 0.260000 0.193333 0.010000 0.010000
2 0.376333 0.160000 0.009333 0.009333
3 0.303333 0.193333 0.033333 0.026667
3 0.195000 0.160000 0.033333 0.026667
1 0.260000 0.160000 0.010000 0.010000
3 0.303333 0.160000 0.033333 0.026667
0 0.025000 0.263000 0.010000 0.010000
3 0.061667 0.263000 0.033333 0.026667
3 0.110000 0.263000 0.033333 0.026667
3 0.158333 0.263000 0.033333 0.026667
2 0.194667 0.263000 0.009333 0.009333
