8 0.500038 0.058824 0.991800 0.098039
11 0.500038 0.060049 0.291281 0.069444
8 0.500038 0.344771 0.991800 0.408497
11 0.011724 0.380459 0.016552 0.404464
8 0.500038 0.785948 0.991800 0.408497
11 0.011724 0.823999 0.016552 0.431250
3 0.130062 0.344771 0.068966 0.130719
11 0.130062 0.348856 0.079005 0.083333
0 0.066653 0.344771 0.020690 0.049020
11 0.066653 0.397263 0.072421 0.076389
1 0.391054 0.246732 0.020690 0.049020
11 0.393123 0.184845 0.082663 0.076389
3 0.625497 0.246732 0.068966 0.130719
11 0.625497 0.254493 0.063044 0.125000
3 0.694463 0.442810 0.068966 0.130719
11 0.694463 0.446895 0.072621 0.083333
1 0.785512 0.442810 0.020690 0.049020
4 0.896882 0.344771 0.027586 0.065359
2 0.951365 0.344771 0.019310 0.045752
11 0.951365 0.395629 0.075347 0.076389
3 0.845158 0.442810 0.068966 0.130719
11 0.845158 0.450572 0.063044 0.125000
1 0.450801 0.442810 0.020690 0.049020
3 0.231724 0.785948 0.068966 0.130719
11 0.231724 0.793709 0.068631 0.125000
0 0.155862 0.785948 0.020690 0.049020
3 0.392962 0.687908 0.068966 0.130719
11 0.392962 0.695670 0.063044 0.125000
3 0.450801 0.883987 0.068966 0.130719
11 0.450801 0.888072 0.072621 0.083333
4 0.311034 0.785948 0.027586 0.065359
11 0.306897 0.647876 0.094966 0.083333
3 0.547353 0.883987 0.068966 0.130719
11 0.547353 0.891748 0.068631 0.125000
1 0.623443 0.883987 0.020690 0.049020
11 0.623443 0.936479 0.040234 0.076389
3 0.699305 0.883987 0.068966 0.130719
11 0.699305 0.891748 0.057458 0.125000
3 0.785512 0.883987 0.068966 0.130719
11 0.785512 0.891748 0.063044 0.125000
4 0.902064 0.785948 0.027586 0.065359
2 0.952409 0.785948 0.019310 0.045752
11 0.952409 0.836806 0.082663 0.076389
13 0.086289 0.344771 0.021340 0.016340
13 0.181724 0.785948 0.033793 0.016340
13 0.281724 0.786461 0.033793 0.016340
13 0.334929 0.720588 0.049859 0.071895
11 0.301724 0.728773 0.016552 0.077679
13 0.363552 0.851307 0.108292 0.071895
11 0.301130 0.799096 0.016552 0.034821
13 0.066653 0.214052 0.006897 0.218954
13 0.137790 0.598039 0.018214 0.382353
13 0.597467 0.883987 0.034021 0.016340
13 0.649305 0.883987 0.033793 0.016340
13 0.395414 0.410131 0.092843 0.071895
13 0.625497 0.144608 0.006897 0.080065
13 0.694463 0.242647 0.006897 0.276144
13 0.742409 0.883987 0.020000 0.016340
13 0.752057 0.442810 0.048980 0.016340
13 0.785512 0.642974 0.006897 0.357843
13 0.803266 0.442810 0.017576 0.016340
13 0.778603 0.279412 0.240005 0.071895
13 0.926192 0.345151 0.033793 0.016340
13 0.888434 0.410131 0.020345 0.071895
13 0.845158 0.242647 0.006897 0.276144
13 0.929305 0.786325 0.029655 0.016340
13 0.496207 0.246732 0.192374 0.016340
13 0.250213 0.344771 0.174096 0.016340
13 0.560563 0.442810 0.201593 0.016340
13 0.365365 0.279412 0.033448 0.071895
13 0.499077 0.883987 0.030345 0.016340
13 0.450801 0.642974 0.006897 0.357843
13 0.664927 0.720588 0.477723 0.071895
13 0.861202 0.851307 0.085172 0.071895
13 0.391054 0.446895 0.006897 0.357843
