8 0.500000 0.315396 0.989950 0.373692
8 0.500000 0.761584 0.989950 0.458894
8 0.500000 0.053812 0.989950 0.089686
3 0.197655 0.263079 0.083752 0.119581
1 0.442211 0.263079 0.025126 0.044843
3 0.536851 0.263079 0.083752 0.119581
0 0.092965 0.263079 0.025126 0.044843
2 0.628141 0.263079 0.023451 0.041854
1 0.415829 0.405082 0.025126 0.044843
3 0.536851 0.405082 0.083752 0.119581
0 0.092965 0.816143 0.025126 0.044843
3 0.197655 0.816143 0.083752 0.119581
4 0.319933 0.816143 0.033501 0.059791
3 0.442211 0.816143 0.083752 0.119581
3 0.449330 0.659193 0.097990 0.119581
2 0.547739 0.659193 0.023451 0.041854
3 0.581240 0.816143 0.083752 0.119581
1 0.744556 0.889387 0.025126 0.044843
3 0.843802 0.889387 0.097990 0.119581
2 0.942211 0.889387 0.023451 0.041854
1 0.744556 0.739910 0.025126 0.044843
3 0.836683 0.739910 0.083752 0.119581
2 0.942211 0.739910 0.023451 0.041854
12 0.130653 0.263079 0.053601 0.014948
12 0.145310 0.558296 0.108040 0.476831
12 0.130653 0.816143 0.053601 0.014948
12 0.271357 0.816592 0.067002 0.014948
12 0.368509 0.816596 0.067002 0.014948
12 0.360343 0.722720 0.083333 0.133034
12 0.474874 0.263079 0.043551 0.014948
12 0.536851 0.150972 0.008375 0.110613
12 0.271357 0.263528 0.067002 0.014948
12 0.517169 0.659193 0.041039 0.014948
12 0.511725 0.816143 0.058626 0.014948
12 0.641960 0.816613 0.041039 0.014948
12 0.775963 0.889387 0.041039 0.014948
12 0.843802 0.665919 0.008375 0.333333
12 0.911642 0.889387 0.041039 0.014948
12 0.704983 0.867713 0.057370 0.049327
12 0.704983 0.763079 0.057370 0.052317
12 0.775963 0.739910 0.041039 0.014948
12 0.092965 0.169656 0.008375 0.147982
12 0.836683 0.389387 0.008375 0.587444
12 0.904523 0.739910 0.055276 0.014948
12 0.597571 0.263079 0.041039 0.014948
12 0.383166 0.263827 0.096315 0.014948
12 0.361809 0.349028 0.086265 0.118087
12 0.415829 0.513453 0.008375 0.177877
12 0.442211 0.520927 0.008375 0.476831
12 0.461683 0.405082 0.069933 0.014948
12 0.561004 0.221973 0.008375 0.252616
