8 0.358047 0.077369 0.618692 0.039812
8 0.357196 0.134612 0.620393 0.060533
8 0.357196 0.194403 0.620393 0.039812
0 0.081906 0.078366 0.010000 0.010000
3 0.122855 0.078366 0.033333 0.026667
1 0.455371 0.078366 0.010000 0.010000
3 0.486681 0.078366 0.019180 0.026667
3 0.523443 0.078366 0.033333 0.026667
2 0.559777 0.078366 0.009333 0.009333
3 0.171188 0.078366 0.033333 0.026667
3 0.219521 0.078366 0.033333 0.026667
3 0.294521 0.078366 0.033333 0.026667
3 0.256799 0.141831 0.023573 0.026667
3 0.295372 0.141831 0.023573 0.026667
3 0.338825 0.141831 0.033333 0.026667
1 0.414038 0.141908 0.010000 0.010000
3 0.455295 0.141908 0.019180 0.026667
0 0.171188 0.141908 0.010000 0.010000
2 0.536831 0.154831 0.009333 0.009333
1 0.536831 0.126908 0.010000 0.010000
3 0.573110 0.126908 0.033333 0.026667
3 0.621443 0.126908 0.033333 0.026667
2 0.657777 0.126908 0.009333 0.009333
3 0.370611 0.195511 0.023573 0.026667
0 0.338825 0.195511 0.010000 0.010000
3 0.414038 0.195511 0.033333 0.026667
2 0.450371 0.195511 0.009333 0.009333
