8 0.205667 0.175000 0.411333 0.250000
9 0.210667 0.258333 0.401333 0.083333
9 0.210667 0.091667 0.401333 0.083333
9 0.210667 0.175000 0.401333 0.083333
3 0.111667 0.248333 0.033333 0.026667
3 0.355333 0.248333 0.033333 0.026667
2 0.391667 0.248333 0.009333 0.009333
5 0.317000 0.248333 0.013333 0.013333
3 0.268667 0.098333 0.033333 0.026667
0 0.035000 0.175000 0.010000 0.010000
3 0.105333 0.175000 0.033333 0.026667
3 0.182000 0.193333 0.033333 0.026667
3 0.182000 0.153333 0.033333 0.026667
3 0.230333 0.193333 0.033333 0.026667
3 0.278667 0.193333 0.033333 0.026667
3 0.230333 0.153333 0.033333 0.026667
4 0.268667 0.153333 0.013333 0.013333
4 0.317000 0.153333 0.013333 0.013333
5 0.061667 0.175000 0.013333 0.013333
4 0.317000 0.193333 0.013333 0.013333
4 0.143667 0.175000 0.013333 0.013333
