8 0.199214 0.184569 0.367095 0.299467
9 0.204214 0.142902 0.357095 0.216133
9 0.204214 0.292636 0.357095 0.083333
0 0.037333 0.174083 0.010000 0.010000
3 0.226667 0.079502 0.033333 0.026667
3 0.190583 0.113072 0.033333 0.026667
3 0.190583 0.142836 0.033333 0.026667
3 0.190583 0.173669 0.033333 0.026667
3 0.110500 0.143586 0.033333 0.026667
4 0.059991 0.143586 0.013333 0.013333
5 0.060667 0.174083 0.013333 0.013333
3 0.093991 0.079836 0.033333 0.026667
4 0.126667 0.079502 0.013333 0.013333
3 0.166667 0.048169 0.033333 0.026667
4 0.152396 0.142836 0.013333 0.013333
4 0.232253 0.143627 0.013333 0.013333
4 0.260737 0.143784 0.013333 0.013333
5 0.289105 0.143924 0.013333 0.013333
3 0.334105 0.143924 0.033333 0.026667
2 0.370438 0.143924 0.009333 0.009333
3 0.134439 0.292636 0.033333 0.026667
3 0.228333 0.292636 0.033333 0.026667
10 0.110500 0.181500 0.029333 0.032333
