8 0.500000 0.500000 0.990204 0.985276
11 0.013878 0.518103 0.019592 0.205162
9 0.512245 0.839264 0.965714 0.306748
11 0.038367 0.855769 0.019592 0.187060
9 0.512245 0.261350 0.965714 0.507975
11 0.038367 0.275015 0.019592 0.154877
9 0.512245 0.600613 0.965714 0.170552
11 0.038367 0.616764 0.019592 0.183037
2 0.946939 0.807362 0.022857 0.034356
11 0.946939 0.836273 0.030306 0.028681
3 0.847347 0.807362 0.081633 0.098160
11 0.847347 0.813190 0.105796 0.093865
3 0.569796 0.807362 0.081633 0.098160
11 0.569796 0.807669 0.100128 0.031288
0 0.082449 0.174233 0.024490 0.036810
11 0.082449 0.204371 0.140274 0.028681
3 0.237551 0.174233 0.081633 0.098160
11 0.237551 0.177301 0.072735 0.062577
4 0.357551 0.174233 0.032653 0.049080
11 0.382810 0.197239 0.050064 0.031288
7 0.663265 0.174233 0.484082 0.240491
11 0.461446 0.076380 0.101073 0.031288
3 0.502857 0.201227 0.081633 0.098160
11 0.502857 0.204294 0.064233 0.062577
3 0.678367 0.201227 0.081633 0.098160
11 0.678367 0.204294 0.068956 0.062577
3 0.847347 0.201227 0.081633 0.098160
11 0.847347 0.204294 0.080292 0.062577
3 0.357551 0.411043 0.081633 0.098160
11 0.357551 0.414110 0.077458 0.062577
4 0.569796 0.411043 0.032653 0.049080
11 0.586939 0.364724 0.133189 0.031288
3 0.474286 0.411043 0.081633 0.098160
11 0.474286 0.414110 0.102962 0.062577
5 0.143673 0.174233 0.032653 0.049080
4 0.847347 0.411043 0.032653 0.049080
3 0.728980 0.601227 0.081633 0.098160
11 0.728980 0.604294 0.086904 0.062577
13 0.111020 0.174233 0.035918 0.012270
13 0.309796 0.174601 0.066122 0.012270
13 0.590612 0.201227 0.097143 0.012270
13 0.762857 0.201227 0.090612 0.012270
13 0.357551 0.280368 0.008163 0.168098
11 0.346122 0.162048 0.019592 0.179014
13 0.415918 0.411043 0.038367 0.012270
13 0.911837 0.807362 0.050612 0.012270
13 0.570013 0.596933 0.008163 0.327607
11 0.558726 0.416912 0.019621 0.060390
13 0.415918 0.411043 0.038367 0.012270
13 0.178367 0.174233 0.040000 0.012270
13 0.534286 0.411427 0.041633 0.012270
13 0.847574 0.318405 0.008163 0.141104
13 0.708571 0.807362 0.199184 0.012270
13 0.800408 0.506442 0.064490 0.194479
13 0.336531 0.503067 0.388163 0.613497
13 0.417959 0.188006 0.091429 0.025009
11 0.410050 0.173645 0.087191 0.058385
13 0.718999 0.596933 0.260778 0.327607
13 0.637143 0.506135 0.105306 0.195092
11 0.596673 0.396626 0.018612 0.031288
