8 0.500128 0.499678 0.989474 0.987253
11 0.015274 0.531627 0.021563 0.362084
9 0.513605 0.362316 0.962520 0.712527
11 0.042228 0.374555 0.021563 0.138709
9 0.513605 0.855942 0.962520 0.274725
11 0.042228 0.862141 0.021563 0.070255
0 0.063792 0.465110 0.026954 0.032967
3 0.574124 0.153305 0.089847 0.087912
11 0.574124 0.158525 0.118521 0.084066
3 0.476864 0.263972 0.089847 0.087912
11 0.476864 0.264247 0.051983 0.028022
3 0.476864 0.362096 0.089847 0.087912
11 0.476864 0.362371 0.051983 0.028022
3 0.476864 0.463744 0.089847 0.087912
11 0.476864 0.464019 0.051983 0.028022
3 0.261006 0.364568 0.089847 0.087912
11 0.261006 0.364843 0.113323 0.028022
4 0.124864 0.364568 0.035939 0.043956
11 0.124864 0.328579 0.046785 0.028022
5 0.126685 0.465110 0.035939 0.043956
3 0.216508 0.154404 0.089847 0.087912
11 0.216508 0.157151 0.090451 0.056044
4 0.304582 0.153305 0.035939 0.043956
11 0.327044 0.193140 0.103966 0.028022
3 0.412399 0.050008 0.089847 0.087912
11 0.412399 0.052755 0.095649 0.056044
4 0.373933 0.362096 0.035939 0.043956
4 0.589182 0.364706 0.035939 0.043956
4 0.665957 0.365221 0.035939 0.043956
5 0.742421 0.365685 0.035939 0.043956
3 0.863715 0.365685 0.089847 0.087912
11 0.863715 0.365959 0.106045 0.028022
2 0.961649 0.365685 0.025157 0.030769
3 0.325531 0.855942 0.089847 0.087912
11 0.325531 0.856217 0.117482 0.028022
3 0.578616 0.855942 0.089847 0.087912
11 0.578616 0.858689 0.116442 0.056044
10 0.261006 0.489560 0.079066 0.106593
11 0.261006 0.492308 0.070697 0.056044
13 0.411922 0.362718 0.043632 0.010989
13 0.403367 0.423909 0.060742 0.084066
13 0.403367 0.302045 0.060742 0.080541
13 0.330947 0.363828 0.053628 0.010989
13 0.261006 0.422394 0.008985 0.032135
13 0.092992 0.465363 0.035040 0.010989
13 0.274022 0.154047 0.028775 0.010989
13 0.203871 0.671515 0.157067 0.373250
13 0.126213 0.414839 0.008985 0.060981
13 0.179458 0.364842 0.076844 0.010989
11 0.162068 0.352089 0.036484 0.028397
13 0.149740 0.248497 0.047282 0.192582
11 0.110171 0.244389 0.034309 0.028022
13 0.515723 0.079678 0.120395 0.063736
13 0.425876 0.153607 0.210243 0.010989
11 0.413683 0.139835 0.031575 0.028022
13 0.336253 0.090667 0.066038 0.085714
11 0.292453 0.118827 0.021563 0.025220
13 0.627570 0.365773 0.044429 0.010989
13 0.642727 0.248274 0.050952 0.194334
13 0.704189 0.366239 0.044119 0.010989
13 0.555485 0.303350 0.070988 0.083151
13 0.546500 0.363714 0.053019 0.010989
13 0.555485 0.425214 0.070988 0.081456
13 0.452074 0.855942 0.166832 0.010989
13 0.683205 0.621802 0.122924 0.472675
13 0.789591 0.366022 0.061995 0.010989
13 0.928854 0.365685 0.044025 0.010989
