0 0.037801 0.190385 0.025773 0.057692
11 0.037801 0.266707 0.096594 0.134856
3 0.132302 0.190385 0.085911 0.153846
11 0.132302 0.199519 0.115317 0.147115
4 0.231100 0.190385 0.034364 0.076923
11 0.231100 0.122115 0.066605 0.098077
3 0.231100 0.905769 0.085911 0.153846
11 0.231100 0.910577 0.063623 0.098077
2 0.397766 0.905769 0.024055 0.053846
11 0.397766 0.965625 0.093860 0.089904
1 0.533505 0.040385 0.025773 0.057692
11 0.533505 0.087620 0.091127 0.044952
1 0.464777 0.396154 0.025773 0.057692
11 0.508082 0.397236 0.078369 0.044952
1 0.533505 0.190385 0.025773 0.057692
11 0.533505 0.237620 0.081103 0.044952
3 0.329897 0.524038 0.085911 0.153846
11 0.329897 0.528846 0.072570 0.098077
3 0.628007 0.190385 0.085911 0.153846
11 0.628007 0.195192 0.088476 0.098077
4 0.727663 0.190385 0.034364 0.076923
11 0.727663 0.129327 0.089470 0.049038
3 0.951890 0.190385 0.085911 0.153846
11 0.951890 0.199519 0.084499 0.147115
4 0.826890 0.190385 0.034364 0.076923
4 0.231445 0.651924 0.034364 0.076923
2 0.951890 0.524038 0.024055 0.053846
3 0.329897 0.190385 0.085911 0.153846
11 0.329897 0.199519 0.093446 0.147115
13 0.070017 0.190385 0.042096 0.019231
13 0.194588 0.190988 0.042096 0.019231
13 0.267612 0.190993 0.042096 0.019231
11 0.259340 0.168493 0.018970 0.049217
13 0.231800 0.421154 0.008591 0.392309
11 0.253953 0.200062 0.020669 0.091551
13 0.329897 0.905769 0.115120 0.019231
13 0.410223 0.190955 0.078179 0.019231
13 0.492912 0.096154 0.058849 0.119231
13 0.465206 0.298077 0.008591 0.146154
13 0.501289 0.190838 0.042096 0.019231
13 0.231662 0.759616 0.008591 0.146153
13 0.418814 0.474519 0.095361 0.106731
13 0.267784 0.605849 0.041751 0.058158
13 0.565722 0.190385 0.042096 0.019231
13 0.690722 0.190987 0.042955 0.019231
13 0.486372 0.498077 0.486877 0.546154
11 0.716065 0.207435 0.020619 0.040982
13 0.777277 0.191346 0.068299 0.019231
11 0.761328 0.168750 0.029529 0.049038
13 0.876503 0.190967 0.068299 0.019231
13 0.686856 0.096154 0.284364 0.119231
13 0.951890 0.382212 0.008591 0.237500
