8 0.409051 0.351020 0.776123 0.340136
8 0.506293 0.795918 0.978103 0.391837
8 0.273160 0.048980 0.537324 0.081633
1 0.438373 0.436735 0.022489 0.040816
0 0.088456 0.351020 0.022489 0.040816
3 0.170915 0.351020 0.074963 0.108844
3 0.509587 0.351020 0.074963 0.108844
1 0.337174 0.253061 0.022489 0.040816
3 0.419632 0.253061 0.074963 0.108844
1 0.552316 0.253061 0.022489 0.040816
2 0.707488 0.351020 0.020990 0.038095
3 0.634775 0.253061 0.074963 0.108844
2 0.752884 0.253061 0.020990 0.038095
0 0.088456 0.704762 0.022489 0.040816
3 0.182159 0.704762 0.074963 0.108844
4 0.337174 0.704762 0.029985 0.054422
3 0.419632 0.704762 0.074963 0.108844
3 0.541072 0.838095 0.074963 0.108844
3 0.337174 0.878912 0.074963 0.108844
3 0.649767 0.838095 0.074963 0.108844
1 0.502091 0.704762 0.022489 0.040816
1 0.732226 0.838095 0.022489 0.040816
13 0.088456 0.210204 0.007496 0.246259
13 0.116567 0.351020 0.036732 0.013605
13 0.122189 0.704762 0.047976 0.013605
13 0.123438 0.544898 0.072964 0.284354
13 0.270911 0.705150 0.105539 0.013605
13 0.438373 0.553741 0.007496 0.198639
13 0.506964 0.193197 0.007496 0.212245
13 0.367159 0.705197 0.032984 0.013605
13 0.337391 0.778231 0.007496 0.097959
13 0.479602 0.421088 0.062969 0.036735
13 0.439123 0.858503 0.131934 0.046259
13 0.595419 0.838095 0.036732 0.013605
13 0.365285 0.253061 0.036732 0.013605
13 0.499093 0.253061 0.086957 0.013605
13 0.473980 0.704762 0.036732 0.013605
13 0.704115 0.838095 0.036732 0.013605
13 0.233133 0.351020 0.052474 0.013605
13 0.350183 0.407483 0.156889 0.063946
13 0.306893 0.299779 0.041072 0.064182
13 0.622031 0.351020 0.152924 0.013605
13 0.580427 0.253061 0.036732 0.013605
13 0.588298 0.123129 0.095952 0.156463
13 0.707323 0.253061 0.073132 0.013605
13 0.596877 0.528571 0.087502 0.515646
13 0.304559 0.548980 0.060484 0.556463
11 0.031934 0.351020 0.010495 0.156101
11 0.439093 0.476871 0.059595 0.034286
11 0.172047 0.350476 0.063519 0.058231
11 0.509745 0.350476 0.060005 0.038639
11 0.337103 0.284218 0.047519 0.016327
11 0.420922 0.252517 0.066026 0.038639
11 0.552409 0.284218 0.056843 0.016327
11 0.636180 0.252517 0.065007 0.058231
11 0.028186 0.795918 0.010495 0.102987
11 0.089410 0.744898 0.061879 0.034286
11 0.183291 0.704218 0.063519 0.058231
11 0.337864 0.658367 0.032550 0.016327
11 0.419790 0.704218 0.046494 0.038639
11 0.541485 0.837551 0.062508 0.038639
11 0.338461 0.878367 0.053516 0.038639
11 0.651057 0.837551 0.064515 0.058231
11 0.361905 0.685578 0.007168 0.016327
11 0.273238 0.048435 0.120514 0.019048
