8 0.500000 0.353516 0.989286 0.417969
11 0.015179 0.380636 0.021429 0.307366
8 0.300000 0.829427 0.589286 0.325521
11 0.015179 0.859749 0.021429 0.343652
8 0.429464 0.055990 0.848214 0.096354
11 0.429464 0.056966 0.199745 0.055339
0 0.072321 0.399740 0.026786 0.039062
3 0.170536 0.399740 0.089286 0.104167
11 0.170536 0.402995 0.064056 0.066406
1 0.371429 0.399740 0.026786 0.039062
3 0.371429 0.269531 0.089286 0.104167
11 0.371429 0.275716 0.081620 0.099609
1 0.371429 0.399740 0.026786 0.039062
1 0.474107 0.497396 0.026786 0.039062
3 0.572321 0.497396 0.089286 0.104167
1 0.670536 0.497396 0.026786 0.039062
3 0.768750 0.497396 0.089286 0.104167
11 0.768750 0.500651 0.110548 0.066406
4 0.871429 0.354167 0.035714 0.052083
2 0.941964 0.354167 0.025000 0.036458
1 0.170536 0.907552 0.026786 0.039062
3 0.268750 0.907552 0.089286 0.104167
11 0.268750 0.910807 0.088852 0.066406
4 0.371429 0.907552 0.035714 0.052083
11 0.372321 0.950846 0.144643 0.033203
3 0.371429 0.776042 0.089286 0.104167
11 0.371429 0.779297 0.122946 0.066406
3 0.474107 0.907552 0.089286 0.104167
11 0.474107 0.910807 0.119847 0.066406
13 0.072321 0.242188 0.008929 0.281250
13 0.105804 0.399740 0.043750 0.013021
13 0.170536 0.669922 0.008929 0.441406
13 0.204018 0.907552 0.043750 0.013021
13 0.333482 0.907961 0.043750 0.013021
13 0.371695 0.854818 0.008929 0.058594
11 0.394941 0.866756 0.021476 0.030046
13 0.371429 0.571615 0.008929 0.309896
13 0.371429 0.350911 0.008929 0.063802
13 0.371429 0.160807 0.008929 0.118490
13 0.409375 0.907964 0.043750 0.013021
11 0.406633 0.892706 0.031424 0.033482
13 0.235268 0.400148 0.043750 0.013021
13 0.324554 0.400052 0.070536 0.013021
13 0.367188 0.461589 0.190625 0.076823
13 0.474107 0.686198 0.008929 0.343750
13 0.507589 0.497396 0.043750 0.013021
13 0.572321 0.274740 0.008929 0.346354
13 0.637054 0.497396 0.043750 0.013021
13 0.704018 0.497396 0.043750 0.013021
13 0.768750 0.274740 0.008929 0.346354
13 0.842634 0.438802 0.062054 0.122396
13 0.643973 0.298828 0.459375 0.063802
13 0.909375 0.354469 0.043750 0.013021
