8 0.449590 0.055556 0.889344 0.095425
8 0.500000 0.308497 0.990164 0.326797
8 0.449590 0.761438 0.889344 0.461438
3 0.156557 0.308497 0.081967 0.104575
1 0.354918 0.308497 0.024590 0.039216
1 0.496721 0.210458 0.024590 0.039216
3 0.857377 0.308497 0.081967 0.104575
0 0.066393 0.308497 0.024590 0.039216
2 0.946721 0.308497 0.022951 0.036601
3 0.599180 0.210458 0.081967 0.104575
1 0.697541 0.210458 0.024590 0.039216
4 0.763115 0.308497 0.032787 0.052288
0 0.156557 0.877124 0.024590 0.039216
3 0.263115 0.877124 0.081967 0.104575
3 0.367213 0.609150 0.081967 0.104575
3 0.496721 0.877124 0.081967 0.104575
4 0.367213 0.877124 0.032787 0.052288
2 0.857377 0.739869 0.022951 0.036601
3 0.615574 0.877124 0.081967 0.104575
3 0.730328 0.877124 0.081967 0.104575
4 0.730328 0.739869 0.032787 0.052288
12 0.156557 0.609150 0.008197 0.501961
12 0.195492 0.877124 0.056557 0.013072
12 0.354918 0.442484 0.008197 0.233987
12 0.556967 0.308820 0.382787 0.013072
12 0.066393 0.196078 0.008197 0.190850
12 0.855328 0.179739 0.008197 0.158170
12 0.327459 0.877527 0.050000 0.013072
12 0.367437 0.756209 0.008197 0.194771
12 0.419672 0.877514 0.075410 0.013072
12 0.097131 0.308497 0.040164 0.013072
12 0.215984 0.308907 0.040164 0.013072
12 0.916803 0.308497 0.040164 0.013072
12 0.569467 0.661438 0.325820 0.109804
12 0.556148 0.877124 0.040164 0.013072
12 0.672951 0.877124 0.036066 0.013072
12 0.304918 0.308812 0.078689 0.013072
12 0.367828 0.246405 0.236475 0.077124
12 0.533607 0.210458 0.052459 0.013072
12 0.599180 0.130719 0.008197 0.060131
12 0.496721 0.527451 0.008197 0.600000
12 0.662705 0.210458 0.048361 0.013072
12 0.797951 0.308911 0.040164 0.013072
12 0.736680 0.246405 0.056967 0.077124
12 0.698596 0.527451 0.008197 0.600000
12 0.796311 0.740184 0.102459 0.013072
12 0.730573 0.795425 0.008197 0.064052
