8 0.365167 0.054000 0.630333 0.088000
8 0.344667 0.161667 0.589333 0.106667
8 0.237500 0.263667 0.375000 0.083333
0 0.073333 0.051667 0.010000 0.010000
3 0.110000 0.051667 0.033333 0.026667
3 0.235000 0.051667 0.033333 0.026667
3 0.283333 0.051667 0.033333 0.026667
3 0.557667 0.051667 0.033333 0.026667
3 0.624333 0.051667 0.033333 0.026667
3 0.158333 0.051667 0.033333 0.026667
2 0.660667 0.051667 0.009333 0.009333
3 0.186667 0.150000 0.033333 0.026667
3 0.235000 0.150000 0.033333 0.026667
3 0.283333 0.150000 0.033333 0.026667
1 0.158333 0.150000 0.010000 0.010000
1 0.405000 0.150000 0.010000 0.010000
3 0.441667 0.150000 0.033333 0.026667
3 0.557667 0.128333 0.033333 0.026667
3 0.557667 0.161667 0.033333 0.026667
3 0.340000 0.150000 0.033333 0.026667
1 0.504333 0.138167 0.010000 0.010000
1 0.504333 0.161667 0.010000 0.010000
2 0.594000 0.128333 0.009333 0.009333
1 0.283333 0.263667 0.010000 0.010000
3 0.320000 0.263667 0.033333 0.026667
1 0.405000 0.263667 0.010000 0.010000
3 0.368333 0.263667 0.033333 0.026667
