0 0.025547 0.167070 0.036496 0.072639
4 0.214112 0.167070 0.048662 0.096852
3 0.433090 0.167070 0.121655 0.193705
2 0.968370 0.324455 0.034063 0.067797
3 0.659367 0.736077 0.121655 0.193705
4 0.659367 0.324455 0.048662 0.096852
3 0.440389 0.493947 0.121655 0.193705
4 0.440389 0.736077 0.048662 0.096852
4 0.968370 0.736077 0.048662 0.096852
1 0.619599 0.167070 0.036496 0.072639
4 0.659367 0.493947 0.048662 0.096852
12 0.305353 0.167590 0.138686 0.024213
12 0.440597 0.639225 0.012165 0.106538
12 0.531630 0.736597 0.138686 0.024213
12 0.704684 0.884988 0.532238 0.210654
12 0.817518 0.325047 0.272506 0.024213
12 0.832117 0.736077 0.228710 0.024213
12 0.968978 0.523002 0.012165 0.338983
12 0.116788 0.167654 0.150852 0.024213
12 0.547634 0.167070 0.112300 0.024213
12 0.659976 0.409201 0.012165 0.082324
12 0.659579 0.590799 0.012165 0.106538
12 0.568127 0.494462 0.138686 0.024213
12 0.648911 0.221550 0.026995 0.118644
