8 0.500000 0.163342 0.991853 0.311721
8 0.500000 0.500000 0.991853 0.311721
8 0.500000 0.836658 0.991853 0.311721
0 0.054990 0.163342 0.020367 0.037406
3 0.129667 0.163342 0.067889 0.099751
3 0.279022 0.163342 0.067889 0.099751
1 0.207739 0.163342 0.020367 0.037406
3 0.475900 0.163342 0.067889 0.099751
1 0.370672 0.163342 0.020367 0.037406
1 0.414800 0.231920 0.020367 0.037406
1 0.475900 0.269327 0.020367 0.037406
3 0.618466 0.163342 0.067889 0.099751
1 0.543788 0.163342 0.020367 0.037406
3 0.791582 0.163342 0.067889 0.099751
1 0.716904 0.163342 0.020367 0.037406
3 0.890020 0.163342 0.067889 0.099751
2 0.964019 0.163342 0.019009 0.034913
3 0.139851 0.500000 0.067889 0.099751
3 0.279022 0.500000 0.067889 0.099751
0 0.065173 0.500000 0.020367 0.037406
1 0.279022 0.394015 0.020367 0.037406
3 0.391039 0.500000 0.067889 0.099751
1 0.543788 0.418953 0.020367 0.037406
1 0.207739 0.500000 0.020367 0.037406
3 0.506449 0.500000 0.067889 0.099751
1 0.506449 0.624688 0.020367 0.037406
3 0.645621 0.500000 0.067889 0.099751
1 0.574338 0.500000 0.020367 0.037406
3 0.828921 0.431421 0.067889 0.099751
4 0.740665 0.500000 0.027155 0.049875
3 0.828921 0.581047 0.067889 0.099751
1 0.767821 0.581047 0.020367 0.037406
2 0.916497 0.431421 0.019009 0.034913
1 0.645621 0.394015 0.020367 0.037406
1 0.916497 0.581047 0.020367 0.037406
0 0.065173 0.836658 0.020367 0.037406
3 0.234895 0.836658 0.067889 0.099751
3 0.441955 0.836658 0.067889 0.099751
2 0.512559 0.836658 0.019009 0.034913
13 0.080448 0.163342 0.033265 0.012469
13 0.180584 0.163342 0.036660 0.012469
13 0.231500 0.163342 0.029871 0.012469
13 0.090631 0.499377 0.033265 0.012469
13 0.428377 0.200748 0.029871 0.029925
13 0.475900 0.231920 0.006789 0.042394
13 0.382553 0.341022 0.189409 0.110973
13 0.336728 0.163342 0.050238 0.012469
13 0.335031 0.500000 0.046843 0.012469
13 0.543788 0.291147 0.006789 0.223192
13 0.185675 0.500000 0.026477 0.012469
13 0.231500 0.500000 0.029871 0.012469
13 0.217923 0.331671 0.308215 0.304239
13 0.411405 0.163342 0.063815 0.012469
13 0.311270 0.365960 0.209776 0.235661
13 0.279022 0.431421 0.006789 0.042394
13 0.569246 0.163342 0.033265 0.012469
13 0.462322 0.434539 0.145282 0.036160
13 0.448744 0.500000 0.050238 0.012469
13 0.506449 0.577930 0.006789 0.061097
13 0.138153 0.836658 0.128310 0.012469
13 0.338425 0.836658 0.141887 0.012469
13 0.280720 0.721322 0.433809 0.198254
13 0.552274 0.500000 0.026477 0.012469
13 0.598099 0.500000 0.029871 0.012469
13 0.703327 0.500377 0.050238 0.012469
13 0.749321 0.552993 0.019348 0.061097
13 0.786490 0.581047 0.019688 0.012469
13 0.791582 0.515898 0.077393 0.035536
13 0.767990 0.453242 0.056687 0.048628
13 0.884929 0.431421 0.046843 0.012469
13 0.645621 0.431421 0.006789 0.042394
13 0.679566 0.163342 0.057026 0.012469
13 0.742363 0.163342 0.033265 0.012469
13 0.884589 0.581047 0.046164 0.012469
13 0.681263 0.278678 0.073999 0.198254
13 0.489477 0.836658 0.029871 0.012469
13 0.548201 0.677681 0.054990 0.322943
13 0.521724 0.163342 0.026477 0.012469
13 0.840801 0.163342 0.033265 0.012469
13 0.939240 0.163342 0.033265 0.012469
13 0.839104 0.381546 0.247115 0.403990
11 0.013985 0.163342 0.009504 0.177155
11 0.071649 0.105362 0.046896 0.031421
11 0.130690 0.162843 0.033743 0.035411
11 0.280044 0.162843 0.040309 0.035411
11 0.208896 0.105362 0.059339 0.031421
11 0.475900 0.162843 0.034192 0.017456
11 0.618466 0.162843 0.040986 0.035411
11 0.791582 0.162843 0.040986 0.035411
11 0.890020 0.162843 0.037127 0.035411
11 0.013985 0.500000 0.009504 0.250779
11 0.140985 0.499501 0.055244 0.053367
11 0.279022 0.499501 0.054559 0.017456
11 0.392060 0.499501 0.052539 0.053367
11 0.506449 0.499501 0.040971 0.035411
11 0.645621 0.499501 0.032832 0.035411
11 0.830056 0.430923 0.053452 0.035411
11 0.830056 0.580549 0.050269 0.053367
11 0.013985 0.836658 0.009504 0.182142
11 0.235801 0.836160 0.050269 0.035411
11 0.442978 0.836160 0.046186 0.053367
