8 0.500017 0.151263 0.994100 0.286569
8 0.500017 0.483285 0.994100 0.232527
8 0.356397 0.859222 0.706860 0.266316
0 0.040059 0.174202 0.014837 0.039894
3 0.094461 0.174202 0.049456 0.106383
3 0.161227 0.174202 0.049456 0.106383
3 0.227992 0.174202 0.049456 0.106383
3 0.300692 0.174202 0.049456 0.106383
3 0.368942 0.174202 0.049456 0.106383
3 0.648368 0.174202 0.049456 0.106383
3 0.722943 0.174202 0.049456 0.106383
3 0.795351 0.174202 0.049456 0.106383
2 0.849357 0.174202 0.013848 0.037234
3 0.229476 0.534574 0.049456 0.106383
0 0.227992 0.426862 0.014837 0.039894
3 0.300692 0.534574 0.049456 0.106383
3 0.368942 0.533245 0.049456 0.106383
3 0.436904 0.534574 0.049456 0.106383
3 0.648368 0.534574 0.049456 0.106383
3 0.722943 0.534774 0.049456 0.106383
2 0.849357 0.533245 0.013848 0.037234
3 0.435707 0.898936 0.049456 0.106383
3 0.509891 0.901596 0.049456 0.106383
3 0.576657 0.901596 0.049456 0.106383
3 0.648368 0.901596 0.049456 0.106383
13 0.058605 0.174202 0.024233 0.013298
13 0.127844 0.174202 0.019288 0.013298
13 0.194609 0.174202 0.019288 0.013298
13 0.264342 0.174202 0.025223 0.013298
13 0.334817 0.174202 0.020772 0.013298
13 0.227992 0.317154 0.004946 0.184840
13 0.228505 0.464096 0.004946 0.039894
13 0.265084 0.534574 0.023739 0.013298
13 0.300692 0.354388 0.004946 0.259309
13 0.334817 0.533910 0.020772 0.013298
13 0.368942 0.353723 0.004946 0.257979
13 0.402923 0.533910 0.020485 0.013298
13 0.436306 0.716755 0.004946 0.263298
13 0.472799 0.900266 0.026706 0.013298
13 0.543274 0.901596 0.019288 0.013298
13 0.612512 0.901596 0.024233 0.013298
13 0.648368 0.718085 0.004946 0.265957
13 0.508655 0.174202 0.231949 0.013298
13 0.542636 0.534574 0.163986 0.013298
13 0.648368 0.354388 0.004946 0.259309
13 0.685655 0.174202 0.027097 0.013298
13 0.759147 0.174202 0.024931 0.013298
13 0.831256 0.174202 0.024332 0.013298
13 0.685655 0.534674 0.027097 0.013298
13 0.722943 0.354488 0.004946 0.259508
13 0.795052 0.534009 0.096741 0.013298
11 0.010188 0.151596 0.006924 0.034585
11 0.040071 0.204654 0.040578 0.015957
11 0.094461 0.173670 0.040245 0.037766
11 0.161972 0.173670 0.033986 0.056915
11 0.228736 0.173670 0.029364 0.037766
11 0.300692 0.173670 0.038436 0.018617
11 0.368942 0.173670 0.039588 0.037766
11 0.648368 0.173670 0.034970 0.018617
11 0.723046 0.173670 0.039427 0.018617
11 0.795252 0.173670 0.027046 0.037766
11 0.849411 0.203324 0.029187 0.015957
11 0.010188 0.483378 0.006924 0.086932
11 0.230220 0.534043 0.029364 0.037766
11 0.300692 0.534043 0.039745 0.018617
11 0.368942 0.532713 0.034644 0.037766
11 0.436696 0.534043 0.029846 0.037766
11 0.648368 0.534043 0.027763 0.037766
11 0.723046 0.534043 0.034644 0.037766
11 0.849503 0.571144 0.036296 0.033511
11 0.010188 0.859043 0.006924 0.036805
11 0.435707 0.898404 0.039603 0.056915
11 0.509891 0.901064 0.030347 0.037766
11 0.577235 0.901064 0.033978 0.056915
11 0.649112 0.901064 0.033159 0.037766
11 0.307041 0.376729 0.012697 0.018617
11 0.377767 0.376064 0.017652 0.018617
