8 0.500000 0.212121 0.993147 0.410774
8 0.500000 0.581930 0.993147 0.308642
8 0.500000 0.878788 0.993147 0.228956
0 0.036551 0.212121 0.017133 0.033670
3 0.099372 0.212121 0.057110 0.089787
11 0.099372 0.214927 0.052868 0.057239
3 0.177613 0.212121 0.057110 0.089787
11 0.177613 0.214927 0.051546 0.057239
3 0.297544 0.102132 0.057110 0.089787
11 0.297544 0.104938 0.054850 0.057239
5 0.246145 0.212121 0.022844 0.044893
3 0.314677 0.287318 0.057110 0.089787
11 0.314677 0.290123 0.052207 0.057239
5 0.385494 0.180696 0.022844 0.044893
3 0.451742 0.180696 0.057110 0.089787
11 0.451742 0.183502 0.048242 0.057239
1 0.500286 0.180696 0.017133 0.033670
11 0.500286 0.208263 0.044222 0.026235
3 0.563107 0.180696 0.057110 0.089787
11 0.563107 0.191077 0.062120 0.143098
1 0.628784 0.180696 0.017133 0.033670
11 0.628784 0.208263 0.019373 0.026235
1 0.670474 0.179574 0.017133 0.033670
1 0.697316 0.180696 0.017133 0.033670
3 0.751571 0.179574 0.057110 0.089787
11 0.751571 0.182379 0.052207 0.057239
3 0.862935 0.180696 0.057110 0.089787
11 0.862935 0.186027 0.070050 0.085859
2 0.925186 0.180696 0.015991 0.031425
1 0.808681 0.180696 0.017133 0.033670
11 0.808681 0.208263 0.031500 0.026235
1 0.046259 0.582492 0.017133 0.033670
3 0.109081 0.582492 0.057110 0.089787
11 0.109081 0.585297 0.047581 0.057239
3 0.246145 0.582492 0.057110 0.089787
11 0.246145 0.587823 0.048242 0.085859
3 0.391776 0.582492 0.057110 0.089787
11 0.391776 0.587823 0.067406 0.085859
3 0.477441 0.582492 0.057110 0.089787
11 0.477441 0.587823 0.077980 0.085859
1 0.594517 0.582492 0.017133 0.033670
11 0.594517 0.610059 0.037558 0.026235
1 0.328955 0.582492 0.017133 0.033670
1 0.543118 0.582492 0.017133 0.033670
3 0.648772 0.582492 0.057110 0.089787
11 0.648772 0.592873 0.076658 0.143098
1 0.697316 0.582492 0.017133 0.033670
11 0.697316 0.610059 0.025443 0.026235
2 0.979440 0.493827 0.015991 0.031425
3 0.751571 0.582492 0.057110 0.089787
11 0.751571 0.587823 0.075337 0.085859
5 0.842947 0.582492 0.022844 0.044893
1 0.862935 0.680135 0.017133 0.033670
11 0.862935 0.707702 0.061183 0.026235
1 0.808681 0.582492 0.017133 0.033670
11 0.808681 0.610059 0.044222 0.026235
3 0.925186 0.680135 0.057110 0.089787
11 0.925186 0.682941 0.042955 0.057239
1 0.925186 0.582492 0.017133 0.033670
1 0.046259 0.890011 0.017133 0.033670
3 0.109081 0.890011 0.057110 0.089787
11 0.109081 0.892817 0.059476 0.057239
3 0.254712 0.890011 0.057110 0.089787
11 0.254712 0.895342 0.048242 0.085859
1 0.183324 0.890011 0.017133 0.033670
3 0.331810 0.890011 0.057110 0.089787
11 0.331810 0.892817 0.048903 0.057239
3 0.414620 0.890011 0.057110 0.089787
11 0.414620 0.895342 0.059476 0.085859
1 0.477441 0.890011 0.017133 0.033670
11 0.477441 0.917579 0.061183 0.026235
2 0.519703 0.890011 0.015991 0.031425
13 0.057967 0.212121 0.027984 0.011223
13 0.138492 0.212121 0.023415 0.011223
13 0.220445 0.212470 0.030840 0.011223
13 0.277556 0.179854 0.042262 0.070146
13 0.271845 0.240475 0.030840 0.035717
13 0.364506 0.245230 0.044832 0.088664
13 0.355939 0.130191 0.061965 0.060606
13 0.410051 0.181051 0.028555 0.011223
13 0.486008 0.180696 0.013706 0.011223
13 0.067676 0.582492 0.027984 0.011223
13 0.177613 0.582492 0.082239 0.011223
13 0.350371 0.582492 0.027984 0.011223
13 0.297544 0.582492 0.047973 0.011223
13 0.521702 0.180696 0.027984 0.011223
13 0.434609 0.582492 0.030840 0.011223
13 0.605939 0.180696 0.030840 0.011223
13 0.414620 0.381594 0.173615 0.372615
13 0.632496 0.381033 0.071894 0.373737
13 0.649629 0.180135 0.026842 0.011223
13 0.520274 0.582492 0.030840 0.011223
13 0.586234 0.381594 0.080531 0.372615
13 0.611650 0.582492 0.019417 0.011223
13 0.683895 0.180135 0.011993 0.011223
13 0.714449 0.180341 0.019417 0.011223
13 0.790120 0.180331 0.022273 0.011223
13 0.825814 0.180696 0.019417 0.011223
13 0.904340 0.180696 0.027984 0.011223
13 0.683038 0.582492 0.013706 0.011223
13 0.714449 0.582492 0.019417 0.011223
13 0.907339 0.526936 0.130497 0.070707
13 0.853084 0.634119 0.021987 0.062851
13 0.790120 0.582492 0.022273 0.011223
13 0.824386 0.582747 0.016562 0.011223
13 0.884066 0.680135 0.027413 0.011223
13 0.925186 0.617284 0.005711 0.040404
13 0.956596 0.546016 0.047973 0.077441
13 0.697316 0.381594 0.005711 0.372615
13 0.869579 0.381594 0.109785 0.372615
13 0.067676 0.890011 0.027984 0.011223
13 0.560996 0.582492 0.052193 0.011223
13 0.156196 0.890011 0.039406 0.011223
13 0.209023 0.890011 0.036551 0.011223
13 0.293261 0.890011 0.022273 0.011223
13 0.373215 0.890011 0.027984 0.011223
13 0.456025 0.890011 0.027984 0.011223
13 0.670188 0.778823 0.370645 0.201866
13 0.498858 0.890011 0.027984 0.011223
13 0.496002 0.732571 0.610508 0.299315
