8 0.444384 0.152859 0.882289 0.291715
8 0.494060 0.502917 0.981641 0.291715
8 0.431637 0.847141 0.856795 0.291715
0 0.043737 0.152859 0.016199 0.035006
3 0.103132 0.152859 0.053996 0.093349
3 0.181425 0.152859 0.053996 0.093349
3 0.306155 0.152859 0.053996 0.093349
1 0.653888 0.152859 0.016199 0.035006
3 0.716523 0.152859 0.053996 0.093349
3 0.794816 0.152859 0.053996 0.093349
1 0.240821 0.152859 0.016199 0.035006
2 0.853672 0.152859 0.015119 0.032672
3 0.405508 0.152859 0.053996 0.093349
3 0.489201 0.152859 0.053996 0.093349
1 0.051836 0.502917 0.016199 0.035006
3 0.111231 0.502917 0.053996 0.093349
3 0.189525 0.502917 0.053996 0.093349
3 0.267819 0.502917 0.053996 0.093349
3 0.346112 0.502917 0.053996 0.093349
1 0.478402 0.502917 0.016199 0.035006
3 0.775378 0.502141 0.053996 0.093349
1 0.825324 0.408792 0.016199 0.035006
3 0.890119 0.408792 0.053996 0.093349
2 0.974622 0.408792 0.015119 0.032672
3 0.559935 0.503308 0.053996 0.093349
1 0.716523 0.503308 0.016199 0.035006
1 0.346112 0.870478 0.016199 0.035006
3 0.400108 0.870478 0.053996 0.093349
3 0.670086 0.870478 0.053996 0.093349
2 0.728942 0.870478 0.015119 0.032672
3 0.489201 0.870478 0.053996 0.093349
12 0.063985 0.152859 0.026458 0.011669
12 0.142279 0.152859 0.026458 0.011669
12 0.072084 0.502917 0.026458 0.011669
12 0.150378 0.502917 0.026458 0.011669
12 0.228672 0.502917 0.026458 0.011669
12 0.306965 0.502917 0.026458 0.011669
12 0.363661 0.870478 0.021058 0.011669
12 0.444654 0.870478 0.037257 0.011669
12 0.574244 0.672112 0.193844 0.308051
12 0.421706 0.502917 0.099352 0.011669
12 0.709233 0.870478 0.026458 0.011669
12 0.509719 0.503067 0.048596 0.011669
12 0.737176 0.441657 0.162257 0.080513
12 0.675756 0.152859 0.029698 0.011669
12 0.755670 0.152859 0.026458 0.011669
12 0.848272 0.408792 0.031857 0.011669
12 0.942090 0.408792 0.052106 0.011669
12 0.823569 0.272074 0.005670 0.243098
12 0.607262 0.313498 0.096814 0.290939
12 0.220572 0.152859 0.026458 0.011669
12 0.264039 0.152859 0.032397 0.011669
12 0.833963 0.152859 0.026458 0.011669
12 0.178996 0.342474 0.256479 0.290548
12 0.355832 0.152859 0.047516 0.011669
12 0.447354 0.152859 0.031857 0.011669
12 0.283018 0.329697 0.220140 0.264994
12 0.305130 0.328413 0.229914 0.262427
12 0.579644 0.870478 0.129050 0.011669
12 0.580994 0.152859 0.131749 0.011669
12 0.378510 0.327888 0.223542 0.261377
12 0.734755 0.567197 0.163320 0.134779
12 0.615011 0.503079 0.058315 0.011669
12 0.346652 0.701284 0.005400 0.308051
12 0.775378 0.378842 0.005400 0.157917
12 0.736501 0.502912 0.025918 0.011669
12 0.686555 0.503401 0.045896 0.011669
