8 0.154833 0.088000 0.289667 0.083333
8 0.154833 0.186333 0.289667 0.083333
8 0.154833 0.021333 0.289667 0.020000
0 0.040000 0.088000 0.010000 0.010000
1 0.171667 0.065000 0.010000 0.010000
2 0.241333 0.065000 0.009333 0.009333
1 0.145000 0.103667 0.010000 0.010000
1 0.241333 0.103667 0.010000 0.010000
2 0.277333 0.103667 0.009333 0.009333
1 0.203000 0.103667 0.010000 0.010000
1 0.071667 0.088000 0.010000 0.010000
0 0.040000 0.186333 0.010000 0.010000
3 0.081846 0.186333 0.033333 0.026667
4 0.113512 0.186333 0.013333 0.013333
2 0.171667 0.213000 0.009333 0.009333
1 0.145000 0.160000 0.010000 0.010000
3 0.198333 0.160000 0.033333 0.026667
2 0.241333 0.160000 0.009333 0.009333
