8 0.500000 0.500000 0.990559 0.971429
11 0.013375 0.500000 0.009441 0.168980
11 0.036979 0.500000 0.009441 0.192857
3 0.193548 0.121429 0.078678 0.190476
11 0.193548 0.116667 0.044307 0.028571
5 0.299764 0.121429 0.031471 0.095238
3 0.405980 0.121429 0.078678 0.190476
11 0.405980 0.116667 0.064943 0.057143
3 0.409913 0.454762 0.078678 0.190476
11 0.409913 0.450000 0.071013 0.057143
0 0.087333 0.121429 0.023603 0.071429
11 0.087333 0.175000 0.094582 0.026190
1 0.563336 0.454762 0.023603 0.071429
11 0.563336 0.508333 0.069546 0.026190
3 0.649882 0.454762 0.078678 0.190476
11 0.649882 0.450000 0.044307 0.057143
1 0.500393 0.776190 0.023603 0.071429
11 0.500393 0.829762 0.061200 0.026190
3 0.586939 0.776190 0.078678 0.190476
11 0.586939 0.771429 0.054018 0.057143
4 0.677419 0.776190 0.031471 0.095238
3 0.767899 0.776190 0.078678 0.190476
11 0.767899 0.771429 0.066157 0.085714
1 0.500393 0.264286 0.023603 0.071429
11 0.500393 0.317857 0.128521 0.026190
2 0.853659 0.121429 0.022030 0.066667
13 0.258458 0.122153 0.054288 0.023810
13 0.341070 0.122159 0.054288 0.023810
13 0.126672 0.121429 0.058222 0.023810
13 0.466955 0.455509 0.038552 0.023810
13 0.335366 0.315476 0.073564 0.302381
13 0.533832 0.455323 0.038552 0.023810
13 0.592840 0.454762 0.038552 0.023810
13 0.500584 0.621429 0.007868 0.247619
13 0.529898 0.776190 0.038552 0.023810
13 0.643981 0.776938 0.038552 0.023810
13 0.710858 0.776944 0.038552 0.023810
13 0.500577 0.353571 0.007868 0.116667
13 0.643981 0.121429 0.400472 0.023810
13 0.778914 0.354325 0.182533 0.208650
