8 0.500066 0.159367 0.992206 0.304136
8 0.500066 0.526277 0.992206 0.320195
8 0.500066 0.859063 0.992206 0.268005
3 0.126156 0.159367 0.066050 0.097324
3 0.221929 0.159367 0.066050 0.097324
3 0.413474 0.159367 0.066050 0.097324
3 0.509247 0.159367 0.066050 0.097324
3 0.799868 0.159367 0.066050 0.097324
3 0.895641 0.159367 0.066050 0.097324
2 0.967635 0.159367 0.018494 0.034063
1 0.581902 0.159367 0.019815 0.036496
1 0.631440 0.159367 0.019815 0.036496
3 0.704095 0.159367 0.066050 0.097324
0 0.053501 0.159367 0.019815 0.036496
1 0.317701 0.159367 0.019815 0.036496
0 0.053501 0.518248 0.019815 0.036496
3 0.126156 0.518248 0.066050 0.097324
3 0.221929 0.518248 0.066050 0.097324
3 0.317701 0.518248 0.066050 0.097324
3 0.413474 0.518248 0.066050 0.097324
3 0.509247 0.518248 0.066050 0.097324
1 0.581902 0.518248 0.019815 0.036496
3 0.654557 0.518248 0.066050 0.097324
3 0.842801 0.434307 0.066050 0.097324
3 0.842801 0.555961 0.066050 0.097324
1 0.776750 0.518248 0.019815 0.036496
1 0.730845 0.434307 0.019815 0.036496
2 0.967635 0.518248 0.018494 0.034063
0 0.053501 0.901460 0.019815 0.036496
3 0.126156 0.901460 0.066050 0.097324
3 0.221929 0.901460 0.066050 0.097324
3 0.317701 0.901460 0.066050 0.097324
2 0.967635 0.901460 0.018494 0.034063
12 0.078269 0.159367 0.032365 0.012165
12 0.174042 0.159367 0.032365 0.012165
12 0.461361 0.159367 0.032365 0.012165
12 0.557133 0.159367 0.032365 0.012165
12 0.606671 0.159367 0.032365 0.012165
12 0.847754 0.159367 0.032365 0.012165
12 0.943527 0.159367 0.032365 0.012165
12 0.233487 0.354015 0.362616 0.296837
12 0.078269 0.518248 0.032365 0.012165
12 0.174042 0.518248 0.032365 0.012165
12 0.354579 0.338808 0.289960 0.266423
12 0.376596 0.338808 0.289960 0.266423
12 0.269815 0.518248 0.032365 0.012165
12 0.365588 0.518248 0.032365 0.012165
12 0.461361 0.518248 0.032365 0.012165
12 0.557133 0.518248 0.032365 0.012165
12 0.497688 0.323601 0.171070 0.296837
12 0.273118 0.725061 0.441876 0.321168
12 0.078269 0.901460 0.032365 0.012165
12 0.174042 0.901460 0.032365 0.012165
12 0.269815 0.901460 0.032365 0.012165
12 0.654557 0.901460 0.610304 0.012165
12 0.449802 0.694647 0.266843 0.321168
12 0.606671 0.518248 0.032365 0.012165
12 0.642999 0.323601 0.025760 0.296837
12 0.702444 0.518630 0.032365 0.012165
12 0.656209 0.159367 0.032365 0.012165
12 0.751982 0.159367 0.032365 0.012165
12 0.730845 0.473236 0.006605 0.046229
12 0.755284 0.518533 0.025760 0.012165
12 0.775264 0.434307 0.071664 0.012165
12 0.793263 0.546229 0.035667 0.024331
12 0.821334 0.296837 0.045575 0.182482
12 0.709214 0.312044 0.045905 0.212895
12 0.917107 0.476277 0.085205 0.088808
12 0.807959 0.595377 0.156869 0.110949
12 0.281374 0.159367 0.055482 0.012165
12 0.354029 0.159367 0.055482 0.012165
