8 0.500000 0.337822 0.990431 0.462529
11 0.013557 0.363397 0.019139 0.289850
8 0.501994 0.042155 0.986443 0.070258
11 0.501994 0.043033 0.327580 0.049766
8 0.501994 0.807377 0.986443 0.371194
11 0.017544 0.834646 0.019139 0.309046
0 0.080542 0.252927 0.023923 0.035129
11 0.080542 0.281689 0.134492 0.027371
2 0.387600 0.146370 0.022329 0.032787
11 0.387600 0.173961 0.056673 0.027371
1 0.387600 0.252927 0.023923 0.035129
11 0.387600 0.281689 0.056673 0.027371
1 0.466507 0.338407 0.023923 0.035129
1 0.561284 0.437939 0.023923 0.035129
2 0.466507 0.146370 0.022329 0.032787
11 0.466507 0.173961 0.133647 0.027371
2 0.554226 0.146370 0.022329 0.032787
11 0.554226 0.173961 0.090508 0.027371
3 0.183931 0.252518 0.079745 0.093677
11 0.183931 0.252810 0.093199 0.029859
0 0.068581 0.709602 0.023923 0.035129
11 0.068581 0.738364 0.089662 0.027371
3 0.156300 0.709602 0.079745 0.093677
11 0.156300 0.709895 0.098735 0.029859
2 0.370813 0.709602 0.022329 0.032787
11 0.370813 0.737193 0.129417 0.027371
3 0.467305 0.932084 0.079745 0.093677
11 0.467305 0.935012 0.098735 0.059719
2 0.466507 0.820843 0.022329 0.032787
11 0.466507 0.848434 0.133647 0.027371
2 0.554226 0.932084 0.022329 0.032787
11 0.554226 0.959675 0.146335 0.027371
4 0.244019 0.709602 0.031898 0.046838
3 0.314195 0.820843 0.079745 0.093677
11 0.314195 0.823770 0.099658 0.059719
13 0.098485 0.709602 0.039075 0.011710
13 0.212121 0.709973 0.035088 0.011710
13 0.525120 0.932084 0.039075 0.011710
13 0.080542 0.156323 0.007974 0.162763
13 0.384789 0.490047 0.008812 0.443794
13 0.333692 0.253211 0.087081 0.011710
13 0.466507 0.580211 0.007974 0.453162
13 0.387600 0.103630 0.007974 0.057377
13 0.365371 0.307377 0.181539 0.066745
13 0.387600 0.199063 0.007974 0.077283
13 0.466507 0.241803 0.007974 0.162763
13 0.466507 0.103630 0.007974 0.057377
13 0.557356 0.685597 0.007974 0.464871
13 0.412759 0.357143 0.276316 0.166276
13 0.554226 0.103630 0.007974 0.057377
13 0.557755 0.291569 0.010247 0.262295
13 0.118281 0.252778 0.054745 0.011710
13 0.241826 0.252776 0.039234 0.011710
13 0.126256 0.495697 0.118541 0.397365
13 0.309809 0.709602 0.102871 0.011710
