8 0.234667 0.056667 0.439333 0.083333
8 0.286333 0.169667 0.542667 0.112667
8 0.115000 0.293000 0.200000 0.083333
0 0.045000 0.056667 0.010000 0.010000
3 0.081667 0.056667 0.033333 0.026667
3 0.130000 0.056667 0.033333 0.026667
3 0.203333 0.056667 0.033333 0.026667
3 0.251667 0.056667 0.033333 0.026667
1 0.288333 0.056667 0.010000 0.010000
1 0.313333 0.056667 0.010000 0.010000
3 0.350000 0.056667 0.033333 0.026667
3 0.398333 0.056667 0.033333 0.026667
2 0.434667 0.056667 0.009333 0.009333
1 0.166667 0.056667 0.010000 0.010000
0 0.045000 0.155000 0.010000 0.010000
3 0.081667 0.155000 0.033333 0.026667
3 0.130000 0.155000 0.033333 0.026667
3 0.178333 0.155000 0.033333 0.026667
3 0.226667 0.155000 0.033333 0.026667
3 0.275000 0.155000 0.033333 0.026667
1 0.311667 0.155000 0.010000 0.010000
3 0.381667 0.155000 0.033333 0.026667
1 0.465000 0.155000 0.010000 0.010000
3 0.501667 0.155000 0.033333 0.026667
2 0.544667 0.155000 0.009333 0.009333
1 0.465000 0.188333 0.010000 0.010000
4 0.338333 0.155000 0.013333 0.013333
0 0.045000 0.293000 0.010000 0.010000
3 0.081667 0.293000 0.033333 0.026667
3 0.130000 0.293000 0.033333 0.026667
2 0.166333 0.293000 0.009333 0.009333
