8 0.500000 0.500000 0.988981 0.976096
0 0.101928 0.274900 0.027548 0.059761
3 0.216713 0.274900 0.091827 0.159363
4 0.322314 0.274900 0.036731 0.079681
3 0.464646 0.274900 0.091827 0.159363
3 0.464646 0.808765 0.091827 0.159363
2 0.569330 0.808765 0.025712 0.055777
1 0.639118 0.442231 0.027548 0.059761
3 0.730946 0.442231 0.091827 0.159363
4 0.836547 0.442231 0.036731 0.079681
1 0.639118 0.274900 0.027548 0.059761
2 0.936639 0.442231 0.025712 0.055777
2 0.730946 0.274900 0.025712 0.055777
1 0.639118 0.639442 0.027548 0.059761
3 0.836547 0.639442 0.091827 0.159363
2 0.936639 0.639442 0.025712 0.055777
13 0.143251 0.274900 0.058770 0.019920
13 0.283287 0.275526 0.044995 0.019920
13 0.379706 0.275497 0.081726 0.019920
13 0.370753 0.561753 0.099633 0.501992
13 0.533517 0.808765 0.049587 0.019920
13 0.531221 0.275526 0.044995 0.019920
13 0.598026 0.378486 0.058310 0.135458
13 0.668962 0.442231 0.035813 0.019920
13 0.797521 0.442856 0.044995 0.019920
13 0.889348 0.442704 0.072544 0.019920
13 0.606979 0.275368 0.040404 0.019920
13 0.685491 0.274900 0.068871 0.019920
13 0.598026 0.477092 0.058310 0.332669
13 0.721763 0.639442 0.141414 0.019920
13 0.836825 0.520916 0.009183 0.085657
13 0.903122 0.639442 0.044995 0.019920
11 0.018916 0.500000 0.012856 0.162751
11 0.102201 0.346813 0.068497 0.076494
11 0.216713 0.274104 0.075637 0.027888
11 0.361405 0.308566 0.056144 0.023904
11 0.464646 0.274104 0.075150 0.056574
11 0.464646 0.807968 0.047460 0.056574
11 0.639562 0.487849 0.072512 0.023904
11 0.732327 0.441434 0.065829 0.056574
11 0.883731 0.475896 0.066819 0.023904
11 0.639083 0.320518 0.082573 0.023904
11 0.640030 0.698207 0.078957 0.050199
11 0.837934 0.638645 0.059444 0.085259
11 0.937808 0.696215 0.055599 0.050199
11 0.352445 0.246813 0.010675 0.023904
11 0.309745 0.264741 0.020776 0.023904
11 0.866678 0.414143 0.010675 0.023904
