8 0.500000 0.500000 0.991170 0.984887
11 0.034584 0.500000 0.008830 0.102015
0 0.074319 0.282219 0.022075 0.037783
11 0.075055 0.239398 0.054115 0.027708
3 0.155261 0.282116 0.073584 0.100756
11 0.155261 0.279597 0.041438 0.015113
4 0.232524 0.281696 0.029433 0.050378
11 0.233260 0.328296 0.032356 0.030227
1 0.416483 0.281696 0.022075 0.037783
11 0.416483 0.316961 0.081693 0.027708
1 0.604121 0.282219 0.022075 0.037783
11 0.604121 0.317483 0.046310 0.027708
3 0.685063 0.282219 0.073584 0.100756
11 0.685063 0.279700 0.041438 0.030227
3 0.320824 0.282219 0.073584 0.100756
11 0.320824 0.279700 0.053359 0.045340
1 0.604121 0.603275 0.022075 0.037783
11 0.604121 0.631612 0.079612 0.013854
2 0.934511 0.281696 0.020603 0.035264
11 0.935247 0.240134 0.044749 0.027708
1 0.604121 0.420655 0.022075 0.037783
11 0.604121 0.448992 0.064522 0.013854
3 0.685063 0.420655 0.073584 0.100756
11 0.685063 0.418136 0.039167 0.030227
4 0.802060 0.420655 0.029433 0.050378
11 0.802796 0.370277 0.059035 0.030227
3 0.802060 0.603275 0.073584 0.100756
11 0.802060 0.600756 0.048250 0.045340
4 0.883738 0.420655 0.029433 0.050378
4 0.883738 0.281802 0.029433 0.050378
4 0.685063 0.603275 0.029433 0.050378
11 0.655629 0.555416 0.034059 0.030227
4 0.883738 0.603275 0.029433 0.050378
13 0.101913 0.282184 0.036056 0.012594
13 0.204930 0.282250 0.028698 0.012594
13 0.265637 0.282286 0.039735 0.012594
11 0.256800 0.264665 0.007386 0.015122
13 0.631714 0.282219 0.036056 0.012594
13 0.381531 0.281887 0.050773 0.012594
13 0.456586 0.282245 0.061074 0.012594
13 0.795438 0.282337 0.150110 0.012594
13 0.631714 0.420655 0.036056 0.012594
13 0.754599 0.421028 0.068433 0.012594
13 0.853937 0.603673 0.033112 0.012594
13 0.911332 0.282035 0.028698 0.012594
13 0.558499 0.195687 0.654157 0.126891
11 0.219142 0.180101 0.016462 0.015113
13 0.884106 0.351229 0.007358 0.093512
13 0.551991 0.364031 0.085128 0.118285
13 0.554084 0.282524 0.080942 0.012594
13 0.842899 0.421285 0.055188 0.012594
11 0.826353 0.403652 0.007379 0.015113
13 0.802270 0.499370 0.007358 0.112091
11 0.792028 0.421714 0.008887 0.028228
13 0.642752 0.603574 0.058131 0.012594
13 0.546909 0.455341 0.095291 0.300905
13 0.732524 0.603650 0.068433 0.012594
11 0.713822 0.586119 0.016489 0.015202
13 0.884106 0.511965 0.007358 0.137280
13 0.784768 0.673174 0.201619 0.094458
11 0.675129 0.612073 0.008830 0.012630
