0 0.030899 0.132948 0.021067 0.086705
11 0.030899 0.203938 0.291994 0.067558
3 0.297753 0.132948 0.070225 0.231214
11 0.297753 0.146676 0.092636 0.221098
1 0.452247 0.132948 0.021067 0.086705
11 0.452247 0.203938 0.081937 0.067558
1 0.378511 0.855491 0.021067 0.086705
11 0.378511 0.926481 0.160895 0.067558
3 0.455758 0.855491 0.070225 0.231214
11 0.455758 0.862717 0.069884 0.147399
4 0.525983 0.855491 0.028090 0.115607
11 0.569382 0.909682 0.108076 0.073699
3 0.624298 0.855491 0.070225 0.231214
11 0.624298 0.862717 0.069884 0.147399
3 0.845506 0.855491 0.070225 0.231214
11 0.845506 0.862717 0.052006 0.147399
3 0.518961 0.132948 0.070225 0.231214
11 0.518961 0.140173 0.072321 0.147399
4 0.599719 0.132948 0.028090 0.115607
11 0.660724 0.187139 0.160895 0.073699
3 0.845506 0.132948 0.070225 0.231214
11 0.845506 0.153179 0.070696 0.294798
2 0.964185 0.132948 0.019663 0.080925
11 0.964185 0.201048 0.149722 0.067558
4 0.719101 0.132948 0.028090 0.115607
4 0.719101 0.855491 0.028090 0.115607
3 0.097612 0.132948 0.070225 0.231214
11 0.097612 0.133671 0.059320 0.073699
4 0.178371 0.132948 0.028090 0.115607
11 0.242085 0.187139 0.169021 0.073699
1 0.378511 0.132948 0.021067 0.086705
2 0.922051 0.855491 0.019663 0.080925
11 0.922051 0.923591 0.112477 0.067558
13 0.404846 0.855491 0.034410 0.028902
13 0.501404 0.856426 0.023876 0.028902
13 0.564607 0.856372 0.051966 0.028902
11 0.549357 0.822657 0.016041 0.073937
13 0.473315 0.132948 0.023876 0.028902
13 0.569874 0.133855 0.034410 0.028902
13 0.623069 0.494220 0.196278 0.618497
11 0.516503 0.753664 0.016854 0.142135
13 0.771770 0.133793 0.080056 0.028902
13 0.659410 0.134393 0.094101 0.028902
11 0.627508 0.100434 0.024679 0.073699
13 0.682233 0.856371 0.048455 0.028902
13 0.682233 0.856371 0.048455 0.028902
13 0.771770 0.856337 0.080056 0.028902
13 0.658883 0.494220 0.120435 0.618497
11 0.590239 0.157876 0.016854 0.066329
13 0.051966 0.132948 0.023876 0.028902
13 0.148525 0.133855 0.034410 0.028902
13 0.227528 0.132948 0.073034 0.028902
11 0.201492 0.098988 0.016011 0.073699
13 0.350421 0.132948 0.037921 0.028902
13 0.415379 0.132948 0.055478 0.028902
13 0.378511 0.494220 0.007022 0.647399
13 0.917486 0.132948 0.076545 0.028902
13 0.896419 0.855491 0.034410 0.028902
