8 0.227167 0.099167 0.384333 0.158333
9 0.232167 0.048500 0.374333 0.057000
9 0.232167 0.099167 0.374333 0.044333
9 0.232167 0.149833 0.374333 0.057000
0 0.055000 0.048667 0.010000 0.010000
3 0.093833 0.048667 0.037667 0.026667
4 0.159000 0.048667 0.013333 0.013333
3 0.194333 0.029167 0.027333 0.017667
3 0.194333 0.068500 0.027333 0.017667
3 0.236667 0.029167 0.027333 0.017667
3 0.279000 0.029167 0.027333 0.017667
4 0.236667 0.068667 0.013333 0.013333
5 0.130667 0.048667 0.013333 0.013333
3 0.236667 0.105667 0.033333 0.026667
3 0.130667 0.150000 0.033333 0.026667
3 0.363333 0.150000 0.033333 0.026667
2 0.399667 0.150000 0.009333 0.009333
5 0.325000 0.150000 0.013333 0.013333
