0 0.030899 0.132948 0.021067 0.086705
3 0.297753 0.132948 0.070225 0.231214
1 0.452247 0.132948 0.021067 0.086705
1 0.378511 0.855491 0.021067 0.086705
3 0.455758 0.855491 0.070225 0.231214
4 0.525983 0.855491 0.028090 0.115607
3 0.624298 0.855491 0.070225 0.231214
3 0.845506 0.855491 0.070225 0.231214
3 0.518961 0.132948 0.070225 0.231214
4 0.599719 0.132948 0.028090 0.115607
3 0.845506 0.132948 0.070225 0.231214
2 0.964185 0.132948 0.019663 0.080925
4 0.719101 0.132948 0.028090 0.115607
4 0.719101 0.855491 0.028090 0.115607
3 0.097612 0.132948 0.070225 0.231214
4 0.178371 0.132948 0.028090 0.115607
1 0.378511 0.132948 0.021067 0.086705
2 0.922051 0.855491 0.019663 0.080925
12 0.404846 0.855491 0.034410 0.028902
12 0.501404 0.856426 0.023876 0.028902
12 0.564607 0.856372 0.051966 0.028902
12 0.473315 0.132948 0.023876 0.028902
12 0.569874 0.133855 0.034410 0.028902
12 0.623069 0.494220 0.196278 0.618497
12 0.771770 0.133793 0.080056 0.028902
12 0.659410 0.134393 0.094101 0.028902
12 0.682233 0.856371 0.048455 0.028902
12 0.682233 0.856371 0.048455 0.028902
12 0.771770 0.856337 0.080056 0.028902
12 0.658883 0.494220 0.120435 0.618497
12 0.051966 0.132948 0.023876 0.028902
12 0.148525 0.133855 0.034410 0.028902
12 0.227528 0.132948 0.073034 0.028902
12 0.350421 0.132948 0.037921 0.028902
12 0.415379 0.132948 0.055478 0.028902
12 0.378511 0.494220 0.007022 0.647399
12 0.917486 0.132948 0.076545 0.028902
12 0.896419 0.855491 0.034410 0.028902
