8 0.500000 0.500000 0.991875 0.988142
11 0.011510 0.533874 0.016249 0.383904
9 0.510156 0.376482 0.971564 0.247036
11 0.031821 0.387488 0.016249 0.124728
9 0.510156 0.623518 0.971564 0.247036
11 0.031821 0.633237 0.016249 0.110150
9 0.510156 0.129447 0.971564 0.247036
11 0.031821 0.142024 0.016249 0.142547
9 0.510156 0.870553 0.971564 0.247036
11 0.031821 0.883846 0.016249 0.150646
0 0.092079 0.376482 0.020311 0.029644
11 0.092079 0.400753 0.140758 0.023098
5 0.146242 0.376482 0.027082 0.039526
4 0.369668 0.376482 0.027082 0.039526
3 0.217332 0.376482 0.067705 0.079051
11 0.217332 0.378953 0.056408 0.050395
3 0.298578 0.376482 0.067705 0.079051
11 0.298578 0.378953 0.061108 0.050395
3 0.430603 0.430830 0.067705 0.079051
11 0.430603 0.433300 0.053274 0.050395
3 0.580474 0.430830 0.067705 0.079051
11 0.580474 0.433300 0.057191 0.050395
3 0.678076 0.430830 0.067705 0.079051
11 0.678076 0.433300 0.066593 0.050395
4 0.755586 0.430830 0.027082 0.039526
6 0.430603 0.317194 0.027082 0.039526
11 0.484196 0.335721 0.139453 0.025198
6 0.755586 0.317194 0.027082 0.039526
3 0.678076 0.317194 0.067705 0.079051
11 0.678076 0.321887 0.088529 0.075593
3 0.510494 0.623518 0.067705 0.079051
11 0.510494 0.625988 0.047006 0.050395
3 0.510494 0.129447 0.067705 0.079051
11 0.510494 0.131917 0.072077 0.050395
3 0.510494 0.870553 0.067705 0.079051
11 0.510494 0.870800 0.088529 0.025198
3 0.826676 0.870553 0.067705 0.079051
11 0.826676 0.875247 0.066593 0.075593
5 0.755586 0.870553 0.027082 0.039526
2 0.924171 0.870553 0.018957 0.027668
11 0.924171 0.893836 0.146504 0.023098
13 0.117468 0.376712 0.033175 0.009881
13 0.311611 0.633399 0.332769 0.478261
13 0.171632 0.376801 0.026405 0.009881
13 0.629275 0.430830 0.032605 0.009881
13 0.726986 0.431140 0.032825 0.009881
13 0.344279 0.376798 0.026405 0.009881
13 0.257955 0.376482 0.016249 0.009881
13 0.780975 0.870872 0.026405 0.009881
13 0.650135 0.213439 0.214286 0.171937
13 0.643196 0.870820 0.200406 0.009881
13 0.755924 0.374012 0.006770 0.078063
13 0.887610 0.870553 0.056872 0.009881
13 0.383378 0.413538 0.029452 0.038538
11 0.360528 0.372618 0.016249 0.106910
13 0.453791 0.213439 0.048409 0.171937
13 0.393534 0.337204 0.049763 0.042984
11 0.360528 0.341430 0.016249 0.050215
13 0.726986 0.317504 0.032825 0.009881
13 0.544183 0.317461 0.202788 0.009881
11 0.460759 0.306026 0.033705 0.025293
13 0.755924 0.650692 0.006770 0.404150
13 0.453622 0.546937 0.048747 0.157115
13 0.562410 0.546937 0.038836 0.157115
