0 0.030935 0.346749 0.021583 0.092879
11 0.030935 0.422794 0.128201 0.072368
3 0.110072 0.346749 0.071942 0.247678
11 0.110072 0.347523 0.089908 0.078947
3 0.275540 0.346749 0.071942 0.247678
11 0.275540 0.354489 0.089075 0.157895
3 0.685612 0.346749 0.071942 0.247678
11 0.685612 0.354489 0.060771 0.157895
4 0.192806 0.346749 0.028777 0.123839
4 0.779137 0.346749 0.028777 0.123839
1 0.541727 0.346749 0.021583 0.092879
11 0.541727 0.422794 0.115229 0.072368
1 0.451799 0.346749 0.021583 0.092879
1 0.484173 0.640867 0.021583 0.092879
11 0.484173 0.716912 0.067916 0.072368
1 0.484173 0.857585 0.021583 0.092879
11 0.484173 0.933630 0.082415 0.072368
4 0.656835 0.640867 0.028777 0.123839
3 0.815108 0.857585 0.071942 0.247678
11 0.815108 0.872291 0.072425 0.236842
3 0.577698 0.640867 0.071942 0.247678
11 0.577698 0.648607 0.074090 0.157895
4 0.656835 0.857585 0.028777 0.123839
3 0.379856 0.346749 0.071942 0.247678
11 0.379856 0.361455 0.083248 0.236842
3 0.861871 0.346749 0.071942 0.247678
11 0.861871 0.354489 0.053279 0.157895
2 0.969065 0.346749 0.020144 0.086687
11 0.969065 0.419698 0.128201 0.072368
2 0.936691 0.857585 0.020144 0.086687
11 0.936691 0.930534 0.077073 0.072368
13 0.057914 0.346749 0.035252 0.030960
13 0.162230 0.347721 0.035252 0.030960
13 0.743165 0.347698 0.046043 0.030960
13 0.601079 0.346749 0.100000 0.030960
13 0.462590 0.625387 0.024460 0.476780
13 0.518345 0.640867 0.049640 0.030960
13 0.628058 0.641847 0.031655 0.030960
13 0.725360 0.525542 0.111151 0.246130
11 0.704173 0.606037 0.081583 0.078947
13 0.568705 0.858341 0.150360 0.030960
13 0.657194 0.749226 0.007194 0.105263
13 0.327698 0.346749 0.035252 0.030960
13 0.428417 0.346749 0.028058 0.030960
13 0.496763 0.346749 0.071223 0.030960
13 0.467986 0.493808 0.025028 0.213622
13 0.223381 0.346749 0.035252 0.030960
11 0.216492 0.310372 0.016403 0.078947
13 0.486331 0.151703 0.589209 0.278638
11 0.183094 0.237671 0.017266 0.152256
13 0.809712 0.347729 0.035252 0.030960
13 0.928417 0.346749 0.064029 0.030960
13 0.888849 0.857585 0.078417 0.030960
13 0.725180 0.858467 0.110791 0.030960
