8 0.500000 0.500000 0.991842 0.977819
0 0.075459 0.205176 0.020394 0.055453
3 0.150238 0.205176 0.067981 0.147874
4 0.262407 0.205176 0.027192 0.073937
3 0.340585 0.205176 0.067981 0.147874
3 0.439157 0.205176 0.067981 0.147874
3 0.340585 0.399261 0.067981 0.147874
2 0.439157 0.399261 0.019035 0.051756
1 0.589395 0.205176 0.020394 0.055453
1 0.640381 0.066543 0.020394 0.055453
3 0.715160 0.085028 0.067981 0.147874
4 0.793338 0.085028 0.027192 0.073937
3 0.871516 0.085028 0.067981 0.147874
3 0.877634 0.358595 0.067981 0.147874
1 0.589395 0.584104 0.020394 0.055453
3 0.779062 0.584104 0.067981 0.147874
3 0.877634 0.584104 0.067981 0.147874
2 0.951734 0.085028 0.019035 0.051756
2 0.951734 0.358595 0.019035 0.051756
2 0.951734 0.584104 0.019035 0.051756
13 0.100952 0.205176 0.033311 0.018484
13 0.216519 0.205720 0.067301 0.018484
13 0.389871 0.205176 0.033311 0.018484
13 0.402107 0.399261 0.057784 0.018484
13 0.665927 0.066543 0.033417 0.018484
13 0.764446 0.085608 0.033311 0.018484
13 0.923861 0.085028 0.039429 0.018484
13 0.716519 0.295749 0.256968 0.133087
13 0.926920 0.358595 0.033311 0.018484
13 0.488443 0.205756 0.033311 0.018484
13 0.574779 0.115527 0.113528 0.105360
13 0.548436 0.413124 0.064242 0.349353
13 0.672332 0.584104 0.148199 0.018484
13 0.828348 0.584104 0.033311 0.018484
13 0.926920 0.584104 0.033311 0.018484
13 0.555065 0.203327 0.046227 0.018484
13 0.284670 0.320702 0.046567 0.164510
13 0.291298 0.205761 0.033311 0.018484
13 0.822230 0.085613 0.033311 0.018484
13 0.793338 0.240296 0.006798 0.243993
11 0.014004 0.500000 0.009517 0.151019
11 0.076213 0.259704 0.058612 0.046580
11 0.150238 0.204436 0.038764 0.025878
11 0.301851 0.236414 0.059855 0.022181
11 0.340585 0.204436 0.055634 0.079113
11 0.440180 0.204436 0.055543 0.052495
11 0.340585 0.385213 0.038310 0.052495
11 0.438870 0.451941 0.041575 0.046580
11 0.589368 0.259704 0.048893 0.046580
11 0.641671 0.121072 0.044729 0.046580
11 0.716182 0.084288 0.048734 0.052495
11 0.793598 0.021996 0.049467 0.022181
11 0.871516 0.084288 0.038310 0.052495
11 0.877634 0.357856 0.041030 0.052495
11 0.589528 0.626433 0.042414 0.022181
11 0.779062 0.570055 0.046487 0.052495
11 0.877634 0.583364 0.038310 0.052495
11 0.951447 0.137708 0.041575 0.046580
11 0.951500 0.399076 0.047119 0.022181
11 0.952488 0.636784 0.043657 0.046580
11 0.263299 0.310351 0.015381 0.022181
11 0.284713 0.179113 0.007903 0.022181
11 0.815644 0.058965 0.007903 0.022181
