8 0.242167 0.040000 0.414333 0.020000
8 0.310167 0.120000 0.550333 0.110000
8 0.325333 0.252833 0.570667 0.095667
0 0.055000 0.095000 0.010000 0.010000
3 0.091667 0.095000 0.033333 0.026667
3 0.140000 0.095000 0.033333 0.026667
1 0.427333 0.095000 0.010000 0.010000
5 0.260667 0.131333 0.013333 0.013333
3 0.295500 0.120000 0.022333 0.018000
3 0.295667 0.141667 0.026667 0.013333
5 0.329000 0.131333 0.013333 0.013333
1 0.366667 0.131333 0.010000 0.010000
1 0.210000 0.095000 0.010000 0.010000
1 0.210000 0.120000 0.010000 0.010000
3 0.242333 0.153813 0.033333 0.026667
3 0.118333 0.253000 0.033333 0.026667
0 0.070000 0.253000 0.010000 0.010000
1 0.283333 0.253000 0.010000 0.010000
4 0.156667 0.253000 0.013333 0.013333
3 0.283333 0.283333 0.033333 0.026667
1 0.329000 0.283333 0.010000 0.010000
1 0.210000 0.283333 0.010000 0.010000
2 0.349667 0.283333 0.009333 0.009333
2 0.310333 0.253000 0.009333 0.009333
10 0.118333 0.131167 0.029333 0.032333
