8 0.264167 0.084500 0.528333 0.115667
8 0.264167 0.200167 0.528333 0.115667
8 0.264167 0.315833 0.528333 0.115667
0 0.035000 0.084667 0.010000 0.010000
3 0.065000 0.084667 0.033333 0.026667
3 0.126667 0.084667 0.033333 0.026667
1 0.098333 0.084667 0.010000 0.010000
1 0.156667 0.084667 0.010000 0.010000
1 0.178333 0.084667 0.010000 0.010000
3 0.206667 0.084667 0.033333 0.026667
1 0.240000 0.084667 0.010000 0.010000
3 0.295000 0.084667 0.033333 0.026667
1 0.257000 0.084667 0.010000 0.010000
3 0.400076 0.084667 0.033333 0.026667
1 0.340435 0.084667 0.010000 0.010000
3 0.453935 0.084667 0.033333 0.026667
2 0.502461 0.084667 0.009333 0.009333
3 0.098000 0.175000 0.033333 0.026667
0 0.033333 0.175000 0.010000 0.010000
3 0.156333 0.175000 0.033333 0.026667
3 0.198333 0.175000 0.033333 0.026667
3 0.248333 0.175000 0.033333 0.026667
3 0.288333 0.175000 0.033333 0.026667
3 0.347397 0.175000 0.033333 0.026667
3 0.397333 0.175000 0.033333 0.026667
1 0.390666 0.188013 0.010000 0.010000
3 0.433935 0.218307 0.033333 0.026667
2 0.502461 0.175000 0.009333 0.009333
3 0.448576 0.175000 0.033333 0.026667
4 0.472269 0.218307 0.013333 0.013333
1 0.319782 0.175000 0.010000 0.010000
0 0.023333 0.300000 0.010000 0.010000
3 0.071667 0.300000 0.033333 0.026667
3 0.126474 0.300000 0.033333 0.026667
3 0.177718 0.300000 0.033333 0.026667
1 0.224615 0.300000 0.010000 0.010000
2 0.502461 0.300000 0.009333 0.009333
