3 0.066667 0.088333 0.033333 0.026667
0 0.025000 0.088333 0.010000 0.010000
4 0.146667 0.088333 0.013333 0.013333
3 0.216667 0.088333 0.033333 0.026667
3 0.190833 0.143333 0.041667 0.022667
4 0.291667 0.143333 0.013333 0.013333
3 0.321667 0.183333 0.033333 0.026667
5 0.111667 0.088129 0.013333 0.013333
3 0.291667 0.233333 0.033333 0.026667
4 0.346667 0.143396 0.013333 0.013333
3 0.501667 0.088333 0.033333 0.026667
3 0.281667 0.088333 0.033333 0.026667
3 0.346667 0.088333 0.033333 0.026667
4 0.386667 0.088333 0.013333 0.013333
5 0.436667 0.088129 0.013333 0.013333
2 0.549667 0.088333 0.009333 0.009333
