8 0.500000 0.325365 0.989787 0.397596
11 0.014468 0.352734 0.020426 0.310191
8 0.500000 0.045113 0.989787 0.075188
11 0.500000 0.046053 0.359453 0.053258
8 0.500000 0.781682 0.989787 0.422306
11 0.014468 0.810864 0.020426 0.330733
0 0.064532 0.319902 0.025532 0.037594
11 0.064532 0.360159 0.095690 0.058584
3 0.162553 0.319902 0.085106 0.100251
11 0.162553 0.325855 0.111283 0.095865
1 0.741277 0.219652 0.025532 0.037594
11 0.741277 0.180961 0.055067 0.058584
1 0.473191 0.420153 0.025532 0.037594
11 0.473191 0.377155 0.095690 0.087876
3 0.851915 0.219652 0.085106 0.100251
11 0.851915 0.225604 0.094541 0.095865
3 0.596596 0.420153 0.085106 0.100251
11 0.596596 0.423286 0.089617 0.063910
2 0.944681 0.319902 0.023830 0.035088
11 0.944681 0.358906 0.092982 0.058584
0 0.162553 0.783561 0.025532 0.037594
11 0.162553 0.823818 0.095690 0.058584
3 0.256170 0.783561 0.085106 0.100251
11 0.256170 0.789514 0.084693 0.095865
4 0.354043 0.783561 0.034043 0.050125
11 0.400790 0.786694 0.073860 0.063910
3 0.473191 0.877546 0.085106 0.100251
11 0.473191 0.880679 0.089617 0.063910
3 0.741277 0.651982 0.085106 0.100251
11 0.741277 0.652296 0.114237 0.031955
3 0.596596 0.877546 0.085106 0.100251
11 0.596596 0.883499 0.084693 0.095865
2 0.944681 0.783561 0.023830 0.035088
11 0.944681 0.822565 0.092982 0.058584
13 0.098649 0.319902 0.046106 0.012531
13 0.194468 0.783561 0.041702 0.012531
13 0.317872 0.783955 0.041702 0.012531
13 0.392553 0.843085 0.079574 0.073935
11 0.342553 0.788328 0.020426 0.069844
13 0.534894 0.877546 0.041702 0.012531
13 0.858298 0.717772 0.152340 0.136591
13 0.526596 0.705241 0.347660 0.111529
11 0.342553 0.743640 0.020426 0.032868
13 0.162553 0.567396 0.008511 0.399749
13 0.289855 0.319902 0.172902 0.012531
13 0.560281 0.257246 0.339864 0.080201
13 0.426238 0.382559 0.071779 0.080201
13 0.781702 0.219652 0.058723 0.012531
13 0.520000 0.420153 0.071489 0.012531
13 0.502621 0.345278 0.191353 0.054511
13 0.741277 0.420153 0.008511 0.368421
13 0.473191 0.633185 0.008511 0.393484
13 0.913617 0.269777 0.041702 0.105263
13 0.668936 0.764764 0.062979 0.230576
13 0.606349 0.230909 0.008511 0.283249
13 0.851915 0.126117 0.008511 0.091832
13 0.064532 0.191906 0.008511 0.223411
