8 0.500000 0.500000 0.992016 0.985697
0 0.083832 0.116806 0.019960 0.035757
4 0.276780 0.116806 0.026613 0.047676
2 0.911510 0.893358 0.018629 0.033373
3 0.157019 0.116806 0.066534 0.095352
3 0.685961 0.361708 0.066534 0.095352
4 0.762475 0.361708 0.026613 0.047676
2 0.762475 0.479706 0.018629 0.033373
3 0.838989 0.361708 0.066534 0.095352
3 0.371257 0.116806 0.066534 0.095352
3 0.689288 0.116806 0.066534 0.095352
2 0.815702 0.116806 0.018629 0.033373
1 0.612774 0.116806 0.019960 0.035757
1 0.612774 0.361708 0.019960 0.035757
1 0.612774 0.686532 0.019960 0.035757
3 0.729208 0.686532 0.066534 0.095352
2 0.911510 0.361708 0.018629 0.033373
2 0.815037 0.686532 0.018629 0.033373
3 0.485695 0.116806 0.066534 0.095352
12 0.589654 0.517001 0.627745 0.757482
12 0.108782 0.116806 0.032601 0.011919
12 0.734198 0.362082 0.032601 0.011919
12 0.790752 0.362085 0.032601 0.011919
12 0.226880 0.117152 0.075848 0.011919
12 0.587824 0.117087 0.032601 0.011919
12 0.639388 0.116806 0.035928 0.011919
12 0.764471 0.116806 0.086494 0.011919
12 0.581337 0.251176 0.045576 0.225832
12 0.637725 0.361708 0.032601 0.011919
12 0.581337 0.413588 0.045576 0.550656
12 0.659348 0.686532 0.075848 0.011919
12 0.887226 0.361708 0.032601 0.011919
12 0.784098 0.686532 0.045908 0.011919
12 0.762808 0.424282 0.006653 0.082241
12 0.314039 0.116806 0.050566 0.011919
12 0.428476 0.116806 0.050566 0.011919
12 0.532601 0.117183 0.029940 0.011919
