8 0.444619 0.174395 0.881687 0.336694
8 0.500000 0.534274 0.992448 0.300403
8 0.358402 0.867944 0.709251 0.252016
0 0.050975 0.132056 0.018880 0.030242
3 0.120201 0.132056 0.062933 0.080645
3 0.211454 0.132056 0.062933 0.080645
1 0.371932 0.132056 0.018880 0.030242
3 0.505349 0.132056 0.062933 0.080645
3 0.645060 0.132056 0.062933 0.080645
3 0.736312 0.132056 0.062933 0.080645
1 0.575834 0.132056 0.018880 0.030242
2 0.804909 0.132056 0.017621 0.028226
1 0.303965 0.132056 0.018880 0.030242
0 0.050975 0.505040 0.018880 0.030242
3 0.120201 0.505040 0.062933 0.080645
3 0.212712 0.505040 0.062933 0.080645
1 0.281938 0.505040 0.018880 0.030242
3 0.351164 0.505040 0.062933 0.080645
3 0.538074 0.505040 0.062933 0.080645
3 0.758968 0.610887 0.062933 0.080645
3 0.442417 0.505040 0.062933 0.080645
4 0.856514 0.610887 0.025173 0.040323
3 0.702329 0.505040 0.062933 0.080645
1 0.629956 0.610887 0.018880 0.030242
3 0.856514 0.505040 0.062933 0.080645
0 0.050975 0.867944 0.018880 0.030242
3 0.120201 0.867944 0.062933 0.080645
3 0.211454 0.867944 0.062933 0.080645
3 0.303965 0.867944 0.062933 0.080645
12 0.074575 0.132056 0.030837 0.010081
12 0.165828 0.132056 0.030837 0.010081
12 0.074575 0.505040 0.030837 0.010081
12 0.166457 0.505040 0.032096 0.010081
12 0.258339 0.505040 0.030837 0.010081
12 0.305538 0.505040 0.030837 0.010081
12 0.427627 0.132056 0.095028 0.010081
12 0.551605 0.132056 0.032096 0.010081
12 0.369520 0.318548 0.295154 0.296371
12 0.193203 0.699093 0.286973 0.311492
12 0.074575 0.867944 0.030837 0.010081
12 0.165828 0.867944 0.030837 0.010081
12 0.257709 0.867944 0.032096 0.010081
12 0.421020 0.686492 0.236627 0.286290
12 0.599434 0.132056 0.030837 0.010081
12 0.696769 0.371472 0.126914 0.402218
12 0.690686 0.132056 0.030837 0.010081
12 0.396790 0.505040 0.030837 0.010081
12 0.817181 0.611187 0.056010 0.010081
12 0.490245 0.505040 0.035242 0.010081
12 0.593455 0.505343 0.050346 0.010081
12 0.656702 0.505040 0.030837 0.010081
12 0.630107 0.560484 0.006293 0.074597
12 0.683449 0.610887 0.090623 0.010081
12 0.742920 0.643044 0.228446 0.038105
12 0.856700 0.568044 0.006293 0.049395
12 0.756031 0.318548 0.203482 0.296371
12 0.681800 0.277722 0.013065 0.216734
12 0.781938 0.132056 0.030837 0.010081
12 0.268722 0.132056 0.054122 0.010081
12 0.337948 0.132056 0.051605 0.010081
12 0.348542 0.318548 0.295154 0.296371
12 0.509125 0.305948 0.135935 0.321573
12 0.211454 0.318548 0.323474 0.346774
