0 0.019190 0.147849 0.021322 0.067204
11 0.019190 0.219814 0.043725 0.104727
3 0.097370 0.147849 0.071073 0.179211
11 0.097370 0.153450 0.037831 0.114247
4 0.179104 0.147849 0.028429 0.089606
11 0.179815 0.076725 0.069083 0.057124
1 0.253731 0.147849 0.021322 0.067204
11 0.253731 0.219814 0.118360 0.104727
3 0.883937 0.147849 0.071073 0.179211
11 0.883937 0.153450 0.052635 0.114247
2 0.973134 0.147849 0.019900 0.062724
11 0.973134 0.217574 0.064834 0.104727
3 0.361620 0.147849 0.071073 0.179211
11 0.361620 0.158490 0.082242 0.171371
1 0.498792 0.147849 0.021322 0.067204
11 0.498792 0.219814 0.067096 0.104727
3 0.576972 0.147849 0.071073 0.179211
11 0.576972 0.153450 0.060037 0.114247
4 0.806468 0.147849 0.028429 0.089606
1 0.498792 0.427867 0.021322 0.067204
11 0.498792 0.499832 0.067096 0.104727
3 0.576972 0.427867 0.071073 0.179211
11 0.576972 0.433468 0.073195 0.114247
4 0.658706 0.427867 0.028429 0.089606
11 0.658706 0.354503 0.087176 0.057124
2 0.746055 0.707885 0.019900 0.062724
11 0.746055 0.777610 0.059557 0.104727
1 0.498792 0.707885 0.021322 0.067204
11 0.498792 0.779850 0.057295 0.104727
4 0.658706 0.707885 0.028429 0.089606
13 0.045842 0.147849 0.034826 0.022401
13 0.148898 0.148553 0.034826 0.022401
13 0.941329 0.147849 0.046553 0.022401
13 0.295238 0.147849 0.064534 0.022401
13 0.413149 0.148553 0.034826 0.022401
13 0.472850 0.148377 0.033404 0.022401
13 0.525444 0.147849 0.034826 0.022401
13 0.702381 0.148461 0.182587 0.022401
13 0.834542 0.148567 0.030561 0.022401
13 0.218195 0.148385 0.052594 0.022401
11 0.213698 0.122215 0.044471 0.058072
13 0.465920 0.310260 0.047264 0.244176
13 0.525444 0.427867 0.034826 0.022401
13 0.493141 0.589606 0.630206 0.802867
11 0.169510 0.124508 0.017058 0.341518
13 0.628500 0.428570 0.034826 0.022401
13 0.465920 0.450269 0.047264 0.524194
13 0.704513 0.708420 0.066027 0.022401
13 0.576972 0.708432 0.137882 0.022401
13 0.659062 0.567876 0.007107 0.199373
11 0.649112 0.438548 0.017058 0.110167
13 0.739694 0.310260 0.136389 0.244176
11 0.682107 0.401546 0.016205 0.057124
