8 0.291788 0.071667 0.533576 0.083333
8 0.299667 0.173000 0.559333 0.089333
8 0.298000 0.268333 0.559333 0.083333
3 0.081667 0.071667 0.033333 0.026667
3 0.140333 0.071667 0.033333 0.026667
3 0.188667 0.071667 0.033333 0.026667
3 0.237000 0.071667 0.033333 0.026667
1 0.425000 0.071667 0.010000 0.010000
3 0.461667 0.071667 0.033333 0.026667
3 0.510000 0.071667 0.033333 0.026667
2 0.546333 0.071667 0.009333 0.009333
0 0.045000 0.071667 0.010000 0.010000
1 0.111000 0.071667 0.010000 0.010000
0 0.045000 0.170000 0.010000 0.010000
3 0.081667 0.170000 0.033333 0.026667
3 0.130000 0.170000 0.033333 0.026667
3 0.178333 0.170000 0.033333 0.026667
3 0.226667 0.170000 0.033333 0.026667
3 0.275000 0.170000 0.033333 0.026667
1 0.311667 0.170000 0.010000 0.010000
3 0.348333 0.170000 0.033333 0.026667
3 0.425000 0.170000 0.033333 0.026667
1 0.461667 0.170000 0.010000 0.010000
1 0.486667 0.170000 0.010000 0.010000
3 0.523333 0.170000 0.033333 0.026667
1 0.486667 0.195000 0.010000 0.010000
2 0.559667 0.170000 0.009333 0.009333
3 0.523333 0.198333 0.033333 0.026667
0 0.237000 0.268333 0.010000 0.010000
3 0.275000 0.268333 0.033333 0.026667
3 0.322000 0.268333 0.033333 0.026667
3 0.370333 0.268333 0.033333 0.026667
2 0.480000 0.268333 0.009333 0.009333
