8 0.499994 0.140027 0.995178 0.267528
8 0.499994 0.503029 0.995178 0.364530
8 0.499994 0.862747 0.995178 0.260960
3 0.122645 0.136743 0.040080 0.083507
3 0.266934 0.136743 0.040080 0.083507
1 0.387174 0.136743 0.012024 0.031315
1 0.533467 0.136743 0.012024 0.031315
3 0.739958 0.136743 0.040080 0.083507
3 0.898258 0.136743 0.040080 0.083507
1 0.819108 0.136743 0.012024 0.031315
2 0.977008 0.136743 0.011222 0.029228
1 0.194790 0.136743 0.012024 0.031315
0 0.032465 0.136743 0.012024 0.031315
3 0.329058 0.136743 0.040080 0.083507
0 0.032465 0.554814 0.012024 0.031315
3 0.122645 0.554814 0.040080 0.083507
3 0.194790 0.554814 0.040080 0.083507
1 0.266934 0.554814 0.012024 0.031315
3 0.329058 0.554814 0.040080 0.083507
3 0.387174 0.554814 0.040080 0.083507
3 0.445291 0.554814 0.040080 0.083507
1 0.489379 0.554814 0.012024 0.031315
3 0.531527 0.554814 0.040080 0.083507
3 0.819108 0.554814 0.040080 0.083507
3 0.706252 0.416681 0.040080 0.083507
1 0.625651 0.554929 0.012024 0.031315
1 0.625651 0.417144 0.012024 0.031315
0 0.040425 0.862747 0.012024 0.031315
3 0.122645 0.862747 0.040080 0.083507
3 0.194790 0.862747 0.040080 0.083507
2 0.266934 0.862747 0.011222 0.029228
12 0.070541 0.136743 0.065731 0.010438
12 0.165731 0.136743 0.047695 0.010438
12 0.223848 0.136743 0.047695 0.010438
12 0.149699 0.358827 0.236072 0.364835
12 0.070541 0.554814 0.065731 0.010438
12 0.158717 0.554814 0.033667 0.010438
12 0.237876 0.554814 0.047695 0.010438
12 0.290982 0.554814 0.037675 0.010438
12 0.358116 0.554814 0.019639 0.010438
12 0.416232 0.554814 0.019639 0.010438
12 0.387174 0.332731 0.004008 0.364835
12 0.460321 0.136743 0.135872 0.010438
12 0.074521 0.862747 0.057772 0.010438
12 0.158717 0.862747 0.033667 0.010438
12 0.474349 0.554814 0.019639 0.010438
12 0.242858 0.721829 0.406469 0.254697
12 0.342084 0.695733 0.296192 0.254697
12 0.503439 0.554814 0.017699 0.010438
12 0.533467 0.332731 0.004008 0.364835
12 0.786547 0.136743 0.054701 0.010438
12 0.851669 0.136743 0.054701 0.010438
12 0.819108 0.332731 0.004008 0.364835
12 0.944848 0.136743 0.054701 0.010438
12 0.297996 0.136743 0.023647 0.010438
12 0.365130 0.136743 0.033667 0.010438
12 0.255244 0.345779 0.135872 0.338739
12 0.268604 0.345779 0.135872 0.338739
12 0.238076 0.862747 0.048096 0.010438
12 0.629698 0.136743 0.182042 0.010438
12 0.560601 0.555288 0.019671 0.010438
12 0.602653 0.555180 0.035575 0.010438
12 0.715366 0.554876 0.169008 0.010438
12 0.598745 0.475837 0.043391 0.120606
12 0.658938 0.416953 0.056152 0.010438
12 0.629078 0.457527 0.115872 0.157225
