8 0.500076 0.500289 0.992591 0.981002
11 0.010712 0.521997 0.015123 0.246027
3 0.158160 0.303426 0.063012 0.130506
11 0.158160 0.307504 0.055415 0.083197
4 0.230624 0.303426 0.025205 0.065253
11 0.242596 0.114600 0.140724 0.041599
3 0.727851 0.148450 0.063012 0.130506
11 0.727851 0.152529 0.046665 0.083197
3 0.303088 0.303426 0.063012 0.130506
11 0.303088 0.311175 0.067081 0.124796
3 0.394455 0.303426 0.063012 0.130506
11 0.394455 0.307504 0.072914 0.083197
1 0.517328 0.303426 0.018904 0.048940
11 0.517328 0.343495 0.100925 0.038132
4 0.644675 0.148450 0.025205 0.065253
1 0.517328 0.425775 0.018904 0.048940
11 0.517328 0.465844 0.127660 0.038132
3 0.663579 0.425775 0.063012 0.130506
11 0.663579 0.433524 0.068539 0.124796
4 0.736043 0.425775 0.025205 0.065253
11 0.811657 0.356036 0.144369 0.041599
3 0.855766 0.597064 0.063012 0.130506
11 0.855766 0.604812 0.079476 0.124796
4 0.783302 0.597064 0.025205 0.065253
1 0.517328 0.807651 0.018904 0.048940
11 0.517328 0.847720 0.120976 0.038132
2 0.796534 0.148450 0.017643 0.045677
11 0.796534 0.186888 0.100925 0.038132
2 0.924449 0.597064 0.017643 0.045677
11 0.924449 0.635502 0.089563 0.038132
0 0.088847 0.303426 0.018904 0.048940
11 0.088847 0.343495 0.096915 0.038132
3 0.599307 0.303426 0.063012 0.130506
11 0.599307 0.307504 0.053227 0.083197
13 0.112476 0.303426 0.030876 0.016313
13 0.203844 0.303938 0.030876 0.016313
13 0.431506 0.209625 0.403655 0.128874
11 0.222117 0.246344 0.015123 0.077552
13 0.257404 0.303942 0.030876 0.016313
11 0.251337 0.284856 0.013914 0.041750
13 0.348771 0.303426 0.030876 0.016313
13 0.440139 0.303938 0.030876 0.016313
13 0.493699 0.303811 0.030876 0.016313
13 0.676812 0.148450 0.041588 0.016313
13 0.547290 0.303426 0.043541 0.016313
13 0.487555 0.380914 0.043163 0.096248
13 0.579427 0.425775 0.107813 0.016313
13 0.709263 0.426287 0.030876 0.016313
13 0.753529 0.527732 0.036862 0.145188
11 0.727536 0.433946 0.015123 0.077552
13 0.810082 0.597064 0.030876 0.016313
13 0.487555 0.571852 0.043163 0.478124
13 0.655198 0.718670 0.259357 0.184486
13 0.773535 0.148450 0.030876 0.016313
13 0.901449 0.597064 0.030876 0.016313
13 0.637902 0.242251 0.016698 0.128874
13 0.690674 0.287113 0.093888 0.218597
11 0.727536 0.374985 0.015123 0.034765
