8 0.500080 0.499935 0.992493 0.982654
9 0.509665 0.218738 0.973324 0.420260
9 0.509665 0.548700 0.973324 0.239663
9 0.509665 0.829897 0.973324 0.322731
0 0.072204 0.322812 0.019169 0.043042
4 0.261494 0.322812 0.025559 0.057389
3 0.345917 0.322812 0.063898 0.114778
3 0.347195 0.143472 0.063898 0.114778
4 0.500319 0.322879 0.025559 0.057389
3 0.449509 0.143472 0.063898 0.114778
3 0.565847 0.143472 0.063898 0.114778
5 0.123323 0.322879 0.025559 0.057389
3 0.438569 0.322812 0.063898 0.114778
3 0.196075 0.325494 0.063898 0.114778
3 0.593808 0.549384 0.063898 0.114778
4 0.667291 0.549384 0.025559 0.057389
4 0.737872 0.549384 0.025559 0.057389
3 0.391885 0.829220 0.063898 0.114778
3 0.811131 0.829220 0.063898 0.114778
2 0.919374 0.829220 0.017891 0.040172
5 0.737872 0.829220 0.025559 0.057389
13 0.096166 0.323186 0.031310 0.014347
13 0.531249 0.450479 0.063776 0.203550
13 0.574463 0.829598 0.303815 0.014347
13 0.764917 0.829676 0.031086 0.014347
13 0.876754 0.829220 0.069904 0.014347
13 0.640134 0.549835 0.031310 0.014347
13 0.398352 0.143472 0.040972 0.014347
13 0.507678 0.143472 0.054996 0.014347
13 0.150114 0.324557 0.030580 0.014347
13 0.241941 0.590397 0.238547 0.483385
13 0.590355 0.422143 0.157067 0.202832
13 0.667994 0.332081 0.142952 0.382957
13 0.702582 0.550102 0.047578 0.014347
13 0.738192 0.689302 0.006390 0.228185
13 0.392243 0.322812 0.031310 0.014347
13 0.479029 0.322832 0.019578 0.014347
13 0.288530 0.218795 0.055988 0.156385
13 0.294121 0.323254 0.042250 0.014347
13 0.238369 0.324512 0.023246 0.014347
11 0.032332 0.829986 0.008946 0.103849
11 0.032332 0.548780 0.008946 0.097132
11 0.032332 0.218795 0.008946 0.084206
11 0.072150 0.355667 0.056120 0.017217
11 0.281075 0.347059 0.025409 0.017217
11 0.346652 0.322238 0.043910 0.040746
11 0.347819 0.142898 0.031340 0.040746
11 0.553439 0.356528 0.043620 0.036155
11 0.449201 0.142898 0.036870 0.040746
11 0.566134 0.142898 0.041138 0.040746
11 0.438339 0.322238 0.053063 0.040746
11 0.196166 0.325108 0.047525 0.020086
11 0.594576 0.548924 0.046895 0.040746
11 0.391693 0.828694 0.036225 0.040746
11 0.810863 0.828694 0.041554 0.061406
11 0.919170 0.870158 0.050481 0.036155
11 0.491893 0.332712 0.007428 0.017217
11 0.525439 0.304017 0.014457 0.017217
11 0.246246 0.233716 0.018371 0.017217
11 0.295407 0.302582 0.014457 0.017217
