8 0.499859 0.146861 0.992966 0.280269
11 0.009567 0.153834 0.013506 0.079024
8 0.499859 0.500000 0.992966 0.381166
11 0.009567 0.506973 0.013506 0.079024
8 0.499859 0.853139 0.992966 0.280269
11 0.009567 0.860112 0.013506 0.079024
11 0.026449 0.152212 0.013506 0.060646
3 0.196398 0.107623 0.056275 0.089686
11 0.196398 0.107904 0.067071 0.028587
1 0.258301 0.107623 0.016882 0.033632
11 0.258301 0.135160 0.053722 0.026205
3 0.323016 0.107623 0.056275 0.089686
11 0.323016 0.110426 0.047536 0.057175
3 0.432752 0.107623 0.056275 0.089686
11 0.432752 0.107904 0.069025 0.028587
1 0.370850 0.107623 0.016882 0.033632
11 0.370850 0.135160 0.094312 0.026205
1 0.576252 0.107623 0.016882 0.033632
11 0.576252 0.135160 0.053722 0.026205
3 0.778841 0.107623 0.056275 0.089686
11 0.778841 0.107904 0.066420 0.028587
3 0.860439 0.107623 0.056275 0.089686
11 0.860439 0.110426 0.045582 0.057175
2 0.941474 0.107623 0.015757 0.031390
11 0.941474 0.134039 0.060885 0.026205
0 0.062465 0.107623 0.016882 0.033632
11 0.062465 0.135160 0.069242 0.026205
3 0.124367 0.107623 0.056275 0.089686
11 0.124367 0.110426 0.050792 0.057175
3 0.508160 0.107623 0.056275 0.089686
11 0.508160 0.107904 0.067722 0.028587
11 0.026449 0.513621 0.013506 0.154372
0 0.062465 0.449552 0.016882 0.033632
11 0.062465 0.477088 0.080583 0.026205
3 0.204840 0.449552 0.056275 0.089686
11 0.204840 0.454877 0.066420 0.085762
3 0.314575 0.449552 0.056275 0.089686
11 0.314575 0.449832 0.066420 0.028587
3 0.421497 0.449552 0.056275 0.089686
11 0.421497 0.449832 0.072932 0.028587
3 0.503095 0.449552 0.056275 0.089686
11 0.503095 0.452354 0.048838 0.057175
3 0.584693 0.449552 0.056275 0.089686
11 0.584693 0.449832 0.077490 0.028587
1 0.660664 0.449552 0.016882 0.033632
11 0.660664 0.477088 0.090731 0.026205
3 0.728194 0.449552 0.056275 0.089686
11 0.728194 0.449832 0.070978 0.028587
3 0.880135 0.449552 0.056275 0.089686
11 0.880135 0.452354 0.048838 0.057175
2 0.941474 0.449552 0.015757 0.031390
1 0.818233 0.449552 0.016882 0.033632
11 0.818233 0.477088 0.067451 0.026205
1 0.805290 0.532511 0.016882 0.033632
11 0.805290 0.560048 0.069242 0.026205
1 0.778841 0.449552 0.016882 0.033632
3 0.880135 0.589686 0.056275 0.089686
11 0.880135 0.589966 0.065118 0.028587
11 0.026449 0.858814 0.013506 0.064322
0 0.062465 0.853139 0.016882 0.033632
11 0.062465 0.880675 0.080583 0.026205
3 0.224536 0.853139 0.056275 0.089686
11 0.224536 0.855942 0.048187 0.057175
3 0.306134 0.853139 0.056275 0.089686
11 0.306134 0.858464 0.054048 0.085762
3 0.387732 0.853139 0.056275 0.089686
11 0.387732 0.855942 0.056652 0.057175
2 0.463140 0.853139 0.015757 0.031390
13 0.083568 0.107623 0.027575 0.011211
13 0.237198 0.107623 0.027575 0.011211
13 0.280810 0.107623 0.030388 0.011211
13 0.192741 0.292601 0.262802 0.284753
13 0.123804 0.449552 0.108047 0.011211
13 0.356781 0.107623 0.013506 0.011211
13 0.391953 0.107623 0.027575 0.011211
13 0.287845 0.264574 0.168261 0.284753
13 0.368036 0.449552 0.052898 0.011211
13 0.462296 0.449552 0.027575 0.011211
13 0.470456 0.107623 0.021384 0.011211
13 0.505627 0.278587 0.005627 0.256726
13 0.543894 0.449552 0.027575 0.011211
13 0.323579 0.665359 0.524479 0.346413
13 0.133652 0.853139 0.127743 0.011211
13 0.265335 0.853139 0.027575 0.011211
13 0.346933 0.853139 0.027575 0.011211
13 0.632527 0.449552 0.041643 0.011211
13 0.524198 0.637332 0.275183 0.346413
13 0.435566 0.853139 0.041643 0.011211
13 0.684581 0.449552 0.033202 0.011211
13 0.552054 0.107623 0.033765 0.011211
13 0.649831 0.264574 0.158976 0.284753
13 0.819640 0.107623 0.027575 0.011211
13 0.911086 0.107623 0.047271 0.011211
13 0.763365 0.449552 0.016320 0.011211
13 0.259707 0.449552 0.055712 0.011211
13 0.920934 0.449552 0.027575 0.011211
13 0.160383 0.107623 0.018008 0.011211
13 0.387732 0.283852 0.092290 0.267257
13 0.839336 0.449552 0.027575 0.011211
13 0.667698 0.107623 0.168261 0.011211
13 0.798537 0.449552 0.024761 0.011211
13 0.832864 0.561099 0.040518 0.061659
13 0.792065 0.491031 0.017977 0.053812
13 0.829488 0.566704 0.103545 0.205157
13 0.825267 0.278587 0.072594 0.256726
