8 0.500000 0.486829 0.988785 0.325228
8 0.481308 0.824721 0.951402 0.338399
8 0.481308 0.146403 0.951402 0.280648
3 0.510280 0.441743 0.093458 0.081054
0 0.089720 0.487335 0.028037 0.030395
3 0.192523 0.487335 0.093458 0.081054
1 0.388785 0.441743 0.028037 0.030395
1 0.500935 0.548126 0.028037 0.030395
1 0.669159 0.441743 0.028037 0.030395
4 0.753271 0.492401 0.037383 0.040527
3 0.860748 0.492401 0.093458 0.081054
2 0.962617 0.492401 0.026168 0.028369
3 0.192523 0.824721 0.093458 0.081054
0 0.089720 0.824721 0.028037 0.030395
3 0.533645 0.897670 0.093458 0.081054
4 0.285981 0.824721 0.037383 0.040527
3 0.500935 0.735562 0.093458 0.081054
3 0.388785 0.897670 0.093458 0.081054
3 0.669159 0.897670 0.093458 0.081054
4 0.781308 0.801418 0.037383 0.040527
2 0.855140 0.801418 0.026168 0.028369
0 0.089720 0.184397 0.028037 0.030395
3 0.192523 0.184397 0.093458 0.081054
1 0.285981 0.184397 0.028037 0.030395
3 0.613084 0.087133 0.093458 0.081054
3 0.804673 0.184397 0.093458 0.081054
2 0.906542 0.184397 0.026168 0.028369
1 0.510280 0.087133 0.028037 0.030395
1 0.692523 0.184397 0.028037 0.030395
12 0.124766 0.184397 0.045794 0.010132
12 0.124766 0.824721 0.045794 0.010132
12 0.255607 0.184397 0.036449 0.010132
12 0.124766 0.487335 0.045794 0.010132
12 0.187850 0.335866 0.200000 0.276596
12 0.253271 0.825049 0.031776 0.010132
12 0.141121 0.668693 0.106542 0.285714
12 0.461215 0.897670 0.055140 0.010132
12 0.253271 0.487663 0.031776 0.010132
12 0.388785 0.657042 0.009346 0.404255
12 0.330607 0.454407 0.092056 0.029382
12 0.386682 0.527862 0.204206 0.044580
12 0.500935 0.629179 0.009346 0.135765
12 0.433178 0.441743 0.064486 0.010132
12 0.601402 0.897670 0.045794 0.010132
12 0.669159 0.657042 0.009346 0.404255
12 0.606075 0.441743 0.101869 0.010132
12 0.718458 0.456940 0.074299 0.034448
12 0.634346 0.530395 0.242523 0.039514
12 0.664720 0.758359 0.237850 0.049645
12 0.748832 0.859676 0.069626 0.080041
12 0.821028 0.801654 0.045794 0.010132
12 0.370327 0.770010 0.171495 0.072948
12 0.314252 0.871327 0.059346 0.056738
12 0.792991 0.492722 0.045794 0.010132
12 0.928505 0.492401 0.045794 0.010132
12 0.363084 0.184642 0.129907 0.010132
12 0.872430 0.184397 0.045794 0.010132
12 0.479655 0.133232 0.044797 0.065856
12 0.510280 0.251773 0.009346 0.302938
12 0.545327 0.087133 0.045794 0.010132
12 0.776636 0.325735 0.171963 0.256332
12 0.571028 0.184646 0.218692 0.010132
12 0.732243 0.184397 0.055140 0.010132
12 0.538318 0.153943 0.153271 0.056619
