8 0.298667 0.141215 0.587333 0.202431
9 0.303667 0.216049 0.577333 0.052764
9 0.303667 0.163618 0.577333 0.052097
9 0.303667 0.088785 0.577333 0.097569
3 0.359667 0.218000 0.033333 0.026667
4 0.459667 0.218000 0.013333 0.013333
2 0.552667 0.218000 0.009333 0.009333
3 0.498000 0.218000 0.033333 0.026667
3 0.408000 0.165903 0.033333 0.026667
0 0.045000 0.062333 0.010000 0.010000
4 0.132667 0.062333 0.013333 0.013333
3 0.192667 0.104000 0.033333 0.026667
3 0.192667 0.062333 0.033333 0.026667
3 0.252333 0.062333 0.033333 0.026667
3 0.312833 0.062333 0.033333 0.026667
4 0.351167 0.104000 0.013333 0.013333
5 0.241000 0.104000 0.013333 0.013333
2 0.364667 0.062333 0.009333 0.009333
3 0.282333 0.104000 0.033333 0.026667
3 0.090000 0.062333 0.033333 0.026667
