8 0.233000 0.087833 0.426000 0.145667
8 0.181667 0.217333 0.323333 0.083333
8 0.171167 0.319000 0.302333 0.083333
0 0.090000 0.097333 0.010000 0.010000
3 0.138333 0.097333 0.033333 0.026667
3 0.252333 0.097333 0.033333 0.026667
4 0.176667 0.097333 0.013333 0.013333
3 0.252333 0.132333 0.033333 0.026667
1 0.367333 0.097333 0.010000 0.010000
1 0.353667 0.131667 0.010000 0.010000
5 0.205040 0.097562 0.013333 0.013333
3 0.252333 0.055667 0.033333 0.026667
1 0.390667 0.055667 0.010000 0.010000
2 0.435293 0.055667 0.009333 0.009333
2 0.415333 0.131667 0.009333 0.009333
5 0.415333 0.055667 0.013333 0.013333
0 0.065000 0.217333 0.010000 0.010000
3 0.101667 0.217333 0.033333 0.026667
4 0.140000 0.217333 0.013333 0.013333
3 0.178333 0.217333 0.033333 0.026667
1 0.225000 0.244000 0.010000 0.010000
1 0.225000 0.192333 0.010000 0.010000
5 0.225000 0.217333 0.013333 0.013333
1 0.250000 0.192333 0.010000 0.010000
3 0.287333 0.192000 0.033333 0.026667
2 0.323667 0.192000 0.009333 0.009333
1 0.310667 0.244000 0.010000 0.010000
0 0.040000 0.312333 0.010000 0.010000
1 0.065000 0.312333 0.010000 0.010000
