8 0.500000 0.298101 0.990847 0.316456
11 0.012967 0.324467 0.018307 0.298807
8 0.500000 0.732278 0.990847 0.520253
11 0.012967 0.761756 0.018307 0.334082
8 0.202899 0.044937 0.381388 0.075949
11 0.202899 0.045886 0.322164 0.053797
0 0.118993 0.298101 0.022883 0.037975
11 0.102212 0.227927 0.178808 0.029589
3 0.202899 0.298101 0.076278 0.101266
11 0.202899 0.301266 0.093560 0.064557
1 0.369947 0.218987 0.022883 0.037975
11 0.360031 0.188054 0.132690 0.029589
3 0.453852 0.218987 0.076278 0.101266
11 0.453852 0.219304 0.103269 0.032278
1 0.388253 0.313924 0.022883 0.037975
11 0.388253 0.280459 0.123790 0.029589
3 0.468345 0.345570 0.076278 0.101266
11 0.468345 0.351582 0.087381 0.096835
1 0.636156 0.345570 0.022883 0.037975
11 0.636156 0.376661 0.132690 0.029589
3 0.720061 0.345570 0.076278 0.101266
11 0.720061 0.345886 0.103269 0.032278
2 0.803204 0.345570 0.021358 0.035443
11 0.828375 0.372864 0.143209 0.029589
2 0.536995 0.218987 0.021358 0.035443
11 0.556827 0.246282 0.143209 0.029589
0 0.202899 0.630380 0.022883 0.037975
11 0.202899 0.661472 0.135927 0.029589
3 0.313501 0.630380 0.076278 0.101266
11 0.313501 0.633544 0.090029 0.064557
3 0.552250 0.630380 0.076278 0.101266
11 0.552250 0.636392 0.052076 0.096835
3 0.552250 0.732911 0.076278 0.101266
11 0.552250 0.736076 0.080320 0.064557
3 0.662853 0.732911 0.076278 0.101266
11 0.662853 0.736076 0.094443 0.064557
3 0.830664 0.732911 0.076278 0.101266
11 0.830664 0.733228 0.103269 0.032278
2 0.913806 0.732911 0.021358 0.035443
11 0.934401 0.764003 0.143209 0.029589
2 0.635393 0.630380 0.021358 0.035443
11 0.658276 0.656408 0.143209 0.029589
4 0.401220 0.630380 0.030511 0.050633
11 0.401220 0.590190 0.080320 0.032278
13 0.147597 0.298101 0.037376 0.012658
13 0.202899 0.480063 0.007628 0.267722
13 0.118993 0.181013 0.007628 0.201266
13 0.244851 0.630380 0.064073 0.012658
13 0.398551 0.218987 0.037376 0.012658
13 0.461098 0.408861 0.185355 0.346835
13 0.258200 0.298499 0.037376 0.012658
13 0.324752 0.245886 0.070557 0.058861
13 0.341342 0.306329 0.073989 0.020253
13 0.409230 0.339241 0.045004 0.017722
13 0.430969 0.155063 0.077803 0.284810
13 0.607551 0.732911 0.037376 0.012658
13 0.368802 0.630777 0.037376 0.012658
13 0.485507 0.498734 0.174676 0.372152
13 0.565599 0.345570 0.121281 0.012658
13 0.733410 0.523418 0.197559 0.322785
13 0.885965 0.732911 0.037376 0.012658
13 0.664760 0.345570 0.037376 0.012658
13 0.556827 0.166811 0.329519 0.261316
13 0.423722 0.106013 0.063310 0.129747
13 0.775362 0.345570 0.037376 0.012658
13 0.509153 0.218987 0.037376 0.012658
13 0.607551 0.630380 0.037376 0.012658
13 0.746758 0.732911 0.094584 0.012658
13 0.457666 0.694304 0.115942 0.082278
11 0.390541 0.640695 0.018307 0.029051
13 0.465294 0.630380 0.100686 0.012658
11 0.431042 0.615506 0.026806 0.032278
