3 0.080012 0.065000 0.033333 0.026667
3 0.128345 0.065000 0.033333 0.026667
3 0.195012 0.100000 0.033333 0.026667
3 0.243345 0.100000 0.033333 0.026667
3 0.431143 0.100000 0.033333 0.026667
3 0.354476 0.100000 0.033333 0.026667
3 0.354476 0.144333 0.033333 0.026667
3 0.392810 0.185000 0.033333 0.026667
4 0.160012 0.065000 0.013333 0.013333
1 0.314352 0.100000 0.010000 0.010000
1 0.314685 0.144333 0.010000 0.010000
4 0.392810 0.144333 0.013333 0.013333
4 0.392810 0.100000 0.013333 0.013333
1 0.314685 0.185000 0.010000 0.010000
2 0.474143 0.185000 0.009333 0.009333
2 0.474143 0.100000 0.009333 0.009333
0 0.035000 0.065000 0.010000 0.010000
