0 0.015000 0.045000 0.010000 0.010000
3 0.141667 0.045000 0.033333 0.026667
1 0.215000 0.045000 0.010000 0.010000
1 0.180000 0.128333 0.010000 0.010000
3 0.216667 0.128333 0.033333 0.026667
4 0.250000 0.128333 0.013333 0.013333
3 0.296667 0.128333 0.033333 0.026667
3 0.401667 0.128333 0.033333 0.026667
3 0.246667 0.045000 0.033333 0.026667
4 0.285000 0.045000 0.013333 0.013333
3 0.401667 0.045000 0.033333 0.026667
2 0.458000 0.045000 0.009333 0.009333
4 0.341667 0.045000 0.013333 0.013333
4 0.341667 0.128333 0.013333 0.013333
3 0.046667 0.045000 0.033333 0.026667
4 0.085000 0.045000 0.013333 0.013333
1 0.180000 0.045000 0.010000 0.010000
2 0.438000 0.128333 0.009333 0.009333
