8 0.500000 0.500000 0.990573 0.988593
11 0.013354 0.500000 0.009427 0.076263
9 0.511783 0.611692 0.967007 0.177757
11 0.036921 0.611692 0.009427 0.064530
9 0.511783 0.264259 0.967007 0.517110
11 0.036921 0.264259 0.009427 0.015399
9 0.511783 0.847433 0.967007 0.293726
11 0.036921 0.847433 0.009427 0.112194
0 0.767478 0.612167 0.023566 0.028517
11 0.767478 0.633555 0.071659 0.010456
0 0.082482 0.083650 0.023566 0.028517
11 0.082482 0.105038 0.064993 0.010456
3 0.168892 0.083650 0.078555 0.076046
11 0.168892 0.081749 0.065447 0.022814
4 0.259230 0.083650 0.031422 0.038023
11 0.304747 0.099335 0.074537 0.011407
2 0.916732 0.083650 0.021995 0.026616
11 0.917518 0.048954 0.046661 0.010456
5 0.259655 0.159696 0.031422 0.038023
1 0.563236 0.383080 0.023566 0.028517
11 0.563236 0.409696 0.071103 0.020913
3 0.677141 0.159696 0.078555 0.076046
11 0.677141 0.157795 0.044237 0.022814
3 0.817753 0.083650 0.078555 0.076046
11 0.817753 0.081749 0.053327 0.022814
3 0.677141 0.264259 0.078555 0.076046
11 0.677141 0.262357 0.063023 0.022814
4 0.767478 0.264259 0.031422 0.038023
1 0.563236 0.159696 0.023566 0.028517
11 0.563236 0.181084 0.066659 0.010456
1 0.563236 0.264259 0.023566 0.028517
11 0.563236 0.285646 0.049439 0.010456
3 0.767478 0.383080 0.078555 0.076046
11 0.767478 0.381179 0.053327 0.034221
3 0.259655 0.288023 0.078555 0.076046
11 0.259655 0.286122 0.064841 0.034221
3 0.349568 0.160171 0.078555 0.076046
11 0.349568 0.158270 0.060599 0.034221
0 0.259230 0.928232 0.023566 0.028517
11 0.259230 0.954848 0.084435 0.020913
3 0.485467 0.928232 0.078555 0.076046
11 0.485467 0.926331 0.053933 0.022814
4 0.485467 0.847909 0.031422 0.038023
3 0.603299 0.752376 0.078555 0.076046
11 0.603299 0.750475 0.068477 0.011407
3 0.485467 0.752376 0.078555 0.076046
11 0.485467 0.750475 0.053933 0.022814
13 0.111940 0.083650 0.038492 0.009506
13 0.225844 0.083949 0.038492 0.009506
13 0.260029 0.121673 0.007855 0.041825
11 0.250298 0.145549 0.008484 0.011407
13 0.512372 0.280894 0.081304 0.208175
13 0.747447 0.121673 0.065200 0.079848
13 0.526709 0.083898 0.506677 0.009506
11 0.290297 0.070791 0.018186 0.011422
13 0.881383 0.083650 0.051846 0.009506
13 0.734093 0.264557 0.038492 0.009506
13 0.800079 0.193203 0.036921 0.146863
11 0.793716 0.251426 0.008484 0.011407
13 0.606441 0.159696 0.065986 0.009506
13 0.520031 0.159696 0.065986 0.009506
13 0.512372 0.221483 0.081304 0.089354
13 0.606441 0.264259 0.065986 0.009506
13 0.767707 0.314163 0.007855 0.065589
11 0.756751 0.264695 0.009499 0.022045
13 0.651610 0.383080 0.156324 0.009506
13 0.259230 0.620010 0.007855 0.591730
13 0.767478 0.509506 0.007855 0.180608
13 0.358602 0.928232 0.178319 0.009506
13 0.485712 0.878565 0.007855 0.027091
13 0.485702 0.809648 0.007855 0.042300
13 0.552239 0.819392 0.105263 0.061787
13 0.259881 0.214354 0.007855 0.075095
13 0.292828 0.160171 0.038067 0.009506
13 0.423016 0.160171 0.071485 0.009506
13 0.378060 0.224097 0.161398 0.131654
