8 0.477823 0.129960 0.947581 0.248016
8 0.500000 0.504757 0.991935 0.292431
8 0.205645 0.869901 0.403226 0.248016
0 0.054435 0.129960 0.020161 0.029762
3 0.128360 0.129960 0.067204 0.079365
3 0.225806 0.129960 0.067204 0.079365
3 0.374328 0.129960 0.067204 0.079365
3 0.471774 0.129960 0.067204 0.079365
3 0.569220 0.129960 0.067204 0.079365
1 0.643145 0.129960 0.020161 0.029762
3 0.717070 0.129960 0.067204 0.079365
3 0.814516 0.129960 0.067204 0.079365
2 0.887769 0.129960 0.018817 0.027778
1 0.299731 0.129960 0.020161 0.029762
0 0.054435 0.482550 0.020161 0.029762
3 0.128360 0.482550 0.067204 0.079365
3 0.225806 0.482550 0.067204 0.079365
3 0.323253 0.482550 0.067204 0.079365
3 0.420699 0.482550 0.067204 0.079365
3 0.518145 0.482550 0.067204 0.079365
1 0.592070 0.482550 0.020161 0.029762
3 0.667621 0.482550 0.067204 0.079365
3 0.883065 0.420546 0.067204 0.079365
1 0.797043 0.420546 0.020161 0.029762
1 0.797043 0.544554 0.020161 0.029762
2 0.956317 0.420546 0.018817 0.027778
3 0.887769 0.544554 0.067204 0.079365
0 0.054435 0.869901 0.020161 0.029762
3 0.128360 0.869901 0.067204 0.079365
3 0.225806 0.869901 0.067204 0.079365
2 0.303427 0.869901 0.018817 0.027778
12 0.079637 0.129960 0.032930 0.009921
12 0.177083 0.129960 0.032930 0.009921
12 0.274530 0.129960 0.032930 0.009921
12 0.325269 0.129960 0.033602 0.009921
12 0.079637 0.482550 0.032930 0.009921
12 0.251344 0.306255 0.248656 0.277192
12 0.177083 0.482550 0.032930 0.009921
12 0.274530 0.482550 0.032930 0.009921
12 0.423051 0.129960 0.032930 0.009921
12 0.386313 0.306255 0.151210 0.277192
12 0.408714 0.306255 0.151210 0.277192
12 0.371976 0.482550 0.032930 0.009921
12 0.520497 0.129960 0.032930 0.009921
12 0.494960 0.306255 0.151210 0.277192
12 0.469422 0.482550 0.032930 0.009921
12 0.286290 0.688626 0.466398 0.336756
12 0.079637 0.869901 0.032930 0.009921
12 0.177083 0.869901 0.032930 0.009921
12 0.566868 0.482550 0.032930 0.009921
12 0.447749 0.676721 0.291331 0.362550
12 0.276714 0.869901 0.037298 0.009921
12 0.618085 0.482550 0.034556 0.009921
12 0.617944 0.129960 0.032930 0.009921
12 0.655383 0.293854 0.027164 0.301994
12 0.715531 0.482862 0.031304 0.009921
12 0.765289 0.441627 0.046035 0.046131
12 0.828293 0.420546 0.045027 0.009921
12 0.668347 0.129960 0.032930 0.009921
12 0.765289 0.523472 0.046035 0.046131
12 0.800067 0.275253 0.168683 0.215188
12 0.931788 0.420546 0.032930 0.009921
12 0.765793 0.129960 0.032930 0.009921
12 0.863239 0.129960 0.032930 0.009921
12 0.830645 0.544554 0.049731 0.009921
12 0.822245 0.493958 0.133737 0.025794
