8 0.499840 0.500000 0.991987 0.986471
9 0.509455 0.500000 0.972757 0.422773
9 0.509455 0.147689 0.972757 0.281849
9 0.509455 0.852311 0.972757 0.281849
3 0.157692 0.429538 0.064103 0.090192
0 0.087179 0.429538 0.019231 0.033822
4 0.298718 0.429538 0.025641 0.045096
3 0.388462 0.430016 0.064103 0.090192
3 0.389423 0.570940 0.064103 0.090192
5 0.244231 0.429844 0.025641 0.045096
4 0.745834 0.430016 0.025641 0.045096
3 0.481411 0.570940 0.064103 0.090192
3 0.571154 0.570940 0.064103 0.090192
4 0.559936 0.430016 0.025641 0.045096
4 0.684936 0.430016 0.025641 0.045096
3 0.481411 0.430016 0.064103 0.090192
2 0.964744 0.430016 0.017949 0.031567
5 0.797116 0.430016 0.025641 0.045096
3 0.622436 0.146205 0.064103 0.090192
3 0.545513 0.852311 0.064103 0.090192
3 0.883654 0.852311 0.064103 0.090192
13 0.111218 0.429538 0.031410 0.011274
13 0.333975 0.430068 0.047436 0.011274
13 0.379006 0.652351 0.271474 0.404429
13 0.435417 0.570940 0.030449 0.011274
13 0.575320 0.276837 0.032693 0.265772
13 0.622436 0.430580 0.101924 0.011274
13 0.669872 0.276837 0.033334 0.265772
13 0.687500 0.652438 0.222436 0.404257
13 0.771475 0.430580 0.028205 0.011274
13 0.830769 0.641445 0.044231 0.426241
13 0.526282 0.570940 0.028205 0.011274
13 0.674680 0.511752 0.145513 0.122886
13 0.434936 0.430016 0.031410 0.011274
13 0.715385 0.430580 0.037821 0.011274
13 0.271475 0.430256 0.031411 0.011274
13 0.210577 0.429725 0.044231 0.011274
13 0.530289 0.430365 0.036217 0.011274
13 0.328205 0.511513 0.060897 0.123364
13 0.935737 0.641164 0.042628 0.426805
11 0.013205 0.500000 0.008974 0.048509
11 0.032436 0.852311 0.008974 0.081604
11 0.032436 0.147689 0.008974 0.076326
11 0.032436 0.500000 0.008974 0.066168
11 0.157692 0.429087 0.047678 0.015784
11 0.087961 0.462796 0.034896 0.028410
11 0.318515 0.448591 0.025491 0.013529
11 0.389429 0.429087 0.044050 0.032018
11 0.389960 0.570011 0.031440 0.032018
11 0.481410 0.570011 0.036988 0.032018
11 0.571154 0.570011 0.041270 0.032018
11 0.606010 0.456032 0.040224 0.028410
11 0.482379 0.429087 0.047045 0.032018
11 0.965600 0.461669 0.050431 0.028410
11 0.623404 0.146110 0.047045 0.032018
11 0.545513 0.851860 0.036341 0.032018
11 0.884939 0.851860 0.047686 0.032018
11 0.324559 0.413641 0.014503 0.013529
11 0.551142 0.393348 0.006130 0.013529
11 0.584871 0.414769 0.013331 0.013529
11 0.290032 0.421533 0.014678 0.013529
