8 0.500000 0.500000 0.991513 0.985782
11 0.012023 0.537360 0.016973 0.423417
9 0.510608 0.895735 0.970297 0.194313
11 0.033239 0.911673 0.016973 0.180632
9 0.510608 0.627370 0.970297 0.342417
11 0.033239 0.642451 0.016973 0.170921
9 0.510608 0.231635 0.970297 0.449052
11 0.033239 0.244831 0.016973 0.149556
3 0.562942 0.895735 0.070721 0.094787
11 0.562942 0.896031 0.092473 0.030213
3 0.845827 0.895735 0.070721 0.094787
11 0.845827 0.898697 0.091655 0.060427
3 0.562942 0.658768 0.070721 0.094787
11 0.562942 0.661730 0.075288 0.060427
0 0.046676 0.090047 0.021216 0.035545
11 0.046676 0.119150 0.076515 0.027695
3 0.215700 0.317536 0.070721 0.094787
11 0.215700 0.320498 0.067104 0.060427
5 0.403819 0.317536 0.028289 0.047393
4 0.463932 0.317536 0.028289 0.047393
11 0.512548 0.339751 0.123570 0.030213
4 0.633663 0.317536 0.028289 0.047393
5 0.704385 0.317536 0.028289 0.047393
4 0.215700 0.090047 0.028289 0.047393
11 0.235401 0.112263 0.036826 0.030213
3 0.321782 0.090047 0.070721 0.094787
11 0.321782 0.093009 0.055648 0.060427
3 0.623055 0.090047 0.070721 0.094787
11 0.623055 0.093009 0.069560 0.060427
2 0.948373 0.090047 0.019802 0.033175
4 0.856436 0.090047 0.028289 0.047393
3 0.459689 0.090047 0.070721 0.094787
11 0.459689 0.095675 0.067923 0.090640
5 0.118812 0.090300 0.028289 0.047393
11 0.157062 0.112515 0.092473 0.030213
13 0.320368 0.317865 0.141443 0.011848
13 0.323373 0.504865 0.411245 0.786478
13 0.433876 0.318128 0.034653 0.011848
13 0.495934 0.500000 0.066124 0.322275
11 0.454385 0.327755 0.016973 0.027192
13 0.616160 0.500000 0.038543 0.322275
13 0.548798 0.318128 0.144272 0.011848
11 0.491918 0.304206 0.024854 0.030213
13 0.669024 0.318128 0.045262 0.011848
13 0.651521 0.618483 0.109264 0.559242
13 0.080976 0.090447 0.050212 0.011848
13 0.258133 0.090404 0.059406 0.011848
11 0.244972 0.076576 0.028685 0.030440
13 0.215896 0.191943 0.007072 0.161137
11 0.206079 0.094870 0.017020 0.064174
13 0.390736 0.090047 0.070014 0.011848
13 0.750354 0.090370 0.186704 0.011848
13 0.764498 0.606931 0.094767 0.582346
13 0.904526 0.090331 0.070721 0.011848
13 0.851308 0.481043 0.013791 0.739336
13 0.541372 0.090047 0.095474 0.011848
13 0.167256 0.090767 0.071429 0.011848
