8 0.500000 0.500000 0.990050 0.984596
11 0.014096 0.510027 0.019900 0.113635
9 0.512438 0.870347 0.965174 0.243902
11 0.038972 0.887615 0.019900 0.195704
9 0.512438 0.240051 0.965174 0.464698
11 0.038972 0.254349 0.019900 0.162035
9 0.512438 0.610398 0.965174 0.275995
11 0.038972 0.626738 0.019900 0.185182
3 0.357380 0.857510 0.082919 0.102696
11 0.357380 0.857831 0.108422 0.032734
2 0.812604 0.857510 0.023217 0.035944
11 0.812604 0.887757 0.179424 0.030006
0 0.093698 0.146341 0.024876 0.038511
11 0.093698 0.177872 0.089712 0.030006
4 0.160033 0.146341 0.033167 0.051348
11 0.202002 0.170411 0.099787 0.032734
3 0.357380 0.146341 0.082919 0.102696
11 0.357380 0.152439 0.089232 0.098203
3 0.357380 0.274711 0.082919 0.102696
11 0.357380 0.277920 0.078678 0.065469
3 0.477612 0.146341 0.082919 0.102696
11 0.477612 0.146662 0.114179 0.032734
3 0.597844 0.146341 0.082919 0.102696
11 0.597844 0.149551 0.081557 0.065469
4 0.161018 0.274711 0.033167 0.051348
11 0.222176 0.298780 0.157356 0.032734
5 0.161636 0.388974 0.033167 0.051348
4 0.730514 0.146341 0.033167 0.051348
4 0.730514 0.274711 0.033167 0.051348
5 0.730514 0.388974 0.033167 0.051348
3 0.357380 0.611040 0.082919 0.102696
11 0.357380 0.614249 0.088273 0.065469
13 0.124793 0.146640 0.040630 0.012837
13 0.246269 0.146704 0.142620 0.012837
11 0.187671 0.131817 0.018926 0.032796
13 0.161232 0.210526 0.008292 0.082157
11 0.182615 0.152689 0.020265 0.063744
13 0.162041 0.331842 0.008292 0.068049
11 0.183597 0.285168 0.019903 0.027365
13 0.417496 0.146341 0.040630 0.012837
13 0.537728 0.146341 0.040630 0.012837
13 0.564884 0.512844 0.335406 0.201527
13 0.246761 0.274711 0.141636 0.012837
11 0.193116 0.259628 0.028500 0.032734
13 0.238391 0.512844 0.158375 0.201527
13 0.267800 0.357837 0.182477 0.068691
13 0.556385 0.275053 0.318408 0.012837
13 0.204809 0.511553 0.225539 0.697047
13 0.564677 0.636079 0.334992 0.447997
13 0.774046 0.623563 0.057214 0.473029
13 0.676617 0.146721 0.077944 0.012837
13 0.779851 0.492940 0.068823 0.698331
13 0.730929 0.331842 0.008292 0.068049
