8 0.500000 0.508964 0.989907 0.958167
0 0.055509 0.420319 0.025231 0.059761
3 0.148024 0.420319 0.084104 0.159363
4 0.244743 0.420319 0.033642 0.079681
3 0.336417 0.290837 0.084104 0.159363
3 0.244743 0.619522 0.084104 0.159363
2 0.336417 0.619522 0.023549 0.055777
3 0.465097 0.290837 0.084104 0.159363
1 0.629100 0.091633 0.025231 0.059761
1 0.629100 0.290837 0.025231 0.059761
1 0.629100 0.509960 0.025231 0.059761
3 0.721615 0.091633 0.084104 0.159363
4 0.818335 0.091633 0.033642 0.079681
2 0.920942 0.091633 0.023549 0.055777
3 0.818335 0.300797 0.084104 0.159363
3 0.721615 0.509960 0.084104 0.159363
2 0.920942 0.509960 0.023549 0.055777
2 0.920942 0.300797 0.023549 0.055777
12 0.087048 0.420319 0.041211 0.019920
12 0.208999 0.420944 0.041211 0.019920
12 0.269765 0.335657 0.052565 0.097610
12 0.244997 0.500000 0.008410 0.087649
12 0.305719 0.619522 0.041211 0.019920
12 0.400757 0.290837 0.047939 0.019920
12 0.526072 0.291462 0.041211 0.019920
12 0.589361 0.171315 0.057611 0.167331
12 0.597561 0.291306 0.041211 0.019920
12 0.589361 0.420319 0.057611 0.187251
12 0.660639 0.091633 0.041211 0.019920
12 0.782590 0.092259 0.041211 0.019920
12 0.872161 0.092109 0.077376 0.019920
12 0.818586 0.176295 0.008410 0.097610
12 0.660639 0.509960 0.041211 0.019920
12 0.836417 0.509960 0.148865 0.019920
12 0.708999 0.295817 0.137931 0.019920
12 0.884777 0.300797 0.052145 0.019920
