3 0.123470 0.192429 0.087413 0.252366
11 0.123470 0.200315 0.073839 0.160883
0 0.027316 0.192429 0.026224 0.094637
11 0.027316 0.293770 0.067685 0.147476
4 0.340253 0.192429 0.034965 0.126183
11 0.342002 0.070978 0.083954 0.160883
3 0.440778 0.192429 0.087413 0.252366
11 0.440778 0.200315 0.085977 0.160883
3 0.516335 0.523659 0.087413 0.252366
11 0.516335 0.524448 0.109241 0.080442
5 0.239729 0.193162 0.034965 0.126183
3 0.591892 0.192429 0.087413 0.252366
11 0.591892 0.207413 0.092045 0.241325
3 0.864729 0.193162 0.087413 0.252366
11 0.864729 0.201048 0.073839 0.160883
2 0.960009 0.193162 0.024476 0.088328
11 0.960009 0.267491 0.103846 0.073738
3 0.516335 0.854890 0.087413 0.252366
11 0.516335 0.862776 0.093057 0.160883
4 0.692417 0.192429 0.034965 0.126183
5 0.766718 0.193162 0.034965 0.126183
13 0.060096 0.192429 0.042832 0.031546
13 0.194711 0.192878 0.058566 0.031546
13 0.377404 0.193428 0.042832 0.031546
11 0.374382 0.156466 0.030091 0.081096
13 0.406660 0.389590 0.135435 0.280757
11 0.328453 0.220399 0.020979 0.067226
13 0.928103 0.193162 0.042832 0.031546
13 0.516335 0.192429 0.067199 0.031546
13 0.626448 0.389590 0.136309 0.280757
13 0.289991 0.193582 0.069056 0.031546
13 0.655267 0.193419 0.042832 0.031546
13 0.356397 0.561585 0.235960 0.623281
13 0.729567 0.194368 0.042832 0.031546
13 0.663598 0.555571 0.210610 0.611255
13 0.802611 0.194166 0.040319 0.031546
