8 0.330933 0.270333 0.621867 0.430667
9 0.335933 0.270333 0.611867 0.209333
9 0.335933 0.430333 0.611867 0.110667
9 0.335933 0.110333 0.611867 0.110667
3 0.176167 0.312000 0.033333 0.026667
4 0.243333 0.312000 0.013333 0.013333
3 0.288333 0.266500 0.033333 0.026667
3 0.374167 0.266500 0.033333 0.026667
3 0.439167 0.266500 0.033333 0.026667
3 0.288333 0.346667 0.033333 0.026667
4 0.479667 0.312000 0.013333 0.013333
4 0.335833 0.346753 0.013333 0.013333
4 0.439167 0.346753 0.013333 0.013333
0 0.060000 0.266500 0.010000 0.010000
5 0.127667 0.266500 0.013333 0.013333
2 0.625200 0.266500 0.009333 0.009333
4 0.501667 0.266500 0.013333 0.013333
3 0.374167 0.430333 0.033333 0.026667
3 0.176167 0.110333 0.033333 0.026667
3 0.572200 0.110333 0.033333 0.026667
11 0.187167 0.359167 0.033333 0.016667
