3 0.128433 0.586916 0.080775 0.149533
3 0.370759 0.586916 0.080775 0.149533
3 0.495961 0.586916 0.080775 0.149533
4 0.249596 0.586916 0.032310 0.074766
3 0.528271 0.914019 0.080775 0.149533
2 0.983845 0.792523 0.022617 0.052336
3 0.903877 0.586916 0.080775 0.149533
3 0.653473 0.287850 0.080775 0.149533
3 0.730210 0.085981 0.080775 0.149533
3 0.855412 0.287850 0.080775 0.149533
1 0.669628 0.586916 0.024233 0.056075
0 0.027464 0.586916 0.024233 0.056075
1 0.588853 0.446729 0.024233 0.056075
1 0.588853 0.717757 0.024233 0.056075
4 0.730210 0.287850 0.032310 0.074766
3 0.770598 0.717757 0.080775 0.149533
2 0.947496 0.287850 0.022617 0.052336
2 0.858643 0.717757 0.022617 0.052336
2 0.818255 0.085981 0.022617 0.052336
13 0.063813 0.586916 0.051696 0.018692
13 0.433360 0.586916 0.047658 0.018692
13 0.201131 0.586916 0.067851 0.018692
13 0.298061 0.586916 0.067851 0.018692
13 0.776252 0.866355 0.418417 0.102804
13 0.772617 0.586916 0.184976 0.018692
13 0.368942 0.769159 0.241115 0.297196
13 0.959208 0.676636 0.033118 0.186916
13 0.554523 0.587503 0.039580 0.018692
13 0.589040 0.512150 0.008078 0.082243
13 0.631260 0.587362 0.055735 0.018692
13 0.589042 0.657009 0.008078 0.072897
13 0.703958 0.288462 0.023425 0.018692
13 0.730448 0.205607 0.008078 0.097196
13 0.780695 0.288410 0.071890 0.018692
13 0.665590 0.717757 0.132472 0.018692
13 0.915994 0.287850 0.043619 0.018692
13 0.829160 0.717757 0.039580 0.018692
13 0.788772 0.085981 0.039580 0.018692
13 0.600969 0.353271 0.027464 0.138318
11 0.128433 0.586168 0.046059 0.026168
11 0.370759 0.586168 0.066105 0.080000
11 0.495961 0.586168 0.063565 0.053084
11 0.254429 0.514953 0.045206 0.047103
11 0.528271 0.913271 0.045520 0.053084
11 0.983725 0.833458 0.020762 0.022430
11 0.905094 0.586168 0.067637 0.080000
11 0.654688 0.287103 0.057906 0.053084
11 0.730210 0.085234 0.045520 0.053084
11 0.855412 0.287103 0.033669 0.026168
11 0.673566 0.529907 0.056341 0.047103
11 0.028303 0.642056 0.046913 0.047103
11 0.589213 0.760561 0.063724 0.022430
11 0.770598 0.717009 0.033669 0.026168
11 0.947218 0.328785 0.055987 0.022430
11 0.858921 0.758692 0.055483 0.022430
11 0.818552 0.126916 0.057136 0.022430
11 0.276075 0.560561 0.007724 0.022430
11 0.776883 0.582991 0.007724 0.022430
11 0.266073 0.889533 0.016799 0.022430
