8 0.213167 0.112167 0.376333 0.154333
0 0.060000 0.076667 0.010000 0.010000
3 0.096667 0.076667 0.033333 0.026667
3 0.171667 0.076667 0.033333 0.026667
4 0.135000 0.076667 0.013333 0.013333
1 0.208333 0.076667 0.010000 0.010000
1 0.250000 0.076667 0.010000 0.010000
1 0.250000 0.113333 0.010000 0.010000
3 0.301667 0.113333 0.033333 0.026667
4 0.338000 0.113333 0.013333 0.013333
2 0.382333 0.113333 0.009333 0.009333
1 0.250000 0.160667 0.010000 0.010000
3 0.301667 0.160667 0.033333 0.026667
2 0.338000 0.160667 0.009333 0.009333
