8 0.500170 0.500236 0.991298 0.986913
9 0.511474 0.852449 0.968690 0.282486
9 0.511474 0.217750 0.968690 0.421941
9 0.511474 0.569964 0.968690 0.282486
3 0.456526 0.807252 0.075358 0.090395
0 0.044013 0.171837 0.022607 0.033898
4 0.275572 0.171837 0.030143 0.045198
5 0.369864 0.171837 0.030143 0.045198
3 0.456526 0.109762 0.075358 0.045198
3 0.456526 0.171837 0.075358 0.045198
3 0.456526 0.238418 0.075358 0.045198
5 0.543188 0.171837 0.030143 0.045198
3 0.629849 0.171837 0.075358 0.090395
3 0.338672 0.357062 0.075358 0.090395
3 0.188910 0.171837 0.075358 0.090395
5 0.117225 0.171837 0.030143 0.045198
3 0.456526 0.357062 0.075358 0.090395
4 0.543188 0.357062 0.030143 0.045198
4 0.716511 0.171837 0.030143 0.045198
4 0.716511 0.357062 0.030143 0.045198
3 0.867227 0.171837 0.075358 0.090395
2 0.956556 0.171837 0.021100 0.031638
5 0.780871 0.171880 0.030143 0.045198
3 0.629849 0.569964 0.075358 0.090395
13 0.394544 0.129500 0.051620 0.043996
13 0.401892 0.172195 0.036925 0.011299
13 0.394544 0.216427 0.051620 0.048502
13 0.511161 0.172192 0.036925 0.011299
13 0.268224 0.500844 0.304260 0.617335
13 0.141764 0.172211 0.021949 0.011299
13 0.243544 0.172192 0.036925 0.011299
13 0.288471 0.275749 0.028059 0.167146
13 0.511161 0.357417 0.036925 0.011299
13 0.567867 0.474812 0.051620 0.194822
13 0.397599 0.357062 0.045510 0.011299
13 0.078735 0.172104 0.049851 0.011299
13 0.575215 0.172195 0.036925 0.011299
13 0.518885 0.129500 0.052374 0.043996
13 0.684484 0.172192 0.036925 0.011299
13 0.692208 0.474812 0.052374 0.194822
13 0.629849 0.357627 0.146194 0.011299
13 0.322718 0.172402 0.067164 0.011299
13 0.716888 0.264450 0.007536 0.144547
13 0.748691 0.172445 0.037231 0.011299
13 0.637875 0.500865 0.290354 0.617292
13 0.812745 0.172252 0.036620 0.011299
13 0.925456 0.171837 0.044115 0.011299
13 0.518598 0.215731 0.051800 0.047109
11 0.015524 0.500000 0.010550 0.089171
11 0.038131 0.569492 0.010550 0.076498
11 0.032705 0.217514 0.010550 0.066318
11 0.038131 0.851977 0.010550 0.081788
11 0.456669 0.806328 0.048008 0.015819
11 0.306223 0.190847 0.041232 0.013559
11 0.456669 0.109153 0.042231 0.015819
11 0.456669 0.171299 0.041989 0.015819
11 0.456669 0.237966 0.042231 0.015819
11 0.629992 0.171299 0.057814 0.032090
11 0.338357 0.356610 0.049510 0.015819
11 0.189148 0.171299 0.044471 0.032090
11 0.457808 0.356610 0.055306 0.032090
11 0.867370 0.171299 0.059469 0.015819
11 0.629992 0.569040 0.053029 0.015819
11 0.265560 0.167119 0.015672 0.013559
11 0.533369 0.365989 0.007206 0.013559
11 0.573021 0.342260 0.015672 0.013559
11 0.300513 0.156949 0.007206 0.013559
