8 0.500080 0.499935 0.992493 0.982654
9 0.509665 0.218738 0.973324 0.420260
11 0.030032 0.234717 0.015335 0.181098
9 0.509665 0.548700 0.973324 0.239663
11 0.030032 0.566962 0.015335 0.206969
9 0.509665 0.829897 0.973324 0.322731
11 0.030032 0.849197 0.015335 0.218728
0 0.072204 0.322812 0.019169 0.043042
11 0.072204 0.358052 0.087433 0.033537
4 0.261494 0.322812 0.025559 0.057389
11 0.281266 0.349713 0.039188 0.036585
3 0.345917 0.322812 0.063898 0.114778
11 0.345917 0.326399 0.060630 0.073171
3 0.347195 0.143472 0.063898 0.114778
11 0.347195 0.147059 0.044363 0.073171
4 0.500319 0.322879 0.025559 0.057389
11 0.552378 0.349780 0.136047 0.036585
3 0.449509 0.143472 0.063898 0.114778
11 0.449509 0.147059 0.053975 0.073171
3 0.565847 0.143472 0.063898 0.114778
11 0.565847 0.147059 0.062848 0.073171
5 0.123323 0.322879 0.025559 0.057389
3 0.438569 0.322812 0.063898 0.114778
11 0.438569 0.326399 0.080593 0.073171
3 0.196075 0.325494 0.063898 0.114778
11 0.196075 0.325852 0.070981 0.036585
3 0.593808 0.549384 0.063898 0.114778
11 0.593808 0.552971 0.068024 0.073171
4 0.667291 0.549384 0.025559 0.057389
4 0.737872 0.549384 0.025559 0.057389
3 0.391885 0.829220 0.063898 0.114778
11 0.391885 0.829579 0.083551 0.036585
3 0.811131 0.829220 0.063898 0.114778
11 0.811131 0.836035 0.062848 0.109756
2 0.919374 0.829220 0.017891 0.040172
11 0.919374 0.863026 0.151821 0.033537
5 0.737872 0.829220 0.025559 0.057389
13 0.096166 0.323186 0.031310 0.014347
13 0.531249 0.450479 0.063776 0.203550
11 0.491693 0.335254 0.015335 0.032927
13 0.574463 0.829598 0.303815 0.014347
13 0.764917 0.829676 0.031086 0.014347
13 0.876754 0.829220 0.069904 0.014347
13 0.640134 0.549835 0.031310 0.014347
13 0.398352 0.143472 0.040972 0.014347
13 0.507678 0.143472 0.054996 0.014347
13 0.150114 0.324557 0.030580 0.014347
13 0.241941 0.590397 0.238547 0.483385
13 0.590355 0.422143 0.157067 0.202832
11 0.525605 0.306739 0.022455 0.036585
13 0.667994 0.332081 0.142952 0.382957
13 0.702582 0.550102 0.047578 0.014347
13 0.738192 0.689302 0.006390 0.228185
13 0.392243 0.322812 0.031310 0.014347
13 0.479029 0.322832 0.019578 0.014347
13 0.288530 0.218795 0.055988 0.156385
11 0.246121 0.237581 0.030315 0.036585
13 0.294121 0.323254 0.042250 0.014347
11 0.295689 0.305528 0.022948 0.036585
13 0.238369 0.324512 0.023246 0.014347
