8 0.500000 0.050776 0.989295 0.084626
11 0.500000 0.051834 0.287307 0.059944
8 0.500000 0.358956 0.989295 0.277856
11 0.015165 0.388334 0.021409 0.332944
8 0.500000 0.783498 0.989295 0.416079
11 0.015165 0.816343 0.021409 0.372250
0 0.072257 0.380818 0.026762 0.042313
11 0.072257 0.426128 0.095568 0.065938
3 0.170384 0.380818 0.089206 0.112835
11 0.170384 0.384344 0.109418 0.071932
1 0.767172 0.380818 0.026762 0.042313
11 0.768064 0.343530 0.114493 0.032969
1 0.562890 0.297602 0.026762 0.042313
11 0.563782 0.260314 0.158965 0.032969
3 0.681534 0.297602 0.089206 0.112835
11 0.681534 0.304302 0.115611 0.107898
3 0.865299 0.380818 0.089206 0.112835
11 0.865299 0.384344 0.116643 0.071932
2 0.962533 0.380818 0.024978 0.039492
0 0.183764 0.772920 0.026762 0.042313
11 0.183764 0.807563 0.100299 0.032969
3 0.299732 0.772920 0.089206 0.112835
11 0.299732 0.776446 0.110450 0.071932
4 0.402319 0.772920 0.035682 0.056417
11 0.403211 0.819817 0.139353 0.035966
3 0.562890 0.912553 0.089206 0.112835
11 0.562890 0.916079 0.110450 0.071932
5 0.478145 0.856135 0.035682 0.056417
3 0.562890 0.772920 0.089206 0.112835
11 0.562890 0.776446 0.093934 0.071932
2 0.646744 0.772920 0.024978 0.039492
3 0.768956 0.684062 0.089206 0.112835
11 0.768956 0.687588 0.062967 0.071932
2 0.865299 0.684062 0.024978 0.039492
4 0.684211 0.684062 0.035682 0.056417
13 0.072257 0.226375 0.008921 0.272214
13 0.183764 0.594499 0.008921 0.320169
13 0.226137 0.772920 0.061552 0.014104
13 0.364407 0.773362 0.043711 0.014104
13 0.498439 0.796192 0.043265 0.069111
13 0.562890 0.517630 0.008921 0.403385
13 0.431534 0.828984 0.061106 0.061354
11 0.390277 0.779644 0.021409 0.069363
13 0.499052 0.898449 0.042038 0.033850
13 0.620874 0.772920 0.030330 0.014104
13 0.606601 0.297602 0.064228 0.014104
13 0.315343 0.381206 0.204282 0.014104
13 0.602587 0.381166 0.305977 0.014104
13 0.865299 0.208745 0.008921 0.236953
13 0.929973 0.380818 0.043711 0.014104
13 0.800624 0.380818 0.043711 0.014104
13 0.491748 0.325106 0.119090 0.060649
13 0.105709 0.380818 0.043711 0.014104
13 0.768064 0.514810 0.008921 0.231312
13 0.833185 0.684062 0.042819 0.014104
13 0.713202 0.684528 0.025870 0.014104
13 0.681534 0.167137 0.008921 0.153738
13 0.534567 0.714739 0.267172 0.065585
11 0.390277 0.728667 0.021409 0.032369
13 0.645852 0.812412 0.080285 0.205924
11 0.619893 0.895980 0.020339 0.035966
13 0.557761 0.400564 0.251115 0.098731
