0 0.025551 0.870801 0.019096 0.077519
3 0.095570 0.870801 0.063654 0.206718
4 0.168772 0.870801 0.025461 0.103359
4 0.819379 0.870801 0.025461 0.103359
2 0.972712 0.870801 0.017823 0.072351
3 0.892581 0.870801 0.063654 0.206718
3 0.241973 0.683463 0.063654 0.206718
1 0.372575 0.683463 0.019096 0.077519
3 0.503177 0.119729 0.063654 0.206718
1 0.372575 0.378127 0.019096 0.077519
3 0.468701 0.378127 0.063654 0.206718
4 0.541903 0.378127 0.025461 0.103359
3 0.630355 0.683463 0.094154 0.206718
1 0.372575 0.119729 0.019096 0.077519
4 0.541903 0.683463 0.025461 0.103359
2 0.742040 0.683463 0.017823 0.072351
13 0.049421 0.870801 0.031190 0.025840
13 0.141719 0.871612 0.031190 0.025840
13 0.494076 0.872093 0.627692 0.025840
13 0.846432 0.871619 0.031190 0.025840
13 0.944104 0.870801 0.041938 0.025840
13 0.189618 0.751292 0.043603 0.145995
13 0.288122 0.684274 0.031190 0.025840
13 0.345466 0.684076 0.037667 0.025840
13 0.339260 0.375756 0.050080 0.522390
13 0.426736 0.119729 0.091773 0.025840
13 0.677351 0.469425 0.287240 0.709729
13 0.339260 0.504955 0.050080 0.263992
13 0.409499 0.378127 0.057297 0.025840
13 0.514850 0.378938 0.031190 0.025840
13 0.687166 0.599270 0.267610 0.450039
13 0.455647 0.684095 0.149595 0.025840
13 0.542221 0.530795 0.006365 0.212313
13 0.568955 0.684363 0.031190 0.025840
13 0.705280 0.683463 0.058243 0.025840
11 0.026466 0.947028 0.046567 0.065116
11 0.095481 0.869767 0.052006 0.073385
11 0.202190 0.939276 0.056831 0.065116
11 0.972435 0.944444 0.046716 0.065116
11 0.892425 0.869767 0.032899 0.073385
11 0.241884 0.683721 0.052093 0.073385
11 0.372499 0.743928 0.047352 0.031008
11 0.502864 0.117829 0.050957 0.073385
11 0.373200 0.453488 0.055120 0.065116
11 0.469449 0.376227 0.045632 0.073385
11 0.564076 0.290698 0.044766 0.065116
11 0.631130 0.683721 0.076225 0.110594
11 0.373797 0.195090 0.056314 0.065116
11 0.742963 0.758398 0.047352 0.065116
11 0.193761 0.836951 0.013238 0.031008
11 0.160268 0.787855 0.006087 0.031008
11 0.563196 0.343411 0.006087 0.031008
11 0.533035 0.366667 0.013238 0.031008
