8 0.499903 0.499671 0.990081 0.979605
0 0.065640 0.394737 0.024311 0.049342
3 0.154781 0.394737 0.081037 0.131579
4 0.247974 0.394737 0.032415 0.065789
3 0.312790 0.215461 0.081037 0.131579
3 0.851163 0.792763 0.081037 0.131579
3 0.651268 0.215461 0.081037 0.131579
1 0.562127 0.626645 0.024311 0.049342
3 0.652249 0.626562 0.081037 0.131579
4 0.744461 0.626645 0.032415 0.065789
3 0.851163 0.421053 0.081037 0.131579
1 0.562127 0.421053 0.024311 0.049342
4 0.744461 0.421053 0.032415 0.065789
2 0.948152 0.215461 0.022690 0.046053
3 0.414086 0.215461 0.081037 0.131579
1 0.562397 0.215461 0.024311 0.049342
2 0.948152 0.792763 0.022690 0.046053
4 0.744461 0.792763 0.032415 0.065789
2 0.948152 0.421053 0.022690 0.046053
12 0.096029 0.394737 0.039708 0.016447
12 0.213533 0.395253 0.039708 0.016447
12 0.592651 0.215461 0.039439 0.016447
12 0.531873 0.215850 0.039978 0.016447
12 0.523837 0.437500 0.055511 0.384868
12 0.593006 0.626617 0.040689 0.016447
12 0.710511 0.627132 0.038728 0.016447
12 0.785656 0.421559 0.053217 0.016447
12 0.651268 0.421454 0.157212 0.016447
12 0.523837 0.334704 0.055511 0.179276
12 0.744866 0.523849 0.008104 0.146382
12 0.260325 0.288651 0.027133 0.152961
12 0.363438 0.215461 0.023501 0.016447
12 0.467847 0.216283 0.029726 0.016447
12 0.914244 0.792763 0.048367 0.016447
12 0.488316 0.610197 0.483116 0.371711
12 0.785656 0.793270 0.053217 0.016447
12 0.744866 0.709704 0.008104 0.106908
12 0.814297 0.215461 0.248262 0.016447
12 0.914244 0.421053 0.048367 0.016447
