8 0.229859 0.136454 0.446408 0.246242
9 0.234859 0.217909 0.436408 0.083333
9 0.234859 0.120618 0.436408 0.111249
9 0.234859 0.039163 0.436408 0.051660
3 0.128333 0.217909 0.033333 0.026667
3 0.048333 0.106660 0.033333 0.026667
3 0.201500 0.074667 0.045667 0.026667
4 0.234000 0.116993 0.013333 0.013333
3 0.320667 0.116993 0.033333 0.026667
4 0.369483 0.116993 0.013333 0.013333
3 0.125000 0.126606 0.033333 0.026667
4 0.086667 0.106660 0.013333 0.013333
3 0.128333 0.086343 0.033333 0.026667
3 0.201667 0.159939 0.033333 0.026667
4 0.163333 0.126606 0.013333 0.013333
4 0.259000 0.074667 0.013333 0.013333
5 0.387499 0.075165 0.013333 0.013333
3 0.201667 0.094939 0.033333 0.026667
3 0.202333 0.126273 0.033333 0.026667
3 0.425832 0.075165 0.033333 0.026667
0 0.011667 0.075000 0.010000 0.010000
2 0.462248 0.075248 0.009333 0.009333
