8 0.499840 0.500000 0.991987 0.986471
9 0.509455 0.500000 0.972757 0.422773
9 0.509455 0.147689 0.972757 0.281849
9 0.509455 0.852311 0.972757 0.281849
3 0.157692 0.429538 0.064103 0.090192
0 0.087179 0.429538 0.019231 0.033822
4 0.298718 0.429538 0.025641 0.045096
3 0.388462 0.430016 0.064103 0.090192
3 0.389423 0.570940 0.064103 0.090192
5 0.244231 0.429844 0.025641 0.045096
4 0.745834 0.430016 0.025641 0.045096
3 0.481411 0.570940 0.064103 0.090192
3 0.571154 0.570940 0.064103 0.090192
4 0.559936 0.430016 0.025641 0.045096
4 0.684936 0.430016 0.025641 0.045096
3 0.481411 0.430016 0.064103 0.090192
2 0.964744 0.430016 0.017949 0.031567
5 0.797116 0.430016 0.025641 0.045096
3 0.622436 0.146205 0.064103 0.090192
3 0.545513 0.852311 0.064103 0.090192
3 0.883654 0.852311 0.064103 0.090192
12 0.111218 0.429538 0.031410 0.011274
12 0.333975 0.430068 0.047436 0.011274
12 0.379006 0.652351 0.271474 0.404429
12 0.435417 0.570940 0.030449 0.011274
12 0.575320 0.276837 0.032693 0.265772
12 0.622436 0.430580 0.101924 0.011274
12 0.669872 0.276837 0.033334 0.265772
12 0.687500 0.652438 0.222436 0.404257
12 0.771475 0.430580 0.028205 0.011274
12 0.830769 0.641445 0.044231 0.426241
12 0.526282 0.570940 0.028205 0.011274
12 0.674680 0.511752 0.145513 0.122886
12 0.434936 0.430016 0.031410 0.011274
12 0.715385 0.430580 0.037821 0.011274
12 0.271475 0.430256 0.031411 0.011274
12 0.210577 0.429725 0.044231 0.011274
12 0.530289 0.430365 0.036217 0.011274
12 0.328205 0.511513 0.060897 0.123364
12 0.935737 0.641164 0.042628 0.426805
