8 0.499859 0.146861 0.992966 0.280269
8 0.499859 0.500000 0.992966 0.381166
8 0.499859 0.853139 0.992966 0.280269
3 0.196398 0.107623 0.056275 0.089686
1 0.258301 0.107623 0.016882 0.033632
3 0.323016 0.107623 0.056275 0.089686
3 0.432752 0.107623 0.056275 0.089686
1 0.370850 0.107623 0.016882 0.033632
1 0.576252 0.107623 0.016882 0.033632
3 0.778841 0.107623 0.056275 0.089686
3 0.860439 0.107623 0.056275 0.089686
2 0.941474 0.107623 0.015757 0.031390
0 0.062465 0.107623 0.016882 0.033632
3 0.124367 0.107623 0.056275 0.089686
3 0.508160 0.107623 0.056275 0.089686
0 0.062465 0.449552 0.016882 0.033632
3 0.204840 0.449552 0.056275 0.089686
3 0.314575 0.449552 0.056275 0.089686
3 0.421497 0.449552 0.056275 0.089686
3 0.503095 0.449552 0.056275 0.089686
3 0.584693 0.449552 0.056275 0.089686
1 0.660664 0.449552 0.016882 0.033632
3 0.728194 0.449552 0.056275 0.089686
3 0.880135 0.449552 0.056275 0.089686
2 0.941474 0.449552 0.015757 0.031390
1 0.818233 0.449552 0.016882 0.033632
1 0.805290 0.532511 0.016882 0.033632
1 0.778841 0.449552 0.016882 0.033632
3 0.880135 0.589686 0.056275 0.089686
0 0.062465 0.853139 0.016882 0.033632
3 0.224536 0.853139 0.056275 0.089686
3 0.306134 0.853139 0.056275 0.089686
3 0.387732 0.853139 0.056275 0.089686
2 0.463140 0.853139 0.015757 0.031390
12 0.083568 0.107623 0.027575 0.011211
12 0.237198 0.107623 0.027575 0.011211
12 0.280810 0.107623 0.030388 0.011211
12 0.192741 0.292601 0.262802 0.284753
12 0.123804 0.449552 0.108047 0.011211
12 0.356781 0.107623 0.013506 0.011211
12 0.391953 0.107623 0.027575 0.011211
12 0.287845 0.264574 0.168261 0.284753
12 0.368036 0.449552 0.052898 0.011211
12 0.462296 0.449552 0.027575 0.011211
12 0.470456 0.107623 0.021384 0.011211
12 0.505627 0.278587 0.005627 0.256726
12 0.543894 0.449552 0.027575 0.011211
12 0.323579 0.665359 0.524479 0.346413
12 0.133652 0.853139 0.127743 0.011211
12 0.265335 0.853139 0.027575 0.011211
12 0.346933 0.853139 0.027575 0.011211
12 0.632527 0.449552 0.041643 0.011211
12 0.524198 0.637332 0.275183 0.346413
12 0.435566 0.853139 0.041643 0.011211
12 0.684581 0.449552 0.033202 0.011211
12 0.552054 0.107623 0.033765 0.011211
12 0.649831 0.264574 0.158976 0.284753
12 0.819640 0.107623 0.027575 0.011211
12 0.911086 0.107623 0.047271 0.011211
12 0.763365 0.449552 0.016320 0.011211
12 0.259707 0.449552 0.055712 0.011211
12 0.920934 0.449552 0.027575 0.011211
12 0.160383 0.107623 0.018008 0.011211
12 0.387732 0.283852 0.092290 0.267257
12 0.839336 0.449552 0.027575 0.011211
12 0.667698 0.107623 0.168261 0.011211
12 0.798537 0.449552 0.024761 0.011211
12 0.832864 0.561099 0.040518 0.061659
12 0.792065 0.491031 0.017977 0.053812
12 0.829488 0.566704 0.103545 0.205157
12 0.825267 0.278587 0.072594 0.256726
