8 0.208833 0.127880 0.387667 0.105761
8 0.208833 0.053333 0.387667 0.020000
8 0.208833 0.249261 0.387667 0.112333
0 0.038275 0.126427 0.010000 0.010000
3 0.076667 0.126427 0.033333 0.026667
1 0.303333 0.099761 0.010000 0.010000
1 0.198333 0.153094 0.010000 0.010000
3 0.346667 0.099761 0.033333 0.026667
3 0.246667 0.153094 0.033333 0.026667
2 0.383000 0.126427 0.009333 0.009333
0 0.076667 0.249761 0.010000 0.010000
3 0.113333 0.249761 0.033333 0.026667
4 0.151667 0.249761 0.013333 0.013333
3 0.198333 0.274761 0.033333 0.026667
3 0.303333 0.214761 0.033333 0.026667
3 0.246667 0.274761 0.033333 0.026667
2 0.383000 0.249761 0.009333 0.009333
