8 0.289167 0.095167 0.578333 0.090333
8 0.290000 0.218500 0.580000 0.111667
8 0.290000 0.329333 0.580000 0.065333
0 0.030000 0.109000 0.010000 0.010000
3 0.066667 0.109000 0.033333 0.026667
3 0.231667 0.109000 0.033333 0.026667
3 0.280000 0.109000 0.033333 0.026667
1 0.401667 0.109000 0.010000 0.010000
3 0.436000 0.109000 0.033333 0.026667
3 0.516667 0.109000 0.033333 0.026667
2 0.567333 0.109000 0.009333 0.009333
3 0.145000 0.109000 0.033333 0.026667
3 0.183333 0.109000 0.033333 0.026667
1 0.103333 0.109000 0.010000 0.010000
1 0.472667 0.109000 0.010000 0.010000
11 0.061667 0.085667 0.033333 0.016667
11 0.305000 0.077333 0.033333 0.016667
0 0.066667 0.214333 0.010000 0.010000
3 0.103333 0.214333 0.033333 0.026667
3 0.163333 0.214333 0.033333 0.026667
1 0.195000 0.214333 0.010000 0.010000
3 0.231667 0.214333 0.033333 0.026667
3 0.280000 0.214333 0.033333 0.026667
3 0.328333 0.214333 0.033333 0.026667
1 0.365000 0.214333 0.010000 0.010000
3 0.401667 0.214333 0.033333 0.026667
2 0.567333 0.214333 0.009333 0.009333
1 0.541000 0.239333 0.010000 0.010000
4 0.541000 0.214333 0.013333 0.013333
3 0.502667 0.256000 0.033333 0.026667
1 0.436000 0.214388 0.010000 0.010000
3 0.475000 0.214333 0.033333 0.026667
0 0.040000 0.329333 0.010000 0.010000
3 0.076667 0.329333 0.033333 0.026667
3 0.125000 0.329333 0.033333 0.026667
3 0.173333 0.329333 0.033333 0.026667
2 0.209667 0.329333 0.009333 0.009333
