8 0.500000 0.500000 0.989483 0.974737
0 0.097283 0.275789 0.026293 0.063158
3 0.193690 0.275789 0.087642 0.168421
3 0.390885 0.275789 0.087642 0.168421
4 0.294479 0.275789 0.035057 0.084211
1 0.487292 0.275789 0.026293 0.063158
1 0.596845 0.275789 0.026293 0.063158
1 0.596845 0.507368 0.026293 0.063158
3 0.732691 0.507368 0.087642 0.168421
4 0.828221 0.507368 0.035057 0.084211
2 0.944785 0.507368 0.024540 0.058947
1 0.596845 0.806316 0.026293 0.063158
3 0.732691 0.806316 0.087642 0.168421
2 0.828221 0.806316 0.024540 0.058947
12 0.130149 0.275789 0.042945 0.021053
12 0.257230 0.276450 0.042945 0.021053
12 0.329535 0.276462 0.038563 0.021053
12 0.454426 0.275789 0.042945 0.021053
12 0.542068 0.275789 0.086766 0.021053
12 0.542068 0.391579 0.086766 0.240000
12 0.649430 0.806316 0.082384 0.021053
12 0.796231 0.806316 0.042945 0.021053
12 0.649430 0.507368 0.082384 0.021053
12 0.793602 0.508037 0.037686 0.021053
12 0.777388 0.376842 0.338300 0.210526
12 0.828431 0.663158 0.008764 0.235789
12 0.542068 0.541053 0.086766 0.538947
12 0.889132 0.507368 0.090272 0.021053
12 0.561569 0.627368 0.536810 0.627368
