8 0.500000 0.500000 0.990573 0.988593
9 0.511783 0.611692 0.967007 0.177757
9 0.511783 0.264259 0.967007 0.517110
9 0.511783 0.847433 0.967007 0.293726
0 0.767478 0.612167 0.023566 0.028517
0 0.082482 0.083650 0.023566 0.028517
3 0.168892 0.083650 0.078555 0.076046
4 0.259230 0.083650 0.031422 0.038023
2 0.916732 0.083650 0.021995 0.026616
5 0.259655 0.159696 0.031422 0.038023
1 0.563236 0.383080 0.023566 0.028517
3 0.677141 0.159696 0.078555 0.076046
3 0.817753 0.083650 0.078555 0.076046
3 0.677141 0.264259 0.078555 0.076046
4 0.767478 0.264259 0.031422 0.038023
1 0.563236 0.159696 0.023566 0.028517
1 0.563236 0.264259 0.023566 0.028517
3 0.767478 0.383080 0.078555 0.076046
3 0.259655 0.288023 0.078555 0.076046
3 0.349568 0.160171 0.078555 0.076046
0 0.259230 0.928232 0.023566 0.028517
3 0.485467 0.928232 0.078555 0.076046
4 0.485467 0.847909 0.031422 0.038023
3 0.603299 0.752376 0.078555 0.076046
3 0.485467 0.752376 0.078555 0.076046
12 0.111940 0.083650 0.038492 0.009506
12 0.225844 0.083949 0.038492 0.009506
12 0.260029 0.121673 0.007855 0.041825
12 0.512372 0.280894 0.081304 0.208175
12 0.747447 0.121673 0.065200 0.079848
12 0.526709 0.083898 0.506677 0.009506
12 0.881383 0.083650 0.051846 0.009506
12 0.734093 0.264557 0.038492 0.009506
12 0.800079 0.193203 0.036921 0.146863
12 0.606441 0.159696 0.065986 0.009506
12 0.520031 0.159696 0.065986 0.009506
12 0.512372 0.221483 0.081304 0.089354
12 0.606441 0.264259 0.065986 0.009506
12 0.767707 0.314163 0.007855 0.065589
12 0.651610 0.383080 0.156324 0.009506
12 0.259230 0.620010 0.007855 0.591730
12 0.767478 0.509506 0.007855 0.180608
12 0.358602 0.928232 0.178319 0.009506
12 0.485712 0.878565 0.007855 0.027091
12 0.485702 0.809648 0.007855 0.042300
12 0.552239 0.819392 0.105263 0.061787
12 0.259881 0.214354 0.007855 0.075095
12 0.292828 0.160171 0.038067 0.009506
12 0.423016 0.160171 0.071485 0.009506
12 0.378060 0.224097 0.161398 0.131654
