8 0.500000 0.152859 0.992467 0.291715
8 0.500000 0.520420 0.992467 0.338390
8 0.297238 0.855893 0.586943 0.274212
0 0.050847 0.152859 0.018832 0.035006
3 0.119900 0.152859 0.062775 0.093349
3 0.210923 0.152859 0.062775 0.093349
3 0.349027 0.152859 0.062775 0.093349
3 0.440050 0.152859 0.062775 0.093349
1 0.509102 0.152859 0.018832 0.035006
1 0.577527 0.152859 0.018832 0.035006
3 0.799749 0.152859 0.062775 0.093349
3 0.890772 0.152859 0.062775 0.093349
1 0.677338 0.152859 0.018832 0.035006
1 0.677338 0.240373 0.018832 0.035006
2 0.959196 0.152859 0.017577 0.032672
4 0.727558 0.152859 0.025110 0.046674
1 0.279975 0.152859 0.018832 0.035006
0 0.050847 0.497083 0.018832 0.035006
3 0.119900 0.497083 0.062775 0.093349
3 0.210923 0.497083 0.062775 0.093349
3 0.301946 0.497083 0.062775 0.093349
1 0.370370 0.497083 0.018832 0.035006
3 0.439422 0.497083 0.062775 0.093349
1 0.508475 0.497083 0.018832 0.035006
3 0.577527 0.497083 0.062775 0.093349
1 0.710609 0.459160 0.018832 0.035006
3 0.779033 0.459160 0.062775 0.093349
1 0.821720 0.575846 0.018832 0.035006
3 0.890772 0.575846 0.062775 0.093349
2 0.959196 0.575846 0.017577 0.032672
0 0.050847 0.856476 0.018832 0.035006
3 0.119900 0.856476 0.062775 0.093349
3 0.210923 0.856476 0.062775 0.093349
2 0.349027 0.856476 0.017577 0.032672
12 0.074388 0.152859 0.030760 0.011669
12 0.165411 0.152859 0.030760 0.011669
12 0.256434 0.152859 0.030760 0.011669
12 0.303515 0.152859 0.030760 0.011669
12 0.199937 0.339557 0.300691 0.284714
12 0.074388 0.497083 0.030760 0.011669
12 0.165411 0.497083 0.030760 0.011669
12 0.394539 0.152859 0.030760 0.011669
12 0.335949 0.324971 0.231638 0.255543
12 0.315024 0.324971 0.231638 0.255543
12 0.256434 0.497083 0.030760 0.011669
12 0.347144 0.497083 0.030132 0.011669
12 0.485562 0.152859 0.030760 0.011669
12 0.439736 0.324971 0.141243 0.313886
12 0.393911 0.497083 0.030760 0.011669
12 0.245135 0.691365 0.391086 0.299883
12 0.074388 0.856476 0.030760 0.011669
12 0.165411 0.856476 0.030760 0.011669
12 0.484934 0.497083 0.030760 0.011669
12 0.428751 0.677363 0.161959 0.330222
12 0.532015 0.497083 0.030760 0.011669
12 0.543315 0.152859 0.052103 0.011669
12 0.845261 0.152859 0.030760 0.011669
12 0.621469 0.497452 0.027621 0.011669
12 0.845261 0.575846 0.030760 0.011669
12 0.680163 0.478300 0.044570 0.042949
12 0.733836 0.459160 0.030132 0.011669
12 0.810525 0.378938 0.024064 0.363477
12 0.853107 0.364352 0.077841 0.334306
12 0.700879 0.153131 0.030760 0.011669
12 0.706639 0.208285 0.042280 0.068845
12 0.754237 0.153228 0.030760 0.011669
12 0.733836 0.335181 0.113622 0.159277
12 0.936284 0.152859 0.030760 0.011669
12 0.936284 0.575846 0.030760 0.011669
12 0.291274 0.856476 0.100439 0.011669
12 0.601067 0.153131 0.030760 0.011669
12 0.654112 0.153134 0.030132 0.011669
12 0.647991 0.208285 0.042373 0.068845
12 0.577527 0.310385 0.006277 0.284714
12 0.735719 0.536464 0.155681 0.083431
12 0.704959 0.428238 0.119272 0.095683
