0 0.024009 0.071097 0.016750 0.046368
11 0.024009 0.109061 0.095352 0.036128
3 0.111390 0.071097 0.055835 0.123648
11 0.111390 0.071484 0.069777 0.039413
3 0.309883 0.071097 0.067560 0.123648
11 0.309883 0.074961 0.083991 0.078825
3 0.630455 0.542813 0.055835 0.123648
11 0.630455 0.546677 0.055564 0.078825
4 0.379955 0.071097 0.022334 0.061824
3 0.444165 0.071097 0.055835 0.123648
11 0.444165 0.074961 0.045872 0.078825
2 0.505025 0.071097 0.015634 0.043277
3 0.630455 0.736012 0.055835 0.123648
11 0.630455 0.739876 0.057502 0.078825
3 0.927912 0.929212 0.055835 0.123648
11 0.927912 0.936553 0.054917 0.118238
2 0.691315 0.542813 0.015634 0.043277
3 0.927912 0.736012 0.055835 0.123648
11 0.927912 0.739876 0.045872 0.078825
2 0.988772 0.736012 0.015634 0.043277
3 0.626997 0.348068 0.055835 0.123648
11 0.626997 0.351932 0.065901 0.078825
2 0.687857 0.348068 0.015634 0.043277
1 0.476313 0.542813 0.016750 0.046368
11 0.476313 0.580777 0.087060 0.036128
1 0.476840 0.736012 0.016750 0.046368
11 0.476840 0.773976 0.121411 0.036128
1 0.473100 0.348068 0.016750 0.046368
11 0.473100 0.386032 0.110158 0.036128
4 0.735532 0.736167 0.022334 0.061824
2 0.988772 0.929212 0.015634 0.043277
13 0.057929 0.071097 0.053322 0.015456
13 0.356226 0.071606 0.027359 0.015456
13 0.484645 0.071097 0.027359 0.015456
13 0.691369 0.736638 0.068226 0.015456
13 0.670935 0.542813 0.027359 0.015456
13 0.823347 0.736604 0.155529 0.015456
11 0.792033 0.718708 0.122777 0.040397
13 0.968392 0.736012 0.027359 0.015456
13 0.667478 0.348068 0.027359 0.015456
13 0.403685 0.071587 0.027359 0.015456
11 0.401970 0.053475 0.019651 0.039744
13 0.207705 0.071097 0.139028 0.015456
11 0.200487 0.052417 0.087222 0.039413
13 0.455306 0.543302 0.027499 0.015456
13 0.543613 0.542813 0.120082 0.015456
13 0.540278 0.348068 0.119838 0.015456
13 0.400287 0.322877 0.042338 0.447918
13 0.448255 0.430143 0.035173 0.169698
13 0.450125 0.655248 0.038913 0.169228
13 0.817817 0.848145 0.166589 0.168315
11 0.788994 0.905627 0.147954 0.039413
13 0.543876 0.736012 0.119556 0.015456
13 0.968392 0.929212 0.027359 0.015456
