8 0.278167 0.158167 0.526333 0.216333
9 0.283167 0.153833 0.516333 0.133667
9 0.283167 0.243500 0.516333 0.045667
9 0.283167 0.068500 0.516333 0.037000
0 0.038667 0.151667 0.010000 0.010000
3 0.075333 0.151667 0.033333 0.026667
4 0.131667 0.151667 0.013333 0.013333
3 0.190333 0.178333 0.033333 0.026667
3 0.165167 0.122000 0.033333 0.026667
3 0.243000 0.178333 0.033333 0.026667
3 0.295667 0.178333 0.033333 0.026667
5 0.107000 0.151000 0.013333 0.013333
3 0.213500 0.122000 0.033333 0.026667
4 0.243000 0.122000 0.013333 0.013333
4 0.352167 0.122000 0.013333 0.013333
4 0.352000 0.178333 0.013333 0.013333
3 0.107000 0.243000 0.033333 0.026667
3 0.390333 0.243000 0.033333 0.026667
2 0.426667 0.243000 0.009333 0.009333
5 0.352000 0.243000 0.013333 0.013333
3 0.283333 0.068667 0.033333 0.026667
