8 0.499659 0.500000 0.991138 0.979626
11 0.011588 0.500000 0.008180 0.120495
11 0.032038 0.500000 0.008180 0.238370
0 0.096115 0.086587 0.020450 0.050934
11 0.096115 0.124788 0.061218 0.018676
3 0.171097 0.086587 0.068166 0.135823
11 0.171097 0.083192 0.038387 0.020374
4 0.249489 0.086587 0.027267 0.067912
11 0.293719 0.114601 0.074145 0.020374
3 0.249489 0.298812 0.068166 0.135823
11 0.249489 0.295416 0.059947 0.040747
2 0.974778 0.086587 0.019087 0.047538
11 0.974778 0.123090 0.072787 0.018676
1 0.442399 0.298812 0.020450 0.050934
11 0.442399 0.337012 0.060254 0.018676
1 0.442399 0.765705 0.020450 0.050934
11 0.442399 0.803905 0.081946 0.018676
1 0.442399 0.511036 0.020450 0.050934
11 0.442399 0.549236 0.100745 0.018676
3 0.552829 0.298812 0.068166 0.135823
11 0.552829 0.295416 0.053637 0.040747
3 0.552829 0.765705 0.068166 0.135823
11 0.552829 0.762309 0.046801 0.040747
4 0.818678 0.765705 0.027267 0.067912
11 0.875791 0.793718 0.099912 0.020374
3 0.900477 0.511036 0.068166 0.135823
11 0.900477 0.507640 0.044172 0.040747
3 0.552829 0.511036 0.068166 0.135823
11 0.552829 0.507640 0.045223 0.040747
4 0.631220 0.511036 0.027267 0.067912
11 0.673347 0.539049 0.069939 0.020374
4 0.818678 0.086587 0.027267 0.067912
4 0.724949 0.511036 0.027267 0.067912
11 0.757610 0.539049 0.051008 0.020374
3 0.900477 0.086587 0.068166 0.135823
11 0.900477 0.083192 0.033655 0.040747
13 0.121677 0.086587 0.033401 0.016978
13 0.220518 0.087120 0.033401 0.016978
13 0.249687 0.175722 0.006817 0.117148
11 0.240197 0.097844 0.008209 0.018418
13 0.485685 0.298812 0.068848 0.016978
13 0.485685 0.765705 0.068848 0.016978
13 0.695978 0.766161 0.220859 0.016978
13 0.678085 0.511885 0.069189 0.016978
11 0.658195 0.488115 0.015776 0.020374
13 0.308793 0.299323 0.053170 0.016978
13 0.390082 0.421902 0.086912 0.185059
13 0.390082 0.549236 0.086912 0.439728
13 0.396728 0.299222 0.073620 0.016978
13 0.602249 0.511036 0.033401 0.016978
13 0.485685 0.511036 0.068848 0.016978
13 0.802488 0.511510 0.130539 0.016978
11 0.751880 0.487986 0.015791 0.020450
13 0.639059 0.621392 0.175187 0.159593
11 0.715746 0.522241 0.008180 0.018336
13 0.849352 0.087120 0.036810 0.016978
13 0.866394 0.672750 0.070893 0.194397
11 0.845652 0.742784 0.015776 0.020374
13 0.718303 0.282258 0.176210 0.396435
11 0.622018 0.454984 0.008180 0.017026
13 0.702965 0.209677 0.234833 0.185059
13 0.819018 0.426146 0.006817 0.617997
11 0.809475 0.708998 0.008180 0.018336
13 0.534083 0.086587 0.544649 0.016978
11 0.276139 0.062818 0.015776 0.020374
13 0.949898 0.086587 0.033401 0.016978
