8 0.500055 0.142237 0.994536 0.271444
8 0.500055 0.498914 0.994536 0.344191
8 0.500055 0.857851 0.994536 0.271444
3 0.088713 0.142237 0.046447 0.086862
3 0.237792 0.142237 0.046447 0.086862
3 0.395190 0.142237 0.046447 0.086862
3 0.745792 0.142237 0.046447 0.086862
3 0.895509 0.142237 0.046447 0.086862
2 0.966804 0.142237 0.013005 0.030402
3 0.820133 0.142237 0.046447 0.086862
3 0.311978 0.142237 0.046447 0.086862
0 0.037622 0.142237 0.013934 0.032573
1 0.163346 0.142237 0.013934 0.032573
1 0.583412 0.142237 0.013934 0.032573
0 0.037622 0.473398 0.013934 0.032573
3 0.237792 0.473398 0.046447 0.086862
3 0.311978 0.473702 0.046447 0.086862
3 0.395190 0.473398 0.046447 0.086862
3 0.462538 0.473398 0.046447 0.086862
1 0.513629 0.473398 0.013934 0.032573
3 0.583412 0.473398 0.046447 0.086862
1 0.745792 0.587405 0.013934 0.032573
3 0.820133 0.473398 0.046447 0.086862
1 0.745792 0.473398 0.013934 0.032573
2 0.894009 0.473702 0.013005 0.030402
3 0.820133 0.587405 0.046447 0.086862
4 0.644666 0.473846 0.018579 0.043431
0 0.037622 0.857851 0.013934 0.032573
3 0.095680 0.857851 0.046447 0.086862
3 0.395190 0.857851 0.046447 0.086862
3 0.513629 0.857851 0.046447 0.086862
2 0.591252 0.857851 0.013005 0.030402
12 0.055039 0.142237 0.022759 0.010858
12 0.134158 0.142237 0.046300 0.010858
12 0.129579 0.473398 0.171838 0.010858
12 0.274885 0.473550 0.029597 0.010858
12 0.133836 0.321390 0.194287 0.275787
12 0.353584 0.473550 0.038623 0.010858
12 0.274885 0.142237 0.029597 0.010858
12 0.395190 0.307818 0.004645 0.248643
12 0.428864 0.473398 0.022759 0.010858
12 0.058523 0.857851 0.029726 0.010858
12 0.245435 0.857851 0.254921 0.010858
12 0.454410 0.857851 0.073850 0.010858
12 0.496212 0.473398 0.022759 0.010858
12 0.513629 0.652052 0.004645 0.329078
12 0.939517 0.142237 0.043428 0.010858
12 0.621006 0.474004 0.030598 0.010858
12 0.720050 0.473805 0.039409 0.010858
12 0.745792 0.321390 0.004645 0.275787
12 0.774834 0.473398 0.046008 0.010858
12 0.782962 0.142237 0.029752 0.010858
12 0.857821 0.142237 0.030787 0.010858
12 0.820133 0.307818 0.004645 0.248643
12 0.865431 0.473585 0.046008 0.010858
12 0.248919 0.679197 0.429096 0.329078
12 0.353584 0.142237 0.038623 0.010858
12 0.319719 0.307969 0.004645 0.248946
12 0.304237 0.307969 0.004645 0.248946
12 0.560801 0.857851 0.049755 0.010858
12 0.192441 0.142237 0.046114 0.010858
12 0.715521 0.541411 0.048466 0.096331
12 0.540393 0.473398 0.041450 0.010858
12 0.668325 0.474318 0.030598 0.010858
12 0.774834 0.587405 0.046008 0.010858
12 0.732515 0.573514 0.177093 0.160247
12 0.497429 0.142237 0.159890 0.010858
12 0.656474 0.142237 0.134047 0.010858
12 0.583412 0.294245 0.004645 0.275787
