8 0.189489 0.044335 0.370096 0.073892
11 0.189489 0.045259 0.234112 0.052340
8 0.500000 0.357759 0.991118 0.442118
11 0.012583 0.384656 0.017765 0.304843
8 0.500000 0.798030 0.991118 0.389163
11 0.012583 0.826709 0.017765 0.325031
1 0.381939 0.358374 0.022206 0.036946
11 0.382679 0.314732 0.096571 0.028787
3 0.463360 0.235222 0.074019 0.098522
11 0.463360 0.238300 0.090790 0.062808
1 0.470762 0.475369 0.022206 0.036946
11 0.470762 0.441579 0.217482 0.028787
2 0.914138 0.235222 0.020725 0.034483
11 0.914138 0.264240 0.091861 0.028787
0 0.089563 0.358374 0.022206 0.036946
11 0.089563 0.388624 0.124836 0.028787
3 0.186173 0.358410 0.074019 0.098522
11 0.186173 0.364260 0.084794 0.094212
3 0.552184 0.475369 0.074019 0.098522
11 0.552184 0.478448 0.090790 0.062808
2 0.914138 0.475369 0.020725 0.034483
11 0.914138 0.504387 0.091861 0.028787
0 0.089563 0.798030 0.022206 0.036946
11 0.089563 0.828279 0.124836 0.028787
3 0.170984 0.798030 0.074019 0.098522
11 0.170984 0.803879 0.088220 0.094212
3 0.385642 0.727833 0.074019 0.098522
11 0.385642 0.730911 0.090790 0.062808
3 0.455959 0.868227 0.074019 0.098522
11 0.455959 0.871305 0.077942 0.062808
3 0.563286 0.868227 0.074019 0.098522
11 0.563286 0.874076 0.095929 0.094212
3 0.670614 0.868227 0.074019 0.098522
11 0.670614 0.871305 0.089933 0.062808
1 0.752036 0.868227 0.022206 0.036946
11 0.752036 0.898476 0.088720 0.028787
3 0.833457 0.868227 0.074019 0.098522
11 0.833457 0.871305 0.090790 0.062808
2 0.914138 0.868227 0.020725 0.034483
11 0.914138 0.897244 0.091861 0.028787
4 0.241303 0.798030 0.029608 0.049261
11 0.302464 0.821121 0.160167 0.031404
2 0.914138 0.727833 0.020725 0.034483
13 0.117321 0.798030 0.036269 0.012315
13 0.384165 0.527709 0.007402 0.306650
13 0.409697 0.296798 0.036269 0.128079
13 0.418949 0.115148 0.091784 0.146552
13 0.217246 0.798433 0.021466 0.012315
13 0.124915 0.358388 0.051458 0.012315
13 0.335677 0.358672 0.073279 0.012315
13 0.372872 0.429187 0.176536 0.097291
13 0.509623 0.868227 0.036269 0.012315
13 0.616950 0.868227 0.036269 0.012315
13 0.724278 0.868227 0.036269 0.012315
13 0.779793 0.868227 0.036269 0.012315
13 0.612032 0.588670 0.440941 0.465517
13 0.887121 0.868227 0.036269 0.012315
13 0.702073 0.235222 0.406366 0.012315
13 0.134485 0.593614 0.084685 0.376811
13 0.247046 0.358764 0.050689 0.012315
13 0.089563 0.210591 0.007402 0.263547
13 0.663213 0.727833 0.484084 0.012315
13 0.470762 0.656404 0.007402 0.330049
11 0.460400 0.677245 0.017765 0.236202
13 0.294967 0.750616 0.110290 0.050493
11 0.262451 0.697927 0.026012 0.031404
13 0.330126 0.845443 0.180607 0.050493
11 0.297113 0.855563 0.016876 0.031404
13 0.498520 0.475369 0.036269 0.012315
13 0.417594 0.253695 0.235376 0.349754
13 0.746484 0.475369 0.317543 0.012315
