8 0.496535 0.500960 0.984754 0.975048
9 0.506930 0.218810 0.963964 0.410749
9 0.506930 0.552783 0.963964 0.257198
9 0.506930 0.834933 0.963964 0.307102
0 0.045738 0.128599 0.020790 0.057582
4 0.308385 0.128599 0.027720 0.076775
3 0.444213 0.128599 0.069300 0.153551
3 0.444213 0.320537 0.069300 0.153551
3 0.550243 0.128599 0.069300 0.153551
3 0.829522 0.128599 0.069300 0.153551
4 0.656272 0.320537 0.027720 0.076775
3 0.206514 0.128907 0.069300 0.153551
5 0.111573 0.128907 0.027720 0.076775
4 0.767845 0.320537 0.027720 0.076775
4 0.829522 0.320537 0.027720 0.076775
3 0.550243 0.320537 0.069300 0.153551
3 0.705475 0.568138 0.069300 0.153551
3 0.206514 0.863724 0.069300 0.153551
3 0.902980 0.863724 0.069300 0.153551
5 0.829522 0.863724 0.027720 0.076775
2 0.971587 0.863724 0.019404 0.053743
13 0.663721 0.463532 0.016979 0.216891
13 0.267845 0.129298 0.056133 0.019194
13 0.148649 0.129494 0.049203 0.019194
13 0.076923 0.129196 0.044352 0.019194
13 0.141892 0.515509 0.062717 0.704106
13 0.949757 0.863724 0.027027 0.019194
13 0.754158 0.463532 0.030839 0.216891
13 0.712058 0.321497 0.086625 0.019194
13 0.829729 0.243762 0.006930 0.084453
13 0.798683 0.321497 0.036729 0.019194
13 0.829868 0.592131 0.006930 0.474088
13 0.855856 0.864683 0.027720 0.019194
13 0.528413 0.863724 0.577270 0.019194
13 0.365904 0.129154 0.090090 0.019194
13 0.359148 0.243762 0.103604 0.161228
13 0.497228 0.128599 0.039501 0.019194
13 0.497228 0.320537 0.039501 0.019194
13 0.613652 0.321109 0.060291 0.019194
13 0.689882 0.128599 0.212751 0.019194
11 0.014276 0.500960 0.009702 0.179890
11 0.035066 0.834933 0.009702 0.138931
11 0.035066 0.552783 0.009702 0.129945
11 0.035066 0.218810 0.009702 0.112651
11 0.063014 0.047793 0.062273 0.023033
11 0.309885 0.043954 0.041807 0.023033
11 0.445257 0.127831 0.038613 0.054511
11 0.445260 0.319770 0.047622 0.054511
11 0.550243 0.127831 0.039987 0.054511
11 0.829522 0.127831 0.044616 0.054511
11 0.680619 0.246641 0.047308 0.048369
11 0.207561 0.127831 0.052625 0.054511
11 0.550243 0.319770 0.057549 0.054511
11 0.706522 0.567370 0.050860 0.054511
11 0.206514 0.862956 0.039287 0.054511
11 0.902980 0.862956 0.045067 0.054511
11 0.973428 0.785988 0.043876 0.048369
11 0.647111 0.335701 0.006627 0.023033
11 0.683575 0.295393 0.014412 0.023033
11 0.356414 0.101536 0.051704 0.023033
11 0.299122 0.022841 0.046615 0.023033
