8 0.448826 0.062385 0.880439 0.109663
8 0.496511 0.364713 0.981473 0.382793
8 0.500000 0.791771 0.988450 0.401496
0 0.106833 0.329177 0.028874 0.037406
3 0.241578 0.329177 0.096246 0.099751
1 0.467757 0.329177 0.028874 0.037406
3 0.381136 0.329177 0.096246 0.099751
3 0.683831 0.254364 0.096246 0.099751
2 0.813282 0.254364 0.026949 0.034913
1 0.572666 0.254364 0.028874 0.037406
1 0.572666 0.422693 0.028874 0.037406
3 0.683831 0.422693 0.096246 0.099751
1 0.832531 0.422693 0.028874 0.037406
3 0.934312 0.422693 0.096246 0.099751
3 0.212705 0.746883 0.096246 0.099751
3 0.488932 0.647132 0.096246 0.099751
0 0.106833 0.746883 0.028874 0.037406
3 0.553417 0.846633 0.096246 0.099751
2 0.651588 0.647132 0.026949 0.034913
3 0.692974 0.846633 0.096246 0.099751
3 0.832531 0.846633 0.096246 0.099751
2 0.937440 0.846633 0.026949 0.034913
4 0.313763 0.746883 0.038499 0.049875
12 0.277671 0.747282 0.037536 0.012469
12 0.311357 0.329177 0.047161 0.012469
12 0.441290 0.329177 0.027911 0.012469
12 0.494225 0.329460 0.027911 0.012469
12 0.683831 0.160853 0.009625 0.092260
12 0.765881 0.254364 0.071704 0.012469
12 0.174206 0.553616 0.138595 0.354115
12 0.142926 0.746883 0.047161 0.012469
12 0.467757 0.472569 0.009625 0.254364
12 0.587584 0.647132 0.104909 0.012469
12 0.542108 0.279302 0.036092 0.054863
12 0.611405 0.254364 0.052454 0.012469
12 0.542108 0.388404 0.036092 0.073566
12 0.611405 0.422693 0.052454 0.012469
12 0.532483 0.442020 0.306545 0.130923
12 0.510587 0.572319 0.089509 0.453865
12 0.157363 0.329177 0.076035 0.012469
12 0.106833 0.213845 0.009625 0.198245
12 0.623195 0.846633 0.047161 0.012469
12 0.762753 0.846633 0.047161 0.012469
12 0.775024 0.422693 0.089990 0.012469
12 0.817854 0.216688 0.271896 0.317248
12 0.866578 0.422693 0.043070 0.012469
12 0.911678 0.217601 0.049117 0.315421
12 0.832531 0.619077 0.009625 0.360349
12 0.902310 0.846633 0.047161 0.012469
12 0.409528 0.809227 0.195380 0.079800
12 0.377286 0.684539 0.130895 0.079800
