8 0.553835 0.056667 1.000000 0.083333
8 0.553835 0.157158 1.000000 0.087650
8 0.553835 0.248393 1.000000 0.073453
0 0.045000 0.056667 0.010000 0.010000
3 0.081667 0.056667 0.033333 0.026667
3 0.130000 0.056667 0.033333 0.026667
1 0.166667 0.056667 0.010000 0.010000
3 0.203333 0.056667 0.033333 0.026667
1 0.288333 0.056667 0.010000 0.010000
3 0.325000 0.056667 0.033333 0.026667
1 0.458333 0.056667 0.010000 0.010000
1 0.706667 0.056667 0.010000 0.010000
3 0.792666 0.056667 0.033333 0.026667
1 0.918333 0.056667 0.010000 0.010000
3 0.955000 0.056667 0.033333 0.026667
2 1.000000 0.056667 0.009333 0.009333
3 0.841000 0.056667 0.033333 0.026667
0 0.203333 0.140833 0.010000 0.010000
3 0.240000 0.140833 0.033333 0.026667
3 0.288333 0.140833 0.033333 0.026667
1 0.325000 0.140833 0.010000 0.010000
3 0.361667 0.140833 0.033333 0.026667
3 0.410000 0.140833 0.033333 0.026667
3 0.458333 0.140833 0.033333 0.026667
3 0.506667 0.140833 0.033333 0.026667
1 0.670000 0.140833 0.010000 0.010000
3 0.706667 0.140833 0.033333 0.026667
1 0.792508 0.132585 0.010000 0.010000
3 0.918333 0.132585 0.033333 0.026667
3 0.837450 0.179720 0.033333 0.026667
1 0.792508 0.179720 0.010000 0.010000
1 0.840868 0.132585 0.010000 0.010000
2 0.954667 0.132585 0.009333 0.009333
1 0.506667 0.251000 0.010000 0.010000
3 0.543333 0.251000 0.033333 0.026667
1 0.585000 0.251000 0.010000 0.010000
3 0.621667 0.251000 0.033333 0.026667
3 0.670000 0.251000 0.033333 0.026667
2 0.706333 0.251000 0.009333 0.009333
