8 0.500023 0.149015 0.994084 0.283251
11 0.008445 0.173419 0.011923 0.276579
8 0.488845 0.475369 0.971729 0.307882
11 0.008445 0.504761 0.011923 0.333106
8 0.371585 0.838670 0.737208 0.307882
11 0.008445 0.863608 0.011923 0.282635
11 0.023348 0.154893 0.011923 0.066621
0 0.047690 0.161330 0.014903 0.036946
11 0.047690 0.200893 0.041628 0.057574
3 0.102335 0.161330 0.049677 0.098522
11 0.102335 0.169951 0.052885 0.125616
1 0.156980 0.161330 0.014903 0.036946
11 0.156980 0.200893 0.046370 0.057574
3 0.211624 0.161330 0.049677 0.098522
11 0.211624 0.164409 0.041963 0.062808
1 0.266269 0.161330 0.014903 0.036946
11 0.266766 0.110299 0.050059 0.028787
3 0.338301 0.161330 0.049677 0.098522
11 0.338301 0.164409 0.040238 0.062808
1 0.409339 0.161330 0.014903 0.036946
11 0.408346 0.102909 0.074824 0.028787
3 0.463984 0.161330 0.049677 0.098522
11 0.463984 0.161638 0.050585 0.031404
1 0.710879 0.161330 0.014903 0.036946
11 0.712370 0.106604 0.054801 0.028787
3 0.836608 0.161330 0.049677 0.098522
11 0.836608 0.164409 0.056334 0.062808
1 0.891712 0.161330 0.014903 0.036946
11 0.889228 0.112762 0.045316 0.028787
2 0.945400 0.161330 0.013910 0.034483
11 0.945400 0.199661 0.038993 0.057574
4 0.751976 0.161330 0.019871 0.049261
11 0.750485 0.228448 0.046562 0.062808
4 0.671138 0.161330 0.019871 0.049261
11 0.023348 0.490333 0.011923 0.169581
0 0.211624 0.413793 0.014903 0.036946
11 0.211624 0.453356 0.038466 0.057574
3 0.265276 0.413793 0.049677 0.098522
11 0.265276 0.422414 0.058633 0.125616
3 0.338301 0.413793 0.049677 0.098522
11 0.338301 0.416872 0.059783 0.062808
3 0.410333 0.413793 0.049677 0.098522
11 0.410333 0.414101 0.064382 0.031404
3 0.482365 0.413793 0.049677 0.098522
11 0.482365 0.414101 0.068405 0.031404
1 0.609041 0.413793 0.014903 0.036946
11 0.609041 0.453356 0.041101 0.057574
3 0.711376 0.413793 0.049677 0.098522
11 0.711376 0.416872 0.066681 0.062808
1 0.836608 0.413793 0.014903 0.036946
11 0.831640 0.463208 0.058489 0.057574
1 0.837104 0.503695 0.014903 0.036946
11 0.837104 0.533944 0.036358 0.028787
3 0.891252 0.413793 0.049677 0.098522
11 0.891252 0.414101 0.066106 0.031404
2 0.945400 0.413793 0.013910 0.034483
11 0.945400 0.452124 0.046370 0.057574
4 0.648783 0.413793 0.019871 0.049261
11 0.023348 0.844905 0.011923 0.070659
0 0.482365 0.789409 0.014903 0.036946
11 0.482365 0.828972 0.038466 0.057574
3 0.537009 0.789409 0.049677 0.098522
11 0.537009 0.792488 0.042538 0.062808
3 0.609041 0.785714 0.049677 0.098522
11 0.609041 0.791564 0.056334 0.094212
2 0.710879 0.785714 0.013910 0.034483
11 0.710879 0.824046 0.038466 0.057574
13 0.066319 0.161330 0.024342 0.012315
13 0.138351 0.161330 0.024342 0.012315
13 0.175609 0.161330 0.024342 0.012315
13 0.211624 0.302956 0.004968 0.189655
13 0.229757 0.413793 0.023348 0.012315
13 0.301788 0.413793 0.025335 0.012315
13 0.247640 0.161330 0.024342 0.012315
13 0.265772 0.272167 0.004968 0.189655
13 0.293592 0.161330 0.041729 0.012315
13 0.338301 0.287562 0.004968 0.158867
13 0.374317 0.413793 0.024342 0.012315
13 0.382514 0.161330 0.040735 0.012315
13 0.409836 0.272167 0.004968 0.189655
13 0.446349 0.413793 0.024342 0.012315
13 0.482365 0.616995 0.004968 0.312808
13 0.500994 0.789409 0.024342 0.012315
13 0.573025 0.787562 0.024342 0.012315
13 0.554396 0.413793 0.096374 0.012315
13 0.609041 0.584360 0.004968 0.309113
13 0.668902 0.785714 0.072032 0.012315
13 0.627670 0.414080 0.024342 0.012315
13 0.427968 0.161330 0.024342 0.012315
13 0.575012 0.161660 0.174367 0.012315
13 0.710879 0.272167 0.004968 0.189655
13 0.746895 0.414181 0.023348 0.012315
13 0.803301 0.414091 0.053696 0.012315
13 0.798706 0.471059 0.063880 0.070197
13 0.836608 0.302956 0.004968 0.189655
13 0.855236 0.413793 0.024342 0.012315
13 0.927268 0.413793 0.024342 0.012315
13 0.872853 0.161330 0.024802 0.012315
13 0.918805 0.161330 0.041269 0.012315
13 0.891712 0.272167 0.004968 0.189655
13 0.672628 0.414176 0.029806 0.012315
13 0.743068 0.522783 0.190060 0.173645
13 0.730186 0.161618 0.025697 0.012315
13 0.692250 0.161621 0.024342 0.012315
13 0.711805 0.084360 0.082825 0.109606
11 0.745269 0.117941 0.011923 0.060565
13 0.786840 0.161693 0.051845 0.012315
11 0.768520 0.147364 0.011344 0.031487
