8 0.275417 0.191667 0.550835 0.233333
9 0.280417 0.266667 0.540835 0.083333
9 0.280417 0.150000 0.540835 0.150000
0 0.033333 0.140000 0.010000 0.010000
3 0.076667 0.140000 0.033333 0.026667
4 0.115000 0.140000 0.013333 0.013333
3 0.193333 0.140000 0.033333 0.026667
3 0.468168 0.091570 0.033333 0.026667
2 0.544501 0.140000 0.009333 0.009333
3 0.328168 0.140000 0.033333 0.026667
4 0.366501 0.140000 0.013333 0.013333
3 0.438168 0.140000 0.033333 0.026667
4 0.368168 0.213333 0.013333 0.013333
1 0.280333 0.140000 0.010000 0.010000
1 0.275333 0.173333 0.010000 0.010000
