8 0.499925 0.167976 0.990304 0.323557
8 0.499925 0.517318 0.990304 0.308953
8 0.285601 0.846966 0.561655 0.293989
0 0.076372 0.142810 0.023866 0.032787
3 0.163882 0.142810 0.079554 0.087432
1 0.243437 0.142810 0.023866 0.032787
3 0.330947 0.142810 0.079554 0.087432
1 0.462212 0.142810 0.023866 0.032787
3 0.664162 0.142810 0.079554 0.087432
3 0.871557 0.142810 0.079554 0.087432
2 0.958271 0.142810 0.022275 0.030601
3 0.163882 0.581540 0.079554 0.087432
3 0.283214 0.581540 0.079554 0.087432
0 0.076372 0.581540 0.023866 0.032787
1 0.374702 0.580447 0.023866 0.032787
1 0.768136 0.581540 0.023866 0.032787
1 0.664162 0.458016 0.023866 0.032787
3 0.462212 0.580447 0.079554 0.087432
3 0.879512 0.581540 0.079554 0.087432
2 0.958271 0.581540 0.022275 0.030601
3 0.558326 0.458016 0.079554 0.087432
0 0.076372 0.836584 0.023866 0.032787
3 0.186992 0.836584 0.079554 0.087432
3 0.374702 0.836584 0.079554 0.087432
2 0.489260 0.836584 0.022275 0.030601
13 0.106205 0.142810 0.038982 0.010929
13 0.217582 0.142810 0.031026 0.010929
13 0.273270 0.142810 0.038982 0.010929
13 0.223548 0.581540 0.042959 0.010929
13 0.167686 0.723346 0.161943 0.200553
13 0.117760 0.836584 0.062091 0.010929
13 0.280847 0.836584 0.111338 0.010929
13 0.342880 0.580993 0.042959 0.010929
13 0.374702 0.694854 0.007955 0.200400
13 0.404535 0.580447 0.038982 0.010929
13 0.462212 0.347967 0.007955 0.381900
13 0.767859 0.142810 0.131022 0.010929
13 0.410501 0.142810 0.082737 0.010929
13 0.549265 0.142810 0.153422 0.010929
13 0.575120 0.580752 0.149445 0.010929
13 0.718138 0.581276 0.079312 0.010929
13 0.664351 0.516499 0.007955 0.088551
13 0.809902 0.581540 0.062848 0.010929
13 0.933211 0.581540 0.031026 0.010929
13 0.446301 0.836584 0.066826 0.010929
13 0.929234 0.142810 0.038982 0.010929
13 0.106205 0.581540 0.038982 0.010929
13 0.203660 0.375836 0.257757 0.382992
13 0.713565 0.375836 0.101603 0.382992
13 0.625166 0.458016 0.057308 0.010929
13 0.622171 0.531923 0.055344 0.064754
13 0.516224 0.286287 0.087341 0.260397
11 0.016388 0.168306 0.011138 0.028424
11 0.076139 0.168197 0.029765 0.013115
11 0.163882 0.142732 0.045904 0.031038
11 0.243058 0.168197 0.061294 0.013115
11 0.332144 0.142732 0.047235 0.031038
11 0.665347 0.142732 0.038211 0.031038
11 0.871917 0.142732 0.043506 0.031038
11 0.016388 0.517486 0.011138 0.071446
11 0.165079 0.580984 0.057317 0.046776
11 0.283214 0.580984 0.063934 0.015301
11 0.076124 0.606448 0.040871 0.013115
11 0.374891 0.605355 0.057658 0.013115
11 0.769684 0.613661 0.050107 0.027541
11 0.664404 0.482951 0.038435 0.013115
11 0.462212 0.579891 0.038474 0.031038
11 0.879873 0.580984 0.045913 0.031038
11 0.558473 0.457486 0.060224 0.015301
11 0.016388 0.846448 0.011138 0.030249
11 0.076124 0.861093 0.040871 0.013115
11 0.186953 0.835628 0.045637 0.031038
11 0.374702 0.835628 0.051735 0.031038
