8 0.500000 0.500000 0.991422 0.978984
11 0.033595 0.500000 0.008578 0.141856
0 0.090064 0.309982 0.021444 0.052539
11 0.090064 0.359019 0.065205 0.038529
3 0.168692 0.309982 0.071480 0.140105
11 0.168692 0.306480 0.040253 0.021016
4 0.250893 0.309982 0.028592 0.070053
11 0.290105 0.338879 0.063413 0.021016
3 0.333095 0.196147 0.071480 0.140105
11 0.333095 0.192644 0.059001 0.063047
2 0.307362 0.483363 0.020014 0.049037
11 0.307362 0.521016 0.097049 0.019264
1 0.550179 0.196147 0.021444 0.052539
11 0.550179 0.235552 0.063183 0.019264
3 0.628806 0.196147 0.071480 0.140105
11 0.628806 0.192644 0.040253 0.042032
2 0.903288 0.196147 0.020014 0.049037
11 0.903288 0.253065 0.083401 0.057793
1 0.550179 0.509982 0.021444 0.052539
11 0.550179 0.559019 0.049030 0.038529
3 0.628806 0.509982 0.071480 0.140105
11 0.628806 0.506480 0.053487 0.042032
4 0.736026 0.509982 0.028592 0.070053
11 0.772205 0.549387 0.057347 0.042032
3 0.870336 0.860245 0.071480 0.140105
11 0.870336 0.856743 0.045216 0.063047
2 0.955397 0.860245 0.020014 0.049037
11 0.955397 0.917163 0.059645 0.057793
2 0.903288 0.371629 0.020014 0.049037
11 0.903288 0.418914 0.045492 0.038529
1 0.550179 0.860245 0.021444 0.052539
11 0.550179 0.899650 0.077336 0.019264
4 0.769979 0.860245 0.028592 0.070053
13 0.116869 0.309982 0.035025 0.017513
13 0.220515 0.310532 0.035025 0.017513
13 0.274303 0.235552 0.048964 0.085814
11 0.241244 0.250138 0.008578 0.021616
13 0.274303 0.414186 0.048964 0.145359
11 0.241244 0.308031 0.008578 0.045934
13 0.576984 0.196147 0.035025 0.017513
13 0.778913 0.196147 0.231594 0.017513
13 0.576984 0.509982 0.035025 0.017513
13 0.693138 0.510506 0.060043 0.017513
13 0.814832 0.423292 0.159757 0.110333
11 0.726376 0.450138 0.008578 0.021616
13 0.925733 0.860245 0.042173 0.017513
13 0.384918 0.196697 0.035025 0.017513
13 0.484525 0.196574 0.112723 0.017513
13 0.477555 0.370578 0.126662 0.285814
13 0.477555 0.545709 0.126662 0.636077
13 0.658292 0.860675 0.197641 0.017513
