8 0.453185 0.213355 0.896815 0.407166
11 0.013535 0.248456 0.019108 0.397807
8 0.500040 0.653094 0.990525 0.407166
11 0.013535 0.687017 0.019108 0.384458
8 0.483838 0.960016 0.958121 0.060098
11 0.483838 0.961238 0.256426 0.069218
0 0.275478 0.213355 0.023885 0.048860
11 0.275478 0.168669 0.098809 0.038070
3 0.366242 0.213355 0.079618 0.130293
11 0.366242 0.217427 0.099500 0.083062
4 0.457803 0.213355 0.031847 0.065147
11 0.511920 0.243893 0.137273 0.041531
3 0.685111 0.107492 0.079618 0.130293
11 0.685111 0.111564 0.099500 0.083062
2 0.784236 0.107492 0.022293 0.045603
11 0.784236 0.145867 0.128367 0.038070
2 0.521497 0.311075 0.022293 0.045603
11 0.521497 0.349450 0.135123 0.038070
1 0.580414 0.107492 0.023885 0.048860
11 0.580414 0.147496 0.135123 0.038070
0 0.100318 0.653094 0.023885 0.048860
11 0.100318 0.693099 0.098809 0.038070
3 0.187898 0.653094 0.079618 0.130293
11 0.187898 0.657166 0.104106 0.083062
1 0.275478 0.653094 0.023885 0.048860
11 0.275478 0.693099 0.129211 0.038070
1 0.402866 0.547231 0.023885 0.048860
11 0.402866 0.587235 0.146102 0.038070
1 0.482484 0.758958 0.023885 0.048860
11 0.482484 0.798962 0.135123 0.038070
2 0.556131 0.547231 0.022293 0.045603
11 0.556131 0.585607 0.152858 0.038070
1 0.646895 0.758958 0.023885 0.048860
11 0.646895 0.798962 0.170593 0.038070
1 0.784236 0.758958 0.023885 0.048860
11 0.784236 0.798962 0.122455 0.038070
2 0.922532 0.758958 0.022293 0.045603
11 0.922532 0.797333 0.152858 0.038070
13 0.130175 0.653094 0.039013 0.016287
13 0.245621 0.653094 0.039013 0.016287
13 0.306927 0.213355 0.042197 0.016287
13 0.275478 0.433225 0.007962 0.397394
13 0.423965 0.213866 0.039013 0.016287
13 0.749005 0.107492 0.051354 0.016287
13 0.484076 0.278502 0.055732 0.071661
11 0.446656 0.227020 0.019108 0.034708
13 0.513137 0.144137 0.113854 0.079805
11 0.446656 0.157181 0.019108 0.077426
13 0.618830 0.107492 0.056131 0.016287
13 0.305334 0.653474 0.039013 0.016287
13 0.365247 0.583876 0.054538 0.079805
13 0.405056 0.722313 0.134156 0.079805
13 0.479896 0.547231 0.133360 0.016287
13 0.564689 0.758958 0.143710 0.016287
13 0.715565 0.758958 0.116640 0.016287
13 0.853782 0.758958 0.118392 0.016287
13 0.462182 0.428339 0.121815 0.195440
13 0.544586 0.433225 0.127389 0.609121
13 0.646895 0.856678 0.007962 0.153094
13 0.556131 0.750000 0.007962 0.366450
13 0.922532 0.855863 0.007962 0.154723
13 0.784236 0.432410 0.007962 0.610749
13 0.100318 0.801604 0.007962 0.254675
