8 0.378403 0.048322 0.735027 0.080537
8 0.500148 0.341417 0.993036 0.344579
8 0.379310 0.778444 0.751361 0.426686
3 0.119782 0.276510 0.060496 0.107383
3 0.207502 0.276510 0.060496 0.107383
3 0.295221 0.276510 0.060496 0.107383
1 0.434362 0.276510 0.018149 0.040268
3 0.706594 0.276510 0.060496 0.107383
4 0.482985 0.276510 0.024198 0.053691
3 0.500907 0.276510 0.060496 0.107383
4 0.570478 0.276510 0.024198 0.053691
1 0.637024 0.409396 0.018149 0.040268
3 0.570478 0.409396 0.060496 0.107383
3 0.703569 0.409396 0.060496 0.107383
2 0.866304 0.340940 0.016939 0.037584
0 0.053237 0.276510 0.018149 0.040268
4 0.818512 0.340940 0.024198 0.053691
0 0.053237 0.659060 0.018149 0.040268
3 0.119782 0.659060 0.060496 0.107383
1 0.185118 0.659060 0.018149 0.040268
3 0.251664 0.659060 0.060496 0.107383
3 0.339383 0.659060 0.060496 0.107383
4 0.408953 0.659060 0.024198 0.053691
3 0.478524 0.659060 0.060496 0.107383
3 0.408953 0.826846 0.060496 0.107383
3 0.496673 0.826846 0.060496 0.107383
3 0.584392 0.826846 0.060496 0.107383
2 0.728373 0.720805 0.016939 0.037584
4 0.672111 0.720805 0.024198 0.053691
13 0.075923 0.276510 0.029643 0.013423
13 0.163642 0.276510 0.029643 0.013423
13 0.115245 0.477458 0.126437 0.328306
13 0.075923 0.659060 0.029643 0.013423
13 0.152338 0.467785 0.062881 0.280537
13 0.251361 0.276510 0.029643 0.013423
13 0.240169 0.484564 0.112523 0.314094
13 0.163037 0.659060 0.028433 0.013423
13 0.207804 0.659060 0.029643 0.013423
13 0.295523 0.659060 0.029643 0.013423
13 0.383243 0.659482 0.029643 0.013423
13 0.590593 0.676510 0.166062 0.040268
13 0.375378 0.276510 0.102238 0.013423
13 0.458128 0.451007 0.043211 0.314094
13 0.457161 0.276823 0.029870 0.013423
13 0.706594 0.156745 0.006050 0.137517
13 0.434664 0.659485 0.029643 0.013423
13 0.409130 0.729530 0.006050 0.092617
13 0.457048 0.276510 0.029643 0.013423
13 0.544767 0.276931 0.029643 0.013423
13 0.629462 0.276891 0.096189 0.013423
13 0.432244 0.534899 0.006050 0.481879
13 0.452813 0.826846 0.029643 0.013423
13 0.614338 0.409396 0.029643 0.013423
13 0.540532 0.826846 0.029643 0.013423
13 0.637326 0.763479 0.047792 0.059683
13 0.610708 0.601342 0.055051 0.348993
13 0.659710 0.409396 0.029643 0.013423
13 0.770115 0.381226 0.075015 0.036100
13 0.570478 0.222148 0.006050 0.272483
13 0.714934 0.222148 0.019089 0.272483
13 0.053237 0.172483 0.006050 0.173154
13 0.570661 0.329530 0.006050 0.057718
13 0.771627 0.314237 0.071990 0.045728
13 0.844223 0.341252 0.029643 0.013423
13 0.702057 0.721121 0.038113 0.013423
11 0.378403 0.047785 0.029253 0.018792
11 0.012462 0.341611 0.008469 0.038056
11 0.119782 0.275973 0.043393 0.038121
11 0.208413 0.275973 0.049437 0.057450
11 0.295221 0.275973 0.043393 0.038121
11 0.436196 0.210872 0.053274 0.051544
11 0.706594 0.275973 0.032089 0.038121
11 0.500907 0.275973 0.033691 0.038121
11 0.570776 0.222148 0.032053 0.033826
11 0.637959 0.448993 0.035749 0.033826
11 0.570478 0.408859 0.041365 0.038121
11 0.703569 0.408859 0.050238 0.038121
11 0.053421 0.316107 0.045136 0.033826
11 0.595383 0.257584 0.015933 0.016107
11 0.562462 0.284430 0.008167 0.016107
11 0.012462 0.778523 0.008469 0.066671
11 0.053218 0.698658 0.043519 0.033826
11 0.119782 0.658523 0.047613 0.038121
11 0.251664 0.658523 0.043393 0.038121
11 0.340296 0.658523 0.052064 0.038121
11 0.420897 0.589933 0.034776 0.033826
11 0.478524 0.658523 0.024812 0.038121
11 0.408953 0.826309 0.031269 0.057450
11 0.496673 0.826309 0.050238 0.038121
11 0.585305 0.826309 0.052064 0.038121
11 0.429371 0.640134 0.008167 0.016107
11 0.400586 0.648188 0.015933 0.016107
