8 0.500241 0.500000 0.993103 0.983425
11 0.010011 0.518380 0.013793 0.208307
0 0.056563 0.447514 0.017241 0.041436
11 0.056563 0.481440 0.068885 0.032286
3 0.119782 0.447514 0.057471 0.110497
11 0.119782 0.450967 0.073153 0.070442
4 0.185874 0.447514 0.022989 0.055249
11 0.186448 0.403660 0.081798 0.035221
3 0.251966 0.447514 0.057471 0.110497
11 0.251966 0.450967 0.073153 0.070442
3 0.335299 0.447514 0.057471 0.110497
11 0.335299 0.450967 0.066502 0.070442
1 0.447368 0.837017 0.017241 0.041436
11 0.449667 0.779782 0.123750 0.032286
1 0.448759 0.276533 0.017241 0.041436
11 0.447609 0.227586 0.073153 0.032286
1 0.447368 0.447514 0.017241 0.041436
11 0.448517 0.394423 0.054255 0.032286
3 0.753115 0.447514 0.057471 0.110497
11 0.753115 0.450967 0.042562 0.070442
2 0.804264 0.447514 0.016092 0.038674
3 0.510586 0.447514 0.057471 0.110497
11 0.510586 0.450967 0.059187 0.070442
4 0.576678 0.447514 0.022989 0.055249
11 0.583575 0.387086 0.135000 0.035221
4 0.698517 0.447514 0.022989 0.055249
3 0.642770 0.584254 0.057471 0.110497
11 0.642770 0.587707 0.056527 0.070442
4 0.576678 0.584254 0.022989 0.055249
3 0.512233 0.276533 0.057471 0.110497
11 0.512233 0.279986 0.067833 0.070442
13 0.078115 0.447514 0.028161 0.013812
13 0.161448 0.447947 0.028161 0.013812
13 0.210299 0.447951 0.028161 0.013812
11 0.204987 0.431789 0.013133 0.035359
13 0.293632 0.447514 0.028161 0.013812
13 0.376966 0.447947 0.028161 0.013812
13 0.420213 0.656077 0.039368 0.367403
13 0.420908 0.348211 0.040759 0.148881
13 0.425816 0.447840 0.028161 0.013812
13 0.789034 0.447514 0.016667 0.013812
13 0.468920 0.447514 0.028161 0.013812
13 0.552253 0.447947 0.028161 0.013812
13 0.717195 0.447514 0.016667 0.013812
13 0.470439 0.276533 0.028417 0.013812
13 0.637598 0.448204 0.101149 0.013812
11 0.595652 0.431975 0.012660 0.035221
13 0.685155 0.529696 0.029598 0.114641
13 0.576823 0.515884 0.005747 0.087017
11 0.568807 0.454500 0.013858 0.065840
13 0.516477 0.724448 0.123276 0.230663
13 0.601103 0.584254 0.028161 0.013812
13 0.442483 0.291340 0.514943 0.262624
11 0.174051 0.314834 0.020197 0.035221
13 0.619887 0.348211 0.160134 0.148881
