8 0.500000 0.500000 0.991170 0.984887
0 0.074319 0.282219 0.022075 0.037783
3 0.155261 0.282116 0.073584 0.100756
4 0.232524 0.281696 0.029433 0.050378
1 0.416483 0.281696 0.022075 0.037783
1 0.604121 0.282219 0.022075 0.037783
3 0.685063 0.282219 0.073584 0.100756
3 0.320824 0.282219 0.073584 0.100756
1 0.604121 0.603275 0.022075 0.037783
2 0.934511 0.281696 0.020603 0.035264
1 0.604121 0.420655 0.022075 0.037783
3 0.685063 0.420655 0.073584 0.100756
4 0.802060 0.420655 0.029433 0.050378
3 0.802060 0.603275 0.073584 0.100756
4 0.883738 0.420655 0.029433 0.050378
4 0.883738 0.281802 0.029433 0.050378
4 0.685063 0.603275 0.029433 0.050378
4 0.883738 0.603275 0.029433 0.050378
13 0.101913 0.282184 0.036056 0.012594
13 0.204930 0.282250 0.028698 0.012594
13 0.265637 0.282286 0.039735 0.012594
13 0.631714 0.282219 0.036056 0.012594
13 0.381531 0.281887 0.050773 0.012594
13 0.456586 0.282245 0.061074 0.012594
13 0.795438 0.282337 0.150110 0.012594
13 0.631714 0.420655 0.036056 0.012594
13 0.754599 0.421028 0.068433 0.012594
13 0.853937 0.603673 0.033112 0.012594
13 0.911332 0.282035 0.028698 0.012594
13 0.558499 0.195687 0.654157 0.126891
13 0.884106 0.351229 0.007358 0.093512
13 0.551991 0.364031 0.085128 0.118285
13 0.554084 0.282524 0.080942 0.012594
13 0.842899 0.421285 0.055188 0.012594
13 0.802270 0.499370 0.007358 0.112091
13 0.642752 0.603574 0.058131 0.012594
13 0.546909 0.455341 0.095291 0.300905
13 0.732524 0.603650 0.068433 0.012594
13 0.884106 0.511965 0.007358 0.137280
13 0.784768 0.673174 0.201619 0.094458
11 0.037233 0.500000 0.010302 0.103767
11 0.075274 0.241184 0.054889 0.031738
11 0.155261 0.281612 0.041958 0.017632
11 0.233061 0.329345 0.030508 0.031738
11 0.416638 0.327582 0.063592 0.048363
11 0.603983 0.319270 0.046818 0.031738
11 0.685063 0.281612 0.042211 0.035768
11 0.320824 0.281612 0.052279 0.053904
11 0.604071 0.640428 0.061710 0.031738
11 0.934936 0.242443 0.045001 0.031738
11 0.604157 0.449496 0.064826 0.015113
11 0.686172 0.420151 0.041724 0.035768
11 0.802917 0.370907 0.051750 0.031738
11 0.802060 0.602771 0.047374 0.053904
11 0.655704 0.556045 0.031055 0.031738
11 0.256646 0.264358 0.007036 0.015113
11 0.218836 0.179975 0.015303 0.015113
11 0.826182 0.404156 0.007036 0.015113
11 0.792052 0.415491 0.015303 0.015113
11 0.714053 0.585516 0.015303 0.015113
11 0.675336 0.613224 0.007036 0.015113
