8 0.500000 0.330996 0.991501 0.350631
8 0.500000 0.050491 0.991501 0.084151
8 0.471317 0.780505 0.934136 0.422160
3 0.124646 0.330996 0.070822 0.112202
1 0.468130 0.218794 0.021246 0.042076
3 0.546034 0.218794 0.070822 0.112202
1 0.614023 0.408135 0.021246 0.042076
3 0.691926 0.408135 0.070822 0.112202
1 0.819405 0.408135 0.021246 0.042076
2 0.623229 0.218794 0.019830 0.039271
3 0.897309 0.408135 0.070822 0.112202
2 0.974504 0.408135 0.019830 0.039271
0 0.048159 0.330996 0.021246 0.042076
0 0.124646 0.744741 0.021246 0.042076
3 0.202550 0.744741 0.070822 0.112202
3 0.305241 0.744741 0.070822 0.112202
4 0.386686 0.744741 0.028329 0.056101
3 0.468130 0.744741 0.070822 0.112202
2 0.546034 0.744741 0.019830 0.039271
3 0.614023 0.920056 0.070822 0.112202
3 0.716714 0.920056 0.070822 0.112202
3 0.819405 0.920056 0.070822 0.112202
2 0.896601 0.920056 0.019830 0.039271
12 0.074008 0.330996 0.033286 0.014025
12 0.124646 0.555400 0.007082 0.342216
12 0.151204 0.744741 0.034703 0.014025
12 0.253895 0.744741 0.034703 0.014025
12 0.356586 0.745181 0.034703 0.014025
12 0.416785 0.745185 0.034703 0.014025
12 0.275142 0.331373 0.233003 0.014025
12 0.468130 0.464236 0.007082 0.454418
12 0.482826 0.846424 0.194405 0.152875
12 0.431126 0.260870 0.055595 0.089762
12 0.494688 0.218794 0.034703 0.014025
12 0.504072 0.383590 0.201487 0.054698
12 0.640581 0.408135 0.034703 0.014025
12 0.614023 0.646564 0.007082 0.440393
12 0.519830 0.744741 0.035411 0.014025
12 0.665368 0.920056 0.034703 0.014025
12 0.768059 0.920056 0.034703 0.014025
12 0.870751 0.920056 0.034703 0.014025
12 0.768059 0.408135 0.084278 0.014025
12 0.819405 0.646564 0.007082 0.440393
12 0.597380 0.218794 0.034703 0.014025
12 0.845963 0.408135 0.034703 0.014025
12 0.948654 0.408135 0.034703 0.014025
12 0.546034 0.127630 0.007082 0.075736
12 0.691926 0.222300 0.007082 0.265077
12 0.897309 0.222300 0.007082 0.265077
12 0.047450 0.124123 0.007082 0.068724
