8 0.497630 0.139808 0.987938 0.266809
11 0.010372 0.144902 0.014643 0.057734
8 0.497630 0.508480 0.987938 0.427847
11 0.010372 0.521447 0.014643 0.146958
8 0.494884 0.860192 0.982447 0.266809
11 0.010372 0.865595 0.014643 0.061233
0 0.049420 0.139808 0.018304 0.032017
11 0.049420 0.166022 0.075719 0.024947
3 0.116534 0.139808 0.061013 0.085379
11 0.116534 0.142476 0.055068 0.054429
3 0.205003 0.139808 0.061013 0.085379
11 0.205003 0.142476 0.051538 0.054429
1 0.272117 0.139808 0.018304 0.032017
11 0.272117 0.166022 0.290580 0.024947
3 0.339231 0.139808 0.061013 0.085379
11 0.339231 0.142476 0.051538 0.054429
3 0.427700 0.139808 0.061013 0.085379
11 0.427700 0.140075 0.076955 0.027215
1 0.596339 0.139808 0.018304 0.032017
11 0.596339 0.166022 0.081544 0.024947
3 0.682264 0.139808 0.061013 0.085379
11 0.682264 0.142476 0.064246 0.054429
3 0.770732 0.139808 0.061013 0.085379
11 0.770732 0.144877 0.074131 0.081644
3 0.859201 0.139808 0.061013 0.085379
11 0.859201 0.142476 0.049420 0.054429
2 0.925705 0.139808 0.017084 0.029883
11 0.925705 0.164955 0.077661 0.024947
3 0.516168 0.139808 0.061013 0.085379
11 0.516168 0.142476 0.057892 0.054429
0 0.049420 0.427962 0.018304 0.032017
11 0.049420 0.454176 0.087368 0.024947
3 0.116534 0.427962 0.061013 0.085379
11 0.116534 0.435432 0.072013 0.108858
3 0.205003 0.427962 0.061013 0.085379
11 0.205003 0.428228 0.072013 0.027215
3 0.293472 0.427962 0.061013 0.085379
11 0.293472 0.428228 0.079073 0.027215
3 0.381940 0.427962 0.061013 0.085379
11 0.381940 0.430630 0.052950 0.054429
3 0.470409 0.427962 0.061013 0.085379
11 0.470409 0.428228 0.084015 0.027215
3 0.724973 0.427962 0.061013 0.085379
11 0.724973 0.428228 0.076955 0.027215
1 0.843948 0.390608 0.018304 0.032017
11 0.845778 0.337847 0.148849 0.024947
1 0.843948 0.502668 0.018304 0.032017
11 0.843948 0.528882 0.117785 0.024947
3 0.911062 0.390608 0.061013 0.085379
11 0.911062 0.390875 0.081191 0.027215
2 0.977566 0.390608 0.017084 0.029883
11 0.977566 0.415755 0.099664 0.024947
1 0.657858 0.427962 0.018304 0.032017
11 0.657858 0.454176 0.219391 0.024947
3 0.911062 0.502668 0.061013 0.085379
11 0.911062 0.502935 0.070601 0.027215
0 0.049420 0.860192 0.018304 0.032017
11 0.049420 0.886406 0.078308 0.024947
3 0.116534 0.860192 0.061013 0.085379
11 0.116534 0.862860 0.052244 0.054429
3 0.205003 0.860192 0.061013 0.085379
11 0.205003 0.865261 0.069189 0.081644
3 0.293472 0.860192 0.061013 0.085379
11 0.293472 0.862860 0.061422 0.054429
2 0.359976 0.860192 0.017084 0.029883
11 0.359976 0.885339 0.117138 0.024947
13 0.072300 0.139808 0.029896 0.010672
13 0.160769 0.139808 0.029896 0.010672
13 0.249237 0.139808 0.029896 0.010672
13 0.294997 0.139808 0.029896 0.010672
13 0.383466 0.139808 0.029896 0.010672
13 0.628624 0.139808 0.048707 0.010672
13 0.726498 0.139808 0.029896 0.010672
13 0.814966 0.139808 0.029896 0.010672
13 0.179073 0.292449 0.261745 0.243276
13 0.072300 0.427962 0.029896 0.010672
13 0.160769 0.427962 0.029896 0.010672
13 0.249237 0.427962 0.029896 0.010672
13 0.337706 0.427962 0.029896 0.010672
13 0.426174 0.427962 0.029896 0.010672
13 0.903435 0.139808 0.029896 0.010672
13 0.574811 0.427962 0.150232 0.010672
13 0.680738 0.427962 0.029896 0.010672
13 0.769207 0.428297 0.029896 0.010672
13 0.815119 0.398613 0.041794 0.020277
13 0.866827 0.390608 0.029896 0.010672
13 0.825644 0.457577 0.039048 0.062433
13 0.955296 0.390608 0.029896 0.010672
13 0.661808 0.270544 0.128771 0.233725
13 0.245206 0.649952 0.391834 0.392732
13 0.072300 0.860192 0.029896 0.010672
13 0.160769 0.860192 0.029896 0.010672
13 0.249237 0.860192 0.029896 0.010672
13 0.337706 0.860192 0.029896 0.010672
13 0.471934 0.139808 0.029896 0.010672
13 0.566931 0.139808 0.042953 0.010672
13 0.446533 0.283885 0.108169 0.207044
13 0.840897 0.265208 0.142770 0.169691
13 0.475665 0.630736 0.366827 0.377801
13 0.866827 0.502668 0.029896 0.010672
13 0.844640 0.569876 0.100836 0.245409
