8 0.320084 0.074074 0.523013 0.123457
11 0.320084 0.075617 0.234011 0.087449
8 0.500000 0.395062 0.987448 0.333333
11 0.017782 0.437919 0.025105 0.485714
8 0.460251 0.820988 0.907950 0.333333
11 0.017782 0.868904 0.025105 0.543056
1 0.074268 0.395062 0.031381 0.061728
3 0.202929 0.397119 0.104603 0.164609
11 0.202929 0.402263 0.119830 0.104938
1 0.419456 0.331276 0.031381 0.061728
1 0.419456 0.479424 0.031381 0.061728
3 0.552301 0.479424 0.104603 0.164609
11 0.552301 0.489198 0.136775 0.157407
3 0.549163 0.314815 0.104603 0.164609
11 0.549163 0.319959 0.136775 0.104938
1 0.702929 0.479424 0.031381 0.061728
3 0.817992 0.479424 0.104603 0.164609
11 0.817992 0.489198 0.117409 0.157407
2 0.932008 0.479424 0.029289 0.057613
2 0.663180 0.314815 0.029289 0.057613
1 0.089958 0.820988 0.031381 0.061728
3 0.202929 0.820988 0.104603 0.164609
11 0.202929 0.826132 0.104094 0.104938
4 0.335774 0.820988 0.041841 0.082305
11 0.375000 0.876543 0.084728 0.104938
6 0.467573 0.820988 0.041841 0.082305
3 0.589958 0.820988 0.104603 0.164609
11 0.589958 0.826132 0.098042 0.104938
1 0.335774 0.689300 0.031381 0.061728
1 0.467573 0.689300 0.031381 0.061728
2 0.703975 0.820988 0.029289 0.057613
13 0.120293 0.396091 0.064854 0.020576
13 0.128138 0.820988 0.049163 0.020576
13 0.285042 0.821621 0.063808 0.020576
13 0.285042 0.364712 0.063808 0.073045
13 0.401674 0.822016 0.094142 0.020576
11 0.376763 0.797840 0.035953 0.052469
13 0.513075 0.821637 0.053347 0.020576
13 0.336013 0.750000 0.010460 0.067901
11 0.363247 0.762594 0.025136 0.026646
13 0.467812 0.750000 0.010460 0.067901
13 0.370031 0.425926 0.071653 0.115226
13 0.380230 0.331761 0.051255 0.020576
13 0.466004 0.312757 0.065900 0.020576
13 0.467573 0.479424 0.069038 0.020576
13 0.539226 0.184156 0.010460 0.104938
13 0.074268 0.250000 0.010460 0.236626
13 0.385460 0.525720 0.072176 0.335391
13 0.443515 0.584362 0.052301 0.156379
13 0.645921 0.479424 0.086820 0.020576
13 0.611402 0.256173 0.063808 0.372428
13 0.646444 0.624486 0.117155 0.236626
13 0.742155 0.479424 0.051255 0.020576
13 0.699791 0.211934 0.240586 0.378601
13 0.665795 0.820988 0.051255 0.020576
13 0.893828 0.479424 0.051255 0.020576
13 0.625000 0.314815 0.051255 0.020576
13 0.122908 0.620091 0.059623 0.348296
