8 0.500000 0.141164 0.992141 0.269397
8 0.500000 0.509698 0.992141 0.370690
8 0.500000 0.868534 0.992141 0.250000
3 0.134905 0.141164 0.065488 0.086207
3 0.229862 0.141164 0.065488 0.086207
3 0.393582 0.141164 0.065488 0.086207
3 0.488540 0.141164 0.065488 0.086207
3 0.583497 0.141164 0.065488 0.086207
1 0.642436 0.141164 0.019646 0.032328
3 0.714473 0.141164 0.065488 0.086207
3 0.809430 0.141164 0.065488 0.086207
2 0.916830 0.141164 0.018337 0.030172
1 0.321546 0.141164 0.019646 0.032328
0 0.062868 0.141164 0.019646 0.032328
0 0.062868 0.459052 0.019646 0.032328
3 0.134905 0.459052 0.065488 0.086207
3 0.229862 0.459052 0.065488 0.086207
3 0.324820 0.459052 0.065488 0.086207
3 0.419777 0.459052 0.065488 0.086207
3 0.514735 0.459052 0.065488 0.086207
1 0.583497 0.459052 0.019646 0.032328
3 0.655534 0.459052 0.065488 0.086207
3 0.845449 0.459052 0.065488 0.086207
1 0.773412 0.588362 0.019646 0.032328
3 0.845449 0.588362 0.065488 0.086207
2 0.916830 0.459052 0.018337 0.030172
1 0.773412 0.459052 0.019646 0.032328
0 0.062868 0.878233 0.019646 0.032328
3 0.134905 0.878233 0.065488 0.086207
3 0.229862 0.878233 0.065488 0.086207
3 0.324820 0.878233 0.065488 0.086207
2 0.393582 0.878233 0.018337 0.030172
13 0.087426 0.141164 0.032089 0.010776
13 0.182384 0.141164 0.032089 0.010776
13 0.087426 0.459052 0.032089 0.010776
13 0.182384 0.459052 0.032089 0.010776
13 0.441061 0.141164 0.032089 0.010776
13 0.277341 0.459052 0.032089 0.010776
13 0.372299 0.459052 0.032089 0.010776
13 0.536018 0.141164 0.032089 0.010776
13 0.467256 0.459052 0.032089 0.010776
13 0.228225 0.313578 0.333333 0.262931
13 0.359201 0.300108 0.261297 0.235991
13 0.288802 0.682112 0.454486 0.364224
13 0.087426 0.878233 0.032089 0.010776
13 0.182384 0.878233 0.032089 0.010776
13 0.277341 0.878233 0.032089 0.010776
13 0.560576 0.459052 0.028815 0.010776
13 0.454158 0.655172 0.261297 0.364224
13 0.608055 0.459052 0.032089 0.010776
13 0.501637 0.300108 0.166339 0.235991
13 0.642436 0.286638 0.006549 0.262931
13 0.624427 0.141164 0.018991 0.010776
13 0.666994 0.141164 0.032089 0.010776
13 0.761952 0.141164 0.032089 0.010776
13 0.874918 0.141164 0.068107 0.010776
13 0.797970 0.588362 0.032089 0.010776
13 0.370989 0.878233 0.029470 0.010776
13 0.892927 0.459052 0.032089 0.010776
13 0.698101 0.459400 0.022266 0.010776
13 0.745907 0.534483 0.037983 0.112069
13 0.748854 0.459052 0.032089 0.010776
13 0.797970 0.459052 0.032089 0.010776
13 0.287164 0.141164 0.051735 0.010776
13 0.346103 0.141164 0.032089 0.010776
13 0.371971 0.300108 0.254093 0.235991
13 0.807138 0.563039 0.189260 0.169181
11 0.013491 0.141164 0.018599 0.122205
11 0.135783 0.140733 0.040633 0.030603
11 0.229862 0.140733 0.037787 0.030603
11 0.394568 0.140733 0.038883 0.030603
11 0.489525 0.140733 0.038883 0.030603
11 0.583497 0.140733 0.035397 0.046121
11 0.642191 0.106142 0.040112 0.027155
11 0.714473 0.140733 0.052207 0.015086
11 0.809430 0.140733 0.035814 0.030603
11 0.916587 0.164763 0.046665 0.012931
11 0.321873 0.165841 0.041257 0.012931
11 0.062807 0.165841 0.052268 0.012931
11 0.013491 0.509698 0.018599 0.143774
11 0.063667 0.490841 0.035650 0.027155
11 0.135999 0.458621 0.053291 0.046121
11 0.229862 0.458621 0.052629 0.015086
11 0.324820 0.458621 0.033417 0.030603
11 0.419777 0.458621 0.055684 0.015086
11 0.514735 0.458621 0.039522 0.030603
11 0.583252 0.424030 0.040112 0.027155
11 0.656623 0.458621 0.039753 0.046121
11 0.845449 0.458621 0.037795 0.030603
11 0.773174 0.613039 0.054534 0.012931
11 0.845449 0.587931 0.049575 0.015086
11 0.916865 0.489763 0.040671 0.027155
11 0.773177 0.483728 0.058468 0.012931
11 0.013491 0.868534 0.018599 0.124345
11 0.063667 0.910022 0.035650 0.027155
11 0.135893 0.877802 0.040193 0.030603
11 0.230849 0.877802 0.044552 0.046121
11 0.325807 0.877802 0.049361 0.061638
11 0.393616 0.908944 0.040671 0.027155
11 0.501990 0.376832 0.050477 0.055603
