0 0.015613 0.226324 0.022305 0.048154
3 0.186617 0.226324 0.074349 0.128411
11 0.186617 0.226726 0.098938 0.040931
4 0.300372 0.226324 0.029740 0.064205
11 0.301115 0.160915 0.098938 0.040931
3 0.408178 0.226324 0.118959 0.128411
11 0.408178 0.230337 0.128189 0.081862
3 0.300372 0.434992 0.074349 0.128411
11 0.300372 0.439005 0.058502 0.081862
5 0.415613 0.434992 0.029740 0.064205
3 0.501115 0.434992 0.074349 0.128411
11 0.501115 0.435393 0.069687 0.040931
3 0.501115 0.603531 0.074349 0.128411
11 0.501115 0.603933 0.069687 0.040931
3 0.501115 0.772071 0.074349 0.128411
11 0.501115 0.772472 0.069687 0.040931
4 0.515985 0.226324 0.029740 0.064205
11 0.507063 0.151685 0.079150 0.081862
3 0.616357 0.073836 0.074349 0.128411
11 0.616357 0.085072 0.079150 0.163724
3 0.889219 0.354735 0.074349 0.128411
11 0.889219 0.365971 0.081731 0.163724
3 0.660967 0.603531 0.074349 0.128411
11 0.660967 0.607544 0.073128 0.081862
2 0.985130 0.354735 0.020818 0.044944
5 0.582900 0.603531 0.029740 0.064205
5 0.086245 0.226324 0.029740 0.064205
3 0.353903 0.926164 0.074349 0.128411
11 0.353903 0.926565 0.097217 0.040931
5 0.800000 0.354735 0.029740 0.064205
13 0.254647 0.226803 0.064684 0.016051
13 0.331970 0.226894 0.036431 0.016051
11 0.329709 0.208074 0.026159 0.041204
13 0.300587 0.314607 0.007435 0.118780
11 0.291152 0.311798 0.016952 0.040931
13 0.369145 0.435469 0.066171 0.016051
13 0.447212 0.435500 0.036431 0.016051
13 0.439963 0.535313 0.050929 0.142857
13 0.439963 0.619583 0.050929 0.311396
13 0.484387 0.226890 0.036431 0.016051
13 0.555019 0.150482 0.051301 0.159711
11 0.540818 0.208266 0.016952 0.040931
13 0.950558 0.354735 0.051301 0.016051
13 0.560781 0.503210 0.047955 0.142857
13 0.553160 0.604040 0.032714 0.016051
13 0.560781 0.703852 0.047955 0.142857
13 0.610781 0.604050 0.028996 0.016051
13 0.049071 0.226702 0.047584 0.016051
13 0.125279 0.226817 0.051301 0.016051
13 0.201673 0.592295 0.233086 0.674157
13 0.595725 0.656501 0.412268 0.545746
13 0.650743 0.306982 0.271747 0.103531
13 0.726952 0.198234 0.149814 0.255217
13 0.749257 0.495185 0.105204 0.223114
13 0.833457 0.355239 0.040149 0.016051
