8 0.500000 0.500000 0.990050 0.984596
9 0.512438 0.870347 0.965174 0.243902
9 0.512438 0.240051 0.965174 0.464698
9 0.512438 0.610398 0.965174 0.275995
3 0.357380 0.857510 0.082919 0.102696
2 0.812604 0.857510 0.023217 0.035944
0 0.093698 0.146341 0.024876 0.038511
4 0.160033 0.146341 0.033167 0.051348
3 0.357380 0.146341 0.082919 0.102696
3 0.357380 0.274711 0.082919 0.102696
3 0.477612 0.146341 0.082919 0.102696
3 0.597844 0.146341 0.082919 0.102696
4 0.161018 0.274711 0.033167 0.051348
5 0.161636 0.388974 0.033167 0.051348
4 0.730514 0.146341 0.033167 0.051348
4 0.730514 0.274711 0.033167 0.051348
5 0.730514 0.388974 0.033167 0.051348
3 0.357380 0.611040 0.082919 0.102696
13 0.124793 0.146640 0.040630 0.012837
13 0.246269 0.146704 0.142620 0.012837
13 0.161232 0.210526 0.008292 0.082157
13 0.162041 0.331842 0.008292 0.068049
13 0.417496 0.146341 0.040630 0.012837
13 0.537728 0.146341 0.040630 0.012837
13 0.564884 0.512844 0.335406 0.201527
13 0.246761 0.274711 0.141636 0.012837
13 0.238391 0.512844 0.158375 0.201527
13 0.267800 0.357837 0.182477 0.068691
13 0.556385 0.275053 0.318408 0.012837
13 0.204809 0.511553 0.225539 0.697047
13 0.564677 0.636079 0.334992 0.447997
13 0.774046 0.623563 0.057214 0.473029
13 0.676617 0.146721 0.077944 0.012837
13 0.779851 0.492940 0.068823 0.698331
13 0.730929 0.331842 0.008292 0.068049
11 0.017081 0.500000 0.011609 0.054377
11 0.041957 0.610398 0.011609 0.086908
11 0.041957 0.240051 0.011609 0.075342
11 0.041957 0.870347 0.011609 0.092918
11 0.357380 0.856996 0.047008 0.036457
11 0.812190 0.894095 0.065508 0.032349
11 0.093750 0.175738 0.059805 0.015404
11 0.201745 0.168036 0.061865 0.015404
11 0.358624 0.145828 0.062241 0.054942
11 0.358632 0.274198 0.056981 0.036457
11 0.478861 0.145828 0.046201 0.036457
11 0.597844 0.145828 0.053384 0.036457
11 0.223162 0.304878 0.056605 0.032349
11 0.358632 0.610526 0.060855 0.036457
11 0.188070 0.128241 0.009639 0.015404
11 0.182680 0.139795 0.018760 0.015404
11 0.183898 0.283569 0.007929 0.015404
11 0.192702 0.256611 0.017245 0.015404
