8 0.500000 0.499873 0.991984 0.978081
0 0.107385 0.709584 0.020040 0.053476
3 0.197448 0.709584 0.066800 0.142602
4 0.297438 0.709584 0.026720 0.071301
3 0.400124 0.855339 0.066800 0.142602
3 0.500540 0.855339 0.066800 0.142602
1 0.631059 0.856159 0.020040 0.053476
1 0.631059 0.632834 0.020040 0.053476
3 0.704539 0.856159 0.066800 0.142602
2 0.960264 0.856159 0.018704 0.049911
3 0.704539 0.632834 0.066800 0.142602
4 0.781360 0.632834 0.026720 0.071301
3 0.781360 0.392692 0.066800 0.142602
1 0.631059 0.392692 0.020040 0.053476
4 0.866907 0.632834 0.026720 0.071301
3 0.866907 0.856159 0.066800 0.142602
13 0.140726 0.709584 0.049315 0.017825
13 0.257463 0.710118 0.055902 0.017825
13 0.332248 0.800287 0.071623 0.117234
13 0.450332 0.855339 0.036289 0.017825
13 0.549022 0.856775 0.032835 0.017825
13 0.605931 0.856588 0.032887 0.017825
13 0.599418 0.726672 0.045913 0.194532
13 0.656109 0.856159 0.032732 0.017825
13 0.656109 0.632834 0.032732 0.017825
13 0.752969 0.633394 0.032732 0.017825
13 0.781551 0.530588 0.006680 0.140321
13 0.599418 0.606601 0.045913 0.434674
13 0.694519 0.392692 0.109552 0.017825
13 0.841000 0.494938 0.055153 0.211622
13 0.824133 0.633725 0.061499 0.017825
13 0.785723 0.856159 0.098240 0.017825
13 0.925610 0.856159 0.053277 0.017825
13 0.867241 0.726671 0.006680 0.123503
13 0.629018 0.520542 0.665164 0.628453
11 0.013761 0.500000 0.009352 0.145635
11 0.107407 0.762032 0.037126 0.044920
11 0.197729 0.708734 0.038091 0.024955
11 0.359271 0.717469 0.051875 0.044920
11 0.400134 0.854902 0.054668 0.076292
11 0.501339 0.854902 0.054578 0.076292
11 0.631064 0.896435 0.057052 0.021390
11 0.630882 0.673619 0.045998 0.021390
11 0.704743 0.854902 0.038320 0.050624
11 0.705752 0.632086 0.052355 0.050624
11 0.787163 0.702139 0.048608 0.021390
11 0.782570 0.391444 0.054891 0.050624
11 0.656934 0.481462 0.045998 0.068449
11 0.868073 0.854902 0.054578 0.050624
11 0.288431 0.723529 0.006388 0.021390
11 0.799197 0.554189 0.013892 0.021390
11 0.803461 0.609447 0.006388 0.021390
11 0.288175 0.630838 0.013892 0.021390
