0 0.030899 0.132948 0.021067 0.086705
3 0.297753 0.132948 0.070225 0.231214
1 0.452247 0.132948 0.021067 0.086705
1 0.378511 0.855491 0.021067 0.086705
3 0.455758 0.855491 0.070225 0.231214
4 0.525983 0.855491 0.028090 0.115607
3 0.624298 0.855491 0.070225 0.231214
3 0.845506 0.855491 0.070225 0.231214
3 0.518961 0.132948 0.070225 0.231214
4 0.599719 0.132948 0.028090 0.115607
3 0.845506 0.132948 0.070225 0.231214
2 0.964185 0.132948 0.019663 0.080925
4 0.719101 0.132948 0.028090 0.115607
4 0.719101 0.855491 0.028090 0.115607
3 0.097612 0.132948 0.070225 0.231214
4 0.178371 0.132948 0.028090 0.115607
1 0.378511 0.132948 0.021067 0.086705
2 0.922051 0.855491 0.019663 0.080925
13 0.404846 0.855491 0.034410 0.028902
13 0.501404 0.856426 0.023876 0.028902
13 0.564607 0.856372 0.051966 0.028902
13 0.473315 0.132948 0.023876 0.028902
13 0.569874 0.133855 0.034410 0.028902
13 0.623069 0.494220 0.196278 0.618497
13 0.771770 0.133793 0.080056 0.028902
13 0.659410 0.134393 0.094101 0.028902
13 0.682233 0.856371 0.048455 0.028902
13 0.682233 0.856371 0.048455 0.028902
13 0.771770 0.856337 0.080056 0.028902
13 0.658883 0.494220 0.120435 0.618497
13 0.051966 0.132948 0.023876 0.028902
13 0.148525 0.133855 0.034410 0.028902
13 0.227528 0.132948 0.073034 0.028902
13 0.350421 0.132948 0.037921 0.028902
13 0.415379 0.132948 0.055478 0.028902
13 0.378511 0.494220 0.007022 0.647399
13 0.917486 0.132948 0.076545 0.028902
13 0.896419 0.855491 0.034410 0.028902
11 0.031908 0.275434 0.055390 0.187283
11 0.297753 0.131792 0.053638 0.123699
11 0.452586 0.199133 0.055453 0.034682
11 0.378588 0.940751 0.053524 0.072832
11 0.456815 0.854335 0.050134 0.082081
11 0.569435 0.923410 0.048982 0.072832
11 0.625354 0.854335 0.050134 0.082081
11 0.845506 0.854335 0.036295 0.082081
11 0.520017 0.131792 0.050342 0.082081
11 0.660930 0.200867 0.049388 0.072832
11 0.846324 0.131792 0.048707 0.165318
11 0.963933 0.215318 0.062698 0.072832
11 0.097612 0.131792 0.040043 0.040462
11 0.242036 0.200867 0.059915 0.072832
11 0.921754 0.937861 0.042947 0.072832
11 0.549026 0.814740 0.008164 0.034682
11 0.516371 0.725145 0.015888 0.034682
11 0.627326 0.095087 0.015888 0.034682
11 0.590458 0.152890 0.008164 0.034682
11 0.201413 0.092197 0.008164 0.034682
