8 0.500241 0.500000 0.993103 0.983425
11 0.010011 0.500000 0.006897 0.098027
0 0.056563 0.447514 0.017241 0.041436
11 0.056563 0.478591 0.045924 0.015193
3 0.119782 0.447514 0.057471 0.110497
11 0.119782 0.444751 0.048768 0.033149
4 0.185874 0.447514 0.022989 0.055249
11 0.186448 0.400552 0.054532 0.016575
3 0.251966 0.447514 0.057471 0.110497
11 0.251966 0.444751 0.048768 0.033149
3 0.335299 0.447514 0.057471 0.110497
11 0.335299 0.444751 0.044335 0.033149
1 0.447368 0.837017 0.017241 0.041436
11 0.449667 0.776934 0.082500 0.015193
1 0.448759 0.276533 0.017241 0.041436
11 0.447609 0.224738 0.048768 0.015193
1 0.447368 0.447514 0.017241 0.041436
11 0.448517 0.391575 0.036170 0.015193
3 0.753115 0.447514 0.057471 0.110497
11 0.753115 0.444751 0.028374 0.033149
2 0.804264 0.447514 0.016092 0.038674
3 0.510586 0.447514 0.057471 0.110497
11 0.510586 0.444751 0.039458 0.033149
4 0.576678 0.447514 0.022989 0.055249
11 0.583575 0.383978 0.090000 0.016575
4 0.698517 0.447514 0.022989 0.055249
3 0.642770 0.584254 0.057471 0.110497
11 0.642770 0.581492 0.037685 0.033149
4 0.576678 0.584254 0.022989 0.055249
3 0.512233 0.276533 0.057471 0.110497
11 0.512233 0.273771 0.045222 0.033149
13 0.078115 0.447514 0.028161 0.013812
13 0.161448 0.447947 0.028161 0.013812
13 0.210299 0.447951 0.028161 0.013812
11 0.204987 0.428669 0.006237 0.016640
13 0.293632 0.447514 0.028161 0.013812
13 0.376966 0.447947 0.028161 0.013812
13 0.420213 0.656077 0.039368 0.367403
13 0.420908 0.348211 0.040759 0.148881
13 0.425816 0.447840 0.028161 0.013812
13 0.789034 0.447514 0.016667 0.013812
13 0.468920 0.447514 0.028161 0.013812
13 0.552253 0.447947 0.028161 0.013812
13 0.717195 0.447514 0.016667 0.013812
13 0.470439 0.276533 0.028417 0.013812
13 0.637598 0.448204 0.101149 0.013812
11 0.595652 0.428867 0.005764 0.016575
13 0.685155 0.529696 0.029598 0.114641
13 0.576823 0.515884 0.005747 0.087017
11 0.568807 0.448691 0.006962 0.030984
13 0.516477 0.724448 0.123276 0.230663
13 0.601103 0.584254 0.028161 0.013812
13 0.442483 0.291340 0.514943 0.262624
11 0.174051 0.311727 0.013300 0.016575
13 0.619887 0.348211 0.160134 0.148881
