8 0.500000 0.500000 0.990991 0.985037
9 0.511261 0.344140 0.968468 0.673317
9 0.511261 0.836658 0.968468 0.311721
0 0.072072 0.163342 0.022523 0.037406
3 0.177177 0.163342 0.075075 0.099751
4 0.263514 0.163342 0.030030 0.049875
3 0.424925 0.163342 0.075075 0.099751
2 0.960961 0.630923 0.021021 0.034913
3 0.533784 0.163342 0.075075 0.099751
1 0.680180 0.119701 0.022523 0.037406
3 0.942943 0.119701 0.075075 0.099751
1 0.680180 0.250623 0.022523 0.037406
3 0.841592 0.250623 0.075075 0.099751
4 0.841592 0.412718 0.030030 0.049875
3 0.728979 0.412718 0.075075 0.099751
3 0.391141 0.306733 0.075075 0.099751
4 0.728979 0.630923 0.030030 0.049875
1 0.728979 0.531172 0.022523 0.037406
4 0.391141 0.443890 0.030030 0.049875
1 0.605105 0.306733 0.022523 0.037406
3 0.852853 0.630923 0.075075 0.099751
13 0.111486 0.163342 0.059309 0.012469
13 0.231607 0.163733 0.036787 0.012469
13 0.332958 0.163698 0.111862 0.012469
13 0.479354 0.163342 0.036787 0.012469
13 0.580706 0.163750 0.021772 0.012469
13 0.637200 0.129052 0.066441 0.023691
13 0.798423 0.119701 0.216967 0.012469
13 0.637200 0.219451 0.066441 0.067332
13 0.841807 0.344140 0.007508 0.092269
13 0.747748 0.250623 0.115616 0.012469
13 0.605285 0.238155 0.007508 0.104738
13 0.511261 0.306733 0.168168 0.012469
13 0.488926 0.409913 0.453078 0.448254
13 0.728979 0.487531 0.007508 0.054863
13 0.796547 0.413091 0.063063 0.012469
13 0.791104 0.484414 0.104730 0.098504
13 0.729154 0.577930 0.007508 0.061097
13 0.841592 0.350374 0.205706 0.366584
13 0.391362 0.387781 0.007508 0.067332
13 0.548799 0.428616 0.288288 0.036783
13 0.554617 0.500000 0.329204 0.067332
13 0.779655 0.631292 0.074324 0.012469
13 0.920420 0.630923 0.063063 0.012469
11 0.015465 0.500000 0.010511 0.087742
11 0.037988 0.836658 0.010511 0.146801
11 0.037988 0.344140 0.010511 0.102731
11 0.072148 0.191895 0.031684 0.014963
11 0.177177 0.162843 0.042809 0.017456
11 0.310119 0.192643 0.037655 0.031421
11 0.424925 0.162843 0.061440 0.053367
11 0.960644 0.666459 0.045913 0.031421
11 0.534914 0.162843 0.061339 0.053367
11 0.680954 0.200873 0.066113 0.047880
11 0.680151 0.148254 0.067509 0.014963
11 0.942943 0.119202 0.043067 0.035411
11 0.681019 0.287406 0.049726 0.031421
11 0.842721 0.250125 0.053819 0.035411
11 0.880167 0.433791 0.054629 0.014963
11 0.728979 0.412219 0.065933 0.053367
11 0.392270 0.306234 0.053819 0.071322
11 0.730146 0.567955 0.068400 0.031421
11 0.427365 0.464963 0.051426 0.014963
11 0.605439 0.335287 0.059227 0.014963
11 0.852853 0.630424 0.038801 0.035411
11 0.288898 0.145761 0.008727 0.014963
11 0.253238 0.156983 0.016986 0.014963
11 0.811796 0.395137 0.016986 0.014963
11 0.831691 0.421322 0.008727 0.014963
11 0.416526 0.427556 0.008727 0.014963
11 0.380865 0.437531 0.016986 0.014963
