8 0.500040 0.154292 0.995669 0.292917
8 0.500040 0.532015 0.995669 0.345036
8 0.500040 0.877526 0.995669 0.228493
3 0.075707 0.098862 0.036751 0.104439
3 0.128997 0.098862 0.036751 0.104439
3 0.182286 0.098862 0.036751 0.104439
1 0.222712 0.098862 0.011025 0.039164
3 0.263139 0.098862 0.036751 0.104439
3 0.360529 0.098862 0.036751 0.104439
3 0.413818 0.098862 0.036751 0.104439
1 0.598021 0.098862 0.011025 0.039164
3 0.758991 0.098862 0.036751 0.104439
3 0.812281 0.098862 0.036751 0.104439
3 0.865570 0.098862 0.036751 0.104439
2 0.905629 0.098862 0.010290 0.036554
0 0.035281 0.099338 0.011025 0.039164
0 0.266814 0.470851 0.011025 0.039164
3 0.307240 0.470851 0.036751 0.104439
3 0.360529 0.470851 0.036751 0.104439
3 0.413818 0.470851 0.036751 0.104439
3 0.467108 0.470851 0.036751 0.104439
1 0.557595 0.470851 0.011025 0.039164
3 0.598021 0.470851 0.036751 0.104439
1 0.758991 0.470851 0.011025 0.039164
3 0.812281 0.470851 0.036751 0.104439
1 0.670421 0.568763 0.011025 0.039164
3 0.710847 0.568763 0.036751 0.104439
2 0.865570 0.470851 0.010290 0.036554
0 0.467108 0.859899 0.011025 0.039164
3 0.507534 0.859899 0.036751 0.104439
3 0.557595 0.859899 0.036751 0.104439
2 0.597654 0.859899 0.010290 0.036554
13 0.049063 0.099497 0.018008 0.013055
13 0.102352 0.098862 0.018008 0.013055
13 0.155641 0.098862 0.018008 0.013055
13 0.208931 0.098862 0.018008 0.013055
13 0.236494 0.098862 0.018008 0.013055
13 0.266814 0.301175 0.003675 0.305410
13 0.280595 0.470851 0.018008 0.013055
13 0.333885 0.470851 0.018008 0.013055
13 0.311834 0.098862 0.062110 0.013055
13 0.354404 0.284857 0.003675 0.272773
13 0.366654 0.284857 0.003675 0.272773
13 0.387174 0.470851 0.018008 0.013055
13 0.387174 0.098862 0.018008 0.013055
13 0.440463 0.470851 0.018008 0.013055
13 0.467108 0.681694 0.003675 0.322468
13 0.480889 0.859899 0.018008 0.013055
13 0.532564 0.859899 0.014780 0.013055
13 0.518783 0.470851 0.068069 0.013055
13 0.557595 0.649057 0.003675 0.322468
13 0.571376 0.470851 0.018008 0.013055
13 0.598021 0.268538 0.003675 0.305410
13 0.779204 0.470851 0.030871 0.013055
13 0.785636 0.098862 0.018008 0.013055
13 0.672075 0.098862 0.138552 0.013055
13 0.812281 0.284857 0.003675 0.272773
13 0.838925 0.098862 0.018008 0.013055
13 0.892214 0.098862 0.018008 0.013055
13 0.625033 0.471260 0.018743 0.013055
13 0.700924 0.471173 0.106578 0.013055
13 0.758991 0.301175 0.003675 0.305410
13 0.653056 0.532862 0.025175 0.077023
13 0.684203 0.568763 0.018008 0.013055
13 0.682059 0.568763 0.117360 0.148825
13 0.845540 0.470851 0.031239 0.013055
13 0.584239 0.859899 0.018008 0.013055
13 0.413818 0.284857 0.003675 0.272773
13 0.512351 0.098862 0.161784 0.013055
11 0.007571 0.154047 0.005145 0.033953
11 0.076200 0.098695 0.022803 0.037076
11 0.128997 0.098695 0.032119 0.037076
11 0.182286 0.098695 0.014538 0.018277
11 0.223108 0.137728 0.026518 0.032898
11 0.263692 0.098695 0.021821 0.037076
11 0.360529 0.098695 0.018510 0.018277
11 0.413818 0.098695 0.029430 0.055875
11 0.598225 0.071149 0.018206 0.032898
11 0.758912 0.098695 0.025740 0.037076
11 0.812201 0.098695 0.029430 0.055875
11 0.865491 0.098695 0.022551 0.037076
11 0.905780 0.127807 0.026188 0.015666
11 0.035222 0.146345 0.015318 0.050131
11 0.007571 0.531332 0.005145 0.085343
11 0.267262 0.509791 0.020006 0.032898
11 0.307854 0.470757 0.029906 0.055875
11 0.360529 0.470757 0.029535 0.018277
11 0.414371 0.470757 0.028442 0.055875
11 0.467295 0.470757 0.022553 0.055875
11 0.557464 0.437467 0.027092 0.050131
11 0.598553 0.470757 0.022309 0.055875
11 0.758957 0.518407 0.022141 0.050131
11 0.812692 0.470757 0.030153 0.037076
11 0.670526 0.607702 0.019478 0.032898
11 0.710768 0.568668 0.027821 0.018277
11 0.865568 0.508486 0.021470 0.032898
11 0.007571 0.877937 0.005145 0.036133
11 0.467556 0.907441 0.020006 0.050131
11 0.507534 0.859791 0.021082 0.037076
11 0.558069 0.859791 0.025002 0.055875
11 0.597621 0.897520 0.018468 0.032898
11 0.406356 0.218146 0.032852 0.050131
