8 0.212072 0.149290 0.384143 0.090505
8 0.212072 0.047371 0.384143 0.083333
8 0.212072 0.219543 0.384143 0.020000
1 0.256879 0.127566 0.010000 0.010000
1 0.208546 0.160566 0.010000 0.010000
3 0.098425 0.127566 0.033333 0.026667
0 0.061879 0.127566 0.010000 0.010000
3 0.256879 0.160566 0.033333 0.026667
3 0.295213 0.127711 0.033333 0.026667
4 0.141879 0.127711 0.013333 0.013333
2 0.333546 0.127566 0.009333 0.009333
0 0.098425 0.047371 0.010000 0.010000
3 0.141879 0.047371 0.033333 0.026667
4 0.180213 0.047371 0.013333 0.013333
3 0.208546 0.069038 0.033333 0.026667
3 0.256879 0.069038 0.033333 0.026667
3 0.333546 0.069038 0.033333 0.026667
2 0.369879 0.069038 0.009333 0.009333
4 0.295213 0.069038 0.013333 0.013333
