8 0.149967 0.085833 0.269933 0.085000
8 0.149967 0.167500 0.269933 0.065000
8 0.149967 0.028667 0.269933 0.020000
3 0.076667 0.082667 0.033333 0.026667
1 0.141667 0.067000 0.010000 0.010000
3 0.183000 0.067000 0.033333 0.026667
1 0.141667 0.100333 0.010000 0.010000
0 0.040000 0.082667 0.010000 0.010000
3 0.242600 0.100333 0.033333 0.026667
2 0.262333 0.067000 0.009333 0.009333
3 0.073333 0.167667 0.033333 0.026667
4 0.111667 0.167667 0.013333 0.013333
3 0.190000 0.151667 0.033333 0.026667
3 0.141667 0.185000 0.033333 0.026667
3 0.190000 0.185000 0.033333 0.026667
0 0.036667 0.167667 0.010000 0.010000
2 0.238000 0.151667 0.009333 0.009333
