8 0.383333 0.051667 0.756667 0.083333
8 0.383333 0.173333 0.756667 0.126667
8 0.383333 0.290000 0.756667 0.083333
0 0.030000 0.053333 0.010000 0.010000
3 0.071667 0.053333 0.033333 0.026667
1 0.110000 0.053333 0.010000 0.010000
3 0.151667 0.053333 0.033333 0.026667
3 0.220000 0.051667 0.033333 0.026667
1 0.185000 0.051667 0.010000 0.010000
1 0.308000 0.051667 0.010000 0.010000
1 0.516667 0.051667 0.010000 0.010000
3 0.571667 0.051667 0.033333 0.026667
1 0.621667 0.051667 0.010000 0.010000
3 0.661667 0.051667 0.033333 0.026667
2 0.694667 0.051667 0.009333 0.009333
0 0.090000 0.151667 0.010000 0.010000
3 0.134500 0.151667 0.039000 0.026667
3 0.185000 0.151667 0.033333 0.026667
3 0.263000 0.151667 0.033333 0.026667
3 0.308000 0.151667 0.033333 0.026667
3 0.353000 0.151667 0.033333 0.026667
1 0.220000 0.151667 0.010000 0.010000
1 0.484333 0.151667 0.010000 0.010000
3 0.516667 0.151667 0.033333 0.026667
3 0.621667 0.151667 0.033333 0.026667
3 0.621667 0.185667 0.033333 0.026667
1 0.580000 0.185667 0.010000 0.010000
2 0.694667 0.151667 0.009333 0.009333
1 0.580000 0.151667 0.010000 0.010000
11 0.307833 0.185667 0.070333 0.016667
0 0.353000 0.290000 0.010000 0.010000
3 0.396667 0.290000 0.033333 0.026667
3 0.441667 0.290000 0.033333 0.026667
3 0.484333 0.290000 0.033333 0.026667
2 0.519667 0.290000 0.009333 0.009333
