8 0.500000 0.500000 0.990573 0.988593
11 0.013354 0.514299 0.018853 0.162059
9 0.511783 0.611692 0.967007 0.177757
11 0.036921 0.623791 0.018853 0.137127
9 0.511783 0.264259 0.967007 0.517110
11 0.036921 0.267146 0.018853 0.032723
9 0.511783 0.847433 0.967007 0.293726
11 0.036921 0.868470 0.018853 0.238413
0 0.767478 0.612167 0.023566 0.028517
11 0.767478 0.635516 0.107488 0.022220
0 0.082482 0.083650 0.023566 0.028517
11 0.082482 0.106999 0.097489 0.022220
3 0.168892 0.083650 0.078555 0.076046
11 0.168892 0.086027 0.098171 0.048479
4 0.259230 0.083650 0.031422 0.038023
11 0.304747 0.101473 0.111806 0.024240
2 0.916732 0.083650 0.021995 0.026616
11 0.917518 0.050915 0.069992 0.022220
5 0.259655 0.159696 0.031422 0.038023
1 0.563236 0.383080 0.023566 0.028517
11 0.563236 0.413617 0.106655 0.044439
3 0.677141 0.159696 0.078555 0.076046
11 0.677141 0.162072 0.066356 0.048479
3 0.817753 0.083650 0.078555 0.076046
11 0.817753 0.086027 0.079991 0.048479
3 0.677141 0.264259 0.078555 0.076046
11 0.677141 0.266635 0.094535 0.048479
4 0.767478 0.264259 0.031422 0.038023
1 0.563236 0.159696 0.023566 0.028517
11 0.563236 0.183044 0.099989 0.022220
1 0.563236 0.264259 0.023566 0.028517
11 0.563236 0.287607 0.074158 0.022220
3 0.767478 0.383080 0.078555 0.076046
11 0.767478 0.387595 0.079991 0.072719
3 0.259655 0.288023 0.078555 0.076046
11 0.259655 0.292538 0.097262 0.072719
3 0.349568 0.160171 0.078555 0.076046
11 0.349568 0.164686 0.090899 0.072719
0 0.259230 0.928232 0.023566 0.028517
11 0.259230 0.958769 0.126652 0.044439
3 0.485467 0.928232 0.078555 0.076046
11 0.485467 0.930608 0.080900 0.048479
4 0.485467 0.847909 0.031422 0.038023
3 0.603299 0.752376 0.078555 0.076046
11 0.603299 0.752614 0.102716 0.024240
3 0.485467 0.752376 0.078555 0.076046
11 0.485467 0.754753 0.080900 0.048479
13 0.111940 0.083650 0.038492 0.009506
13 0.225844 0.083949 0.038492 0.009506
13 0.260029 0.121673 0.007855 0.041825
11 0.250298 0.147688 0.017910 0.024240
13 0.512372 0.280894 0.081304 0.208175
13 0.747447 0.121673 0.065200 0.079848
13 0.526709 0.083898 0.506677 0.009506
11 0.290297 0.072933 0.027613 0.024272
13 0.881383 0.083650 0.051846 0.009506
13 0.734093 0.264557 0.038492 0.009506
13 0.800079 0.193203 0.036921 0.146863
11 0.793716 0.253565 0.017910 0.024240
13 0.606441 0.159696 0.065986 0.009506
13 0.520031 0.159696 0.065986 0.009506
13 0.512372 0.221483 0.081304 0.089354
13 0.606441 0.264259 0.065986 0.009506
13 0.767707 0.314163 0.007855 0.065589
11 0.756751 0.268828 0.018926 0.046845
13 0.651610 0.383080 0.156324 0.009506
13 0.259230 0.620010 0.007855 0.591730
13 0.767478 0.509506 0.007855 0.180608
13 0.358602 0.928232 0.178319 0.009506
13 0.485712 0.878565 0.007855 0.027091
13 0.485702 0.809648 0.007855 0.042300
13 0.552239 0.819392 0.105263 0.061787
13 0.259881 0.214354 0.007855 0.075095
13 0.292828 0.160171 0.038067 0.009506
13 0.423016 0.160171 0.071485 0.009506
13 0.378060 0.224097 0.161398 0.131654
