8 0.500000 0.500000 0.990937 0.980614
11 0.012840 0.500000 0.009063 0.114655
0 0.076284 0.211632 0.022659 0.048465
11 0.076284 0.265751 0.055012 0.053312
3 0.178248 0.211632 0.075529 0.129241
11 0.178248 0.208401 0.042533 0.019386
4 0.302870 0.211632 0.030211 0.064620
11 0.303625 0.156704 0.099050 0.019386
2 0.400302 0.211632 0.021148 0.045234
3 0.400302 0.340872 0.075529 0.129241
11 0.400302 0.337641 0.066422 0.038772
1 0.547583 0.340872 0.022659 0.048465
11 0.547583 0.377221 0.045932 0.017771
3 0.630665 0.340872 0.075529 0.129241
11 0.630665 0.337641 0.050108 0.038772
1 0.547583 0.534733 0.022659 0.048465
11 0.547583 0.579968 0.047535 0.035541
3 0.630665 0.534733 0.075529 0.129241
11 0.630665 0.531502 0.051856 0.038772
4 0.717523 0.534733 0.030211 0.064620
11 0.718278 0.470113 0.060596 0.038772
2 0.712991 0.340872 0.021148 0.045234
11 0.712991 0.375606 0.055546 0.017771
2 0.777190 0.534733 0.021148 0.045234
11 0.777190 0.587237 0.054478 0.053312
4 0.781722 0.663974 0.030211 0.064620
1 0.547583 0.857835 0.022659 0.048465
11 0.547583 0.894184 0.059819 0.017771
3 0.868580 0.663974 0.075529 0.129241
11 0.868580 0.660743 0.065839 0.058158
2 0.950906 0.663974 0.021148 0.045234
11 0.950906 0.707593 0.074773 0.035541
13 0.114048 0.211632 0.055891 0.016155
13 0.251888 0.212108 0.074773 0.016155
13 0.353852 0.212018 0.074773 0.016155
11 0.332662 0.189577 0.017515 0.019531
13 0.455060 0.341379 0.037009 0.016155
13 0.519260 0.341253 0.037009 0.016155
13 0.575906 0.340872 0.037009 0.016155
13 0.511896 0.453958 0.051737 0.168013
13 0.575906 0.534733 0.037009 0.016155
13 0.685423 0.535240 0.037009 0.016155
13 0.685423 0.340872 0.037009 0.016155
13 0.749622 0.535109 0.037009 0.016155
13 0.742258 0.615913 0.051737 0.104200
13 0.511896 0.615509 0.051737 0.491115
13 0.670506 0.777060 0.226208 0.168013
13 0.813822 0.664486 0.037009 0.016155
13 0.923338 0.663974 0.037009 0.016155
13 0.332893 0.292407 0.062311 0.103393
11 0.292674 0.222294 0.009063 0.017447
