8 0.500000 0.500000 0.990957 0.988142
9 0.511304 0.376482 0.968350 0.247036
9 0.511304 0.623518 0.968350 0.247036
9 0.511304 0.129447 0.968350 0.247036
9 0.511304 0.870553 0.968350 0.247036
3 0.174077 0.307312 0.075358 0.079051
4 0.260739 0.307312 0.030143 0.039526
3 0.456669 0.307312 0.075358 0.079051
3 0.456669 0.411067 0.075358 0.079051
3 0.565938 0.411067 0.075358 0.079051
3 0.565938 0.307312 0.075358 0.079051
3 0.739261 0.307312 0.075358 0.079051
3 0.848531 0.307312 0.075358 0.079051
3 0.670200 0.623518 0.075358 0.079051
0 0.083647 0.129447 0.022607 0.029644
3 0.222946 0.129447 0.075358 0.079051
2 0.930671 0.870553 0.021100 0.027668
4 0.848531 0.870553 0.030143 0.039526
3 0.195592 0.870553 0.075358 0.079051
3 0.304861 0.870553 0.075358 0.079051
10 0.355200 0.072925 0.066315 0.095850
12 0.228711 0.307622 0.036925 0.009881
12 0.511304 0.411067 0.036925 0.009881
12 0.652600 0.307312 0.100980 0.009881
12 0.793896 0.307312 0.036925 0.009881
12 0.599229 0.537055 0.069597 0.176877
12 0.770669 0.746231 0.128595 0.253410
12 0.891861 0.870788 0.059533 0.009881
12 0.848531 0.598814 0.007536 0.507905
12 0.511304 0.307312 0.036925 0.009881
12 0.140109 0.129447 0.093331 0.009881
12 0.162532 0.238142 0.096729 0.142292
12 0.307257 0.223897 0.068461 0.210047
12 0.339864 0.369071 0.161266 0.087945
12 0.250226 0.870553 0.036925 0.009881
12 0.587999 0.870810 0.493934 0.009881
12 0.321056 0.214081 0.048117 0.190415
12 0.347400 0.307312 0.146194 0.009881
