8 0.500000 0.141802 0.991222 0.265879
11 0.012436 0.148853 0.017557 0.079906
8 0.293343 0.466765 0.577908 0.286558
11 0.012436 0.484712 0.017557 0.203397
8 0.262985 0.833826 0.517191 0.314623
11 0.012436 0.841304 0.017557 0.084749
0 0.048281 0.141802 0.021946 0.044313
11 0.048281 0.178083 0.039573 0.034527
3 0.128749 0.141802 0.073153 0.118168
11 0.128749 0.145495 0.098192 0.075332
3 0.234821 0.141802 0.073153 0.118168
11 0.234821 0.145495 0.061793 0.075332
1 0.315289 0.141802 0.021946 0.044313
11 0.315289 0.189254 0.068283 0.069055
3 0.395757 0.141802 0.073153 0.118168
11 0.395757 0.145495 0.061793 0.075332
3 0.501829 0.141802 0.073153 0.118168
11 0.501829 0.145495 0.061793 0.075332
3 0.604974 0.141802 0.073153 0.118168
11 0.604974 0.145495 0.048250 0.075332
1 0.686174 0.141802 0.021946 0.044313
11 0.686174 0.178083 0.089233 0.034527
3 0.872714 0.141802 0.073153 0.118168
11 0.872714 0.145495 0.060947 0.075332
3 0.766642 0.141802 0.073153 0.118168
11 0.766642 0.145495 0.046557 0.075332
2 0.950988 0.141802 0.020483 0.041359
11 0.950988 0.198948 0.039573 0.103582
0 0.048281 0.466765 0.021946 0.044313
3 0.128749 0.466765 0.073153 0.118168
11 0.128749 0.473781 0.066872 0.112999
1 0.209217 0.466765 0.021946 0.044313
3 0.289685 0.466765 0.073153 0.118168
11 0.289685 0.467134 0.092267 0.037666
1 0.432334 0.466765 0.021946 0.044313
1 0.432334 0.525480 0.021946 0.044313
11 0.432334 0.561761 0.030262 0.034527
2 0.486467 0.466765 0.020483 0.041359
11 0.486467 0.535081 0.054316 0.138109
0 0.048281 0.834564 0.021946 0.044313
3 0.128749 0.834564 0.073153 0.118168
11 0.128749 0.838257 0.062640 0.075332
3 0.234821 0.834564 0.073153 0.118168
11 0.234821 0.841581 0.071105 0.112999
3 0.340892 0.834564 0.073153 0.118168
11 0.340892 0.838257 0.071105 0.075332
2 0.420629 0.834564 0.020483 0.041359
11 0.420629 0.869369 0.072163 0.034527
13 0.075713 0.141802 0.035845 0.014771
13 0.181785 0.141802 0.035845 0.014771
13 0.287857 0.141802 0.035845 0.014771
13 0.342721 0.141802 0.035845 0.014771
13 0.448793 0.141802 0.035845 0.014771
13 0.553402 0.141802 0.032919 0.014771
13 0.658376 0.141802 0.036576 0.014771
13 0.075713 0.466765 0.035845 0.014771
13 0.222019 0.322747 0.350402 0.249631
13 0.075713 0.834564 0.035845 0.014771
13 0.181785 0.834564 0.035845 0.014771
13 0.287857 0.834564 0.035845 0.014771
13 0.181785 0.466765 0.035845 0.014771
13 0.275055 0.632201 0.134601 0.292467
13 0.236650 0.466765 0.035845 0.014771
13 0.487930 0.285820 0.399415 0.249631
13 0.713606 0.141802 0.035845 0.014771
13 0.342721 0.467229 0.035845 0.014771
13 0.404901 0.467114 0.035845 0.014771
13 0.397769 0.511011 0.050110 0.035316
13 0.361010 0.553914 0.145574 0.062038
13 0.599488 0.322747 0.337235 0.249631
13 0.819678 0.141802 0.035845 0.014771
13 0.925018 0.141802 0.034382 0.014771
13 0.459766 0.466765 0.035845 0.014771
13 0.393928 0.834564 0.035845 0.014771
