8 0.500000 0.500000 0.994152 0.977654
0 0.097953 0.178771 0.014620 0.055866
3 0.188109 0.178771 0.048733 0.148976
3 0.911793 0.178771 0.048733 0.148976
2 0.974659 0.178771 0.013645 0.052142
3 0.305068 0.420857 0.048733 0.148976
3 0.384990 0.420857 0.067251 0.148976
1 0.529240 0.420857 0.014620 0.055866
1 0.529240 0.625698 0.014620 0.055866
3 0.604776 0.420857 0.048733 0.148976
4 0.846004 0.178905 0.019493 0.074488
3 0.604776 0.625698 0.048733 0.148976
4 0.677875 0.625698 0.019493 0.074488
3 0.771686 0.811918 0.090156 0.148976
1 0.529240 0.811918 0.014620 0.055866
4 0.253899 0.178771 0.019493 0.074488
12 0.134503 0.178771 0.060429 0.018622
12 0.228314 0.179338 0.033626 0.018622
12 0.549951 0.179769 0.574561 0.018622
12 0.951998 0.178771 0.033626 0.018622
12 0.267422 0.318436 0.028509 0.212291
12 0.340400 0.420857 0.023879 0.018622
12 0.437378 0.421458 0.039474 0.018622
12 0.498782 0.421306 0.048246 0.018622
12 0.494030 0.541899 0.057749 0.175047
12 0.558480 0.420857 0.045809 0.018622
12 0.871589 0.179837 0.033626 0.018622
12 0.737695 0.318503 0.219055 0.212156
12 0.558480 0.625698 0.045809 0.018622
12 0.648635 0.626255 0.040936 0.018622
12 0.766935 0.421389 0.160575 0.417929
12 0.702364 0.718808 0.050439 0.119181
12 0.631579 0.811918 0.192008 0.018622
12 0.494030 0.635009 0.057749 0.361266
12 0.831506 0.514034 0.031433 0.603217
