8 0.500000 0.330996 0.991501 0.350631
11 0.012040 0.362643 0.016997 0.358666
8 0.500000 0.050491 0.991501 0.084151
11 0.500000 0.051543 0.228096 0.059607
8 0.471317 0.780505 0.934136 0.422160
11 0.012040 0.813166 0.016997 0.370161
3 0.124646 0.330996 0.070822 0.112202
11 0.124646 0.334502 0.086868 0.071529
1 0.468130 0.218794 0.021246 0.042076
11 0.443343 0.187325 0.157004 0.032784
3 0.546034 0.218794 0.070822 0.112202
11 0.546034 0.219144 0.095063 0.035764
1 0.614023 0.408135 0.021246 0.042076
11 0.559794 0.446792 0.120194 0.032784
3 0.691926 0.408135 0.070822 0.112202
11 0.691926 0.411641 0.074575 0.071529
1 0.819405 0.408135 0.021246 0.042076
11 0.820113 0.366234 0.084887 0.065568
2 0.623229 0.218794 0.019830 0.039271
11 0.635977 0.259642 0.085638 0.065568
3 0.897309 0.408135 0.070822 0.112202
11 0.897309 0.411641 0.092604 0.071529
2 0.974504 0.408135 0.019830 0.039271
11 0.966006 0.356417 0.078877 0.065568
0 0.048159 0.330996 0.021246 0.042076
11 0.063739 0.275070 0.085638 0.065568
0 0.124646 0.744741 0.021246 0.042076
11 0.124646 0.779190 0.079629 0.032784
3 0.202550 0.744741 0.070822 0.112202
11 0.202550 0.748247 0.087687 0.071529
3 0.305241 0.744741 0.070822 0.112202
11 0.305241 0.748247 0.063921 0.071529
4 0.386686 0.744741 0.028329 0.056101
11 0.386686 0.687588 0.060643 0.035764
3 0.468130 0.744741 0.070822 0.112202
11 0.468130 0.748247 0.049990 0.071529
2 0.546034 0.744741 0.019830 0.039271
11 0.555241 0.788394 0.066858 0.065568
3 0.614023 0.920056 0.070822 0.112202
11 0.614023 0.923562 0.074575 0.071529
3 0.716714 0.920056 0.070822 0.112202
11 0.716714 0.923562 0.087687 0.071529
3 0.819405 0.920056 0.070822 0.112202
11 0.819405 0.923562 0.092604 0.071529
2 0.896601 0.920056 0.019830 0.039271
11 0.896601 0.963710 0.079629 0.065568
13 0.074008 0.330996 0.033286 0.014025
13 0.124646 0.555400 0.007082 0.342216
13 0.151204 0.744741 0.034703 0.014025
13 0.253895 0.744741 0.034703 0.014025
13 0.356586 0.745181 0.034703 0.014025
13 0.416785 0.745185 0.034703 0.014025
11 0.414337 0.728751 0.024379 0.036055
13 0.275142 0.331373 0.233003 0.014025
13 0.468130 0.464236 0.007082 0.454418
13 0.482826 0.846424 0.194405 0.152875
11 0.377125 0.757175 0.016997 0.029889
13 0.431126 0.260870 0.055595 0.089762
13 0.494688 0.218794 0.034703 0.014025
13 0.504072 0.383590 0.201487 0.054698
13 0.640581 0.408135 0.034703 0.014025
13 0.614023 0.646564 0.007082 0.440393
13 0.519830 0.744741 0.035411 0.014025
13 0.665368 0.920056 0.034703 0.014025
13 0.768059 0.920056 0.034703 0.014025
13 0.870751 0.920056 0.034703 0.014025
13 0.768059 0.408135 0.084278 0.014025
13 0.819405 0.646564 0.007082 0.440393
13 0.597380 0.218794 0.034703 0.014025
13 0.845963 0.408135 0.034703 0.014025
13 0.948654 0.408135 0.034703 0.014025
13 0.546034 0.127630 0.007082 0.075736
13 0.691926 0.222300 0.007082 0.265077
13 0.897309 0.222300 0.007082 0.265077
13 0.047450 0.124123 0.007082 0.068724
11 0.037535 0.157947 0.016997 0.379358
