8 0.498005 0.149262 0.989168 0.285865
8 0.499430 0.539557 0.992018 0.353376
8 0.499430 0.890295 0.992018 0.206751
0 0.054732 0.193038 0.017104 0.031646
3 0.117446 0.193038 0.057013 0.084388
3 0.399658 0.193038 0.057013 0.084388
3 0.482326 0.193038 0.057013 0.084388
1 0.690422 0.193038 0.017104 0.031646
3 0.749145 0.193038 0.057013 0.084388
3 0.887115 0.193038 0.057013 0.084388
2 0.973774 0.193038 0.015964 0.029536
3 0.251425 0.193038 0.057013 0.084388
3 0.316990 0.193038 0.057013 0.084388
1 0.180160 0.193038 0.017104 0.031646
1 0.811858 0.193038 0.017104 0.031646
11 0.108894 0.119198 0.057013 0.052743
11 0.525086 0.092827 0.057013 0.052743
0 0.117446 0.526371 0.017104 0.031646
3 0.180160 0.526371 0.057013 0.084388
3 0.282782 0.526371 0.057013 0.084388
1 0.336944 0.526371 0.017104 0.031646
3 0.399658 0.526371 0.057013 0.084388
3 0.482326 0.526371 0.057013 0.084388
3 0.564994 0.526371 0.057013 0.084388
1 0.627708 0.526371 0.017104 0.031646
3 0.690422 0.526371 0.057013 0.084388
2 0.973774 0.526371 0.015964 0.029536
1 0.928734 0.605485 0.017104 0.031646
4 0.928734 0.526371 0.022805 0.042194
3 0.863170 0.658228 0.057013 0.084388
1 0.749145 0.526545 0.017104 0.031646
3 0.815849 0.526371 0.057013 0.084388
0 0.071836 0.890295 0.017104 0.031646
3 0.134550 0.890295 0.057013 0.084388
3 0.217218 0.890295 0.057013 0.084388
3 0.299886 0.890295 0.057013 0.084388
2 0.362030 0.890295 0.015964 0.029536
12 0.070330 0.148493 0.022395 0.061663
12 0.076112 0.193038 0.027936 0.010549
12 0.138826 0.526371 0.027936 0.010549
12 0.231471 0.526371 0.047891 0.010549
12 0.319840 0.526371 0.019384 0.010549
12 0.358324 0.526371 0.027936 0.010549
12 0.440992 0.526371 0.027936 0.010549
12 0.158780 0.193038 0.027936 0.010549
12 0.440992 0.193038 0.027936 0.010549
12 0.482326 0.359705 0.005701 0.253165
12 0.492541 0.123255 0.010357 0.059396
12 0.523660 0.526371 0.027936 0.010549
12 0.093216 0.890295 0.027936 0.010549
12 0.175884 0.890295 0.027936 0.010549
12 0.318415 0.721519 0.495439 0.310127
12 0.258552 0.890295 0.027936 0.010549
12 0.341220 0.890295 0.027936 0.010549
12 0.606328 0.526371 0.027936 0.010549
12 0.649088 0.526371 0.027936 0.010549
12 0.690422 0.346519 0.005701 0.279536
12 0.596351 0.193038 0.173318 0.010549
12 0.709806 0.193038 0.023945 0.010549
12 0.790479 0.193038 0.027936 0.010549
12 0.940707 0.193038 0.052452 0.010549
12 0.729761 0.526488 0.023945 0.010549
12 0.952965 0.526617 0.027936 0.010549
12 0.928868 0.568565 0.005701 0.046414
12 0.910205 0.639768 0.039339 0.041139
12 0.890251 0.571466 0.056442 0.093354
12 0.463797 0.695148 0.330103 0.310127
12 0.284208 0.193038 0.010832 0.010549
12 0.184436 0.372890 0.136260 0.279536
12 0.358324 0.193038 0.027936 0.010549
12 0.299886 0.359705 0.005701 0.253165
12 0.205815 0.193038 0.036488 0.010549
12 0.772520 0.526484 0.031927 0.010549
12 0.880844 0.526674 0.075257 0.010549
12 0.839510 0.193038 0.040479 0.010549
