3 0.066667 0.110000 0.033333 0.026667
3 0.166667 0.110000 0.033333 0.026667
3 0.218333 0.110000 0.033333 0.026667
4 0.116667 0.110000 0.013333 0.013333
3 0.231667 0.168333 0.033333 0.026667
2 0.419667 0.146667 0.009333 0.009333
3 0.386667 0.110000 0.033333 0.026667
3 0.283333 0.056667 0.033333 0.026667
3 0.315000 0.020667 0.033333 0.026667
3 0.366667 0.056667 0.033333 0.026667
1 0.290000 0.110000 0.010000 0.010000
0 0.025000 0.110000 0.010000 0.010000
1 0.256667 0.085000 0.010000 0.010000
1 0.256667 0.133333 0.010000 0.010000
4 0.315000 0.056667 0.013333 0.013333
3 0.331667 0.133333 0.033333 0.026667
2 0.404667 0.056667 0.009333 0.009333
2 0.368000 0.133333 0.009333 0.009333
2 0.351333 0.020667 0.009333 0.009333
