8 0.313588 0.041570 0.619629 0.069284
8 0.499899 0.398822 0.992252 0.506651
8 0.499899 0.848453 0.992252 0.288684
0 0.081698 0.289838 0.018868 0.034642
3 0.206447 0.289838 0.062893 0.092379
1 0.355660 0.411085 0.018868 0.034642
1 0.355660 0.226328 0.018868 0.034642
3 0.480409 0.226328 0.062893 0.092379
3 0.480409 0.411085 0.062893 0.092379
3 0.839063 0.411085 0.062893 0.092379
2 0.919157 0.411085 0.017610 0.032333
1 0.573755 0.226328 0.018868 0.034642
3 0.683151 0.226328 0.062893 0.092379
4 0.738657 0.411085 0.025157 0.046189
0 0.081698 0.848453 0.018868 0.034642
3 0.220525 0.848453 0.091050 0.092379
4 0.306931 0.848453 0.025157 0.046189
3 0.378616 0.767621 0.062893 0.092379
3 0.379258 0.929284 0.062893 0.092379
3 0.484531 0.929284 0.091050 0.092379
3 0.589805 0.929284 0.062893 0.092379
4 0.738657 0.929284 0.025157 0.046189
2 0.919157 0.929284 0.017610 0.032333
12 0.081698 0.174365 0.006289 0.200924
12 0.133066 0.289838 0.086384 0.011547
12 0.133066 0.848453 0.086384 0.011547
12 0.265330 0.290181 0.057390 0.011547
12 0.325943 0.362009 0.043082 0.102771
12 0.325943 0.246536 0.043082 0.045035
12 0.407028 0.226328 0.086384 0.011547
12 0.480409 0.128176 0.006289 0.108545
12 0.407028 0.411085 0.086384 0.011547
12 0.505928 0.220554 0.053553 0.293303
12 0.132987 0.583580 0.105094 0.499723
12 0.890431 0.411085 0.042358 0.011547
12 0.280201 0.848850 0.030818 0.011547
12 0.327208 0.796490 0.042440 0.062356
12 0.327528 0.900416 0.043082 0.062356
12 0.388522 0.563372 0.068239 0.644065
12 0.424855 0.929284 0.030818 0.011547
12 0.355660 0.574919 0.006289 0.297644
12 0.544208 0.929284 0.030818 0.011547
12 0.573755 0.563372 0.006289 0.644065
12 0.617447 0.226328 0.071031 0.011547
12 0.538088 0.226328 0.054981 0.011547
12 0.726785 0.307159 0.026890 0.166282
12 0.618967 0.411395 0.216739 0.011547
12 0.779426 0.411429 0.058896 0.011547
12 0.673665 0.929609 0.107343 0.011547
12 0.830794 0.929567 0.161632 0.011547
12 0.574517 0.836905 0.331425 0.143187
