8 0.499096 0.500000 0.990964 0.985312
11 0.010241 0.521599 0.014458 0.244789
9 0.508133 0.533660 0.972892 0.305998
11 0.028313 0.549239 0.014458 0.176569
9 0.508133 0.194002 0.972892 0.373317
11 0.028313 0.207635 0.014458 0.154498
9 0.508133 0.839657 0.972892 0.305998
11 0.028313 0.856122 0.014458 0.186602
3 0.926506 0.533660 0.060241 0.097919
11 0.926506 0.539474 0.064131 0.093635
0 0.075904 0.160343 0.018072 0.036720
11 0.075904 0.190407 0.109266 0.028611
3 0.344504 0.160641 0.060241 0.097919
11 0.344504 0.163701 0.047401 0.062424
3 0.431853 0.160641 0.060241 0.097919
11 0.431853 0.163701 0.050886 0.062424
3 0.530723 0.160641 0.060241 0.097919
11 0.530723 0.163701 0.073890 0.062424
2 0.974096 0.160343 0.016867 0.034272
11 0.974096 0.189183 0.118212 0.028611
3 0.205497 0.160641 0.060241 0.097919
11 0.205497 0.160947 0.066919 0.031212
3 0.754518 0.160343 0.060241 0.097919
11 0.754518 0.163403 0.057160 0.062424
4 0.812651 0.160343 0.024096 0.048960
11 0.861730 0.183293 0.128262 0.031212
4 0.926506 0.160641 0.024096 0.048960
4 0.136220 0.160641 0.024096 0.048960
4 0.275226 0.160641 0.024096 0.048960
11 0.293867 0.183591 0.036945 0.031212
3 0.275226 0.325581 0.060241 0.097919
11 0.275226 0.328641 0.078072 0.062424
3 0.362576 0.325581 0.060241 0.097919
11 0.362576 0.328641 0.075981 0.062424
4 0.431853 0.325581 0.024096 0.048960
11 0.473729 0.348531 0.106652 0.031212
3 0.501130 0.325581 0.060241 0.097919
11 0.501130 0.328641 0.064131 0.062424
4 0.570407 0.325581 0.024096 0.048960
3 0.136220 0.871481 0.060241 0.097919
11 0.136220 0.871787 0.078769 0.031212
13 0.481288 0.160641 0.041039 0.012240
13 0.249398 0.161025 0.029970 0.012240
13 0.388178 0.160641 0.029518 0.012240
13 0.792620 0.160742 0.018373 0.012240
13 0.869578 0.161103 0.092169 0.012240
13 0.926667 0.334910 0.006024 0.304475
13 0.952108 0.160766 0.029518 0.012240
13 0.854669 0.359241 0.085843 0.353733
13 0.104556 0.160773 0.041642 0.012240
13 0.136376 0.503821 0.006024 0.642297
13 0.161447 0.160641 0.030269 0.012240
13 0.275400 0.230871 0.006024 0.096397
11 0.267006 0.166227 0.014511 0.062316
13 0.318901 0.325581 0.029518 0.012240
13 0.406251 0.325966 0.029518 0.012240
13 0.457455 0.325969 0.029518 0.012240
13 0.544805 0.325966 0.029518 0.012240
13 0.642620 0.160492 0.165964 0.012240
