8 0.500000 0.500000 0.990188 0.982456
0 0.103025 0.185673 0.024530 0.043860
3 0.205233 0.185673 0.081766 0.116959
4 0.315617 0.185673 0.032706 0.058480
3 0.859362 0.185673 0.081766 0.116959
2 0.936222 0.185673 0.022895 0.040936
3 0.863859 0.440058 0.103843 0.116959
3 0.315617 0.330409 0.125920 0.116959
3 0.315617 0.483918 0.081766 0.116959
1 0.438267 0.783626 0.024530 0.043860
1 0.438267 0.676901 0.024530 0.043860
1 0.438267 0.885965 0.024530 0.043860
3 0.864268 0.885965 0.081766 0.116959
2 0.936222 0.885965 0.022895 0.040936
4 0.524121 0.783626 0.032706 0.058480
13 0.139820 0.185673 0.052330 0.014620
13 0.272690 0.186118 0.056419 0.014620
13 0.912510 0.185673 0.027800 0.014620
13 0.575225 0.186055 0.489779 0.014620
13 0.861658 0.312865 0.008177 0.143275
13 0.315617 0.407164 0.008177 0.042398
13 0.370809 0.744883 0.113655 0.083333
13 0.315617 0.595029 0.008177 0.111111
13 0.378986 0.677255 0.097302 0.014620
13 0.657195 0.586988 0.416599 0.182749
13 0.371014 0.796053 0.113246 0.185673
13 0.315864 0.243421 0.008177 0.062865
13 0.636958 0.885965 0.376124 0.014620
13 0.914963 0.885965 0.022895 0.014620
13 0.479150 0.783972 0.060507 0.014620
11 0.016844 0.500000 0.011447 0.065333
11 0.102680 0.219152 0.067994 0.017544
11 0.205233 0.185088 0.068452 0.020468
11 0.314335 0.133772 0.069390 0.036842
11 0.859362 0.185088 0.046078 0.041520
11 0.865095 0.439474 0.078840 0.041520
11 0.316853 0.329825 0.099384 0.041520
11 0.316848 0.483333 0.066805 0.062573
11 0.439493 0.826754 0.071137 0.036842
11 0.438024 0.710380 0.069833 0.017544
11 0.438631 0.919444 0.064506 0.017544
11 0.865498 0.885380 0.071724 0.041520
11 0.347762 0.165058 0.018500 0.017544
11 0.290117 0.236696 0.009505 0.017544
