8 0.500000 0.428478 0.992916 0.255906
8 0.485537 0.828084 0.963991 0.328084
8 0.151122 0.047244 0.295159 0.078740
0 0.056671 0.429134 0.017710 0.039370
3 0.121606 0.429134 0.059032 0.104987
3 0.446281 0.429134 0.059032 0.104987
4 0.514168 0.429134 0.023613 0.052493
1 0.360685 0.429134 0.017710 0.039370
3 0.590909 0.375328 0.059032 0.104987
3 0.590909 0.493438 0.059032 0.104987
3 0.676505 0.493438 0.059032 0.104987
1 0.747344 0.493438 0.017710 0.039370
3 0.812279 0.493438 0.059032 0.104987
2 0.897285 0.375328 0.016529 0.036745
0 0.127509 0.828084 0.017710 0.039370
3 0.192444 0.828084 0.059032 0.104987
4 0.260331 0.828084 0.023613 0.052493
3 0.360685 0.906824 0.059032 0.104987
2 0.427981 0.788714 0.016529 0.036745
3 0.360685 0.788714 0.059032 0.104987
3 0.446281 0.906824 0.059032 0.104987
2 0.826446 0.906824 0.016529 0.036745
1 0.747344 0.906824 0.017710 0.039370
13 0.056671 0.193570 0.005903 0.219160
13 0.078808 0.429134 0.028926 0.013123
13 0.251476 0.429134 0.203070 0.013123
13 0.149646 0.828084 0.028926 0.013123
13 0.235242 0.828496 0.028926 0.013123
13 0.404959 0.788714 0.031877 0.013123
13 0.295897 0.795276 0.072904 0.018373
13 0.393152 0.429134 0.049587 0.013123
13 0.489079 0.429546 0.028926 0.013123
13 0.295897 0.880577 0.072904 0.057743
13 0.360685 0.592520 0.005903 0.292651
13 0.537928 0.389108 0.049292 0.032808
13 0.444805 0.196850 0.294569 0.257218
13 0.537928 0.474409 0.049292 0.043307
13 0.633707 0.493438 0.028926 0.013123
13 0.487603 0.243438 0.380165 0.400262
13 0.722255 0.493438 0.034829 0.013123
13 0.769481 0.493438 0.028926 0.013123
13 0.554309 0.225066 0.518300 0.437008
13 0.403483 0.906824 0.028926 0.013123
13 0.607143 0.906824 0.265053 0.013123
13 0.787190 0.906824 0.064345 0.013123
13 0.865407 0.434383 0.049587 0.123360
13 0.754723 0.375328 0.270956 0.013123
13 0.747344 0.700131 0.005903 0.379265
11 0.012161 0.428478 0.008264 0.159326
11 0.056772 0.459186 0.048609 0.015748
11 0.121606 0.428609 0.048237 0.037270
11 0.446281 0.428609 0.041931 0.037270
11 0.512829 0.360236 0.028019 0.033071
11 0.361372 0.467848 0.041516 0.033071
11 0.590909 0.374803 0.035235 0.037270
11 0.590909 0.492913 0.043720 0.056168
11 0.676505 0.492913 0.043720 0.056168
11 0.747131 0.455249 0.052704 0.015748
11 0.812279 0.492913 0.035235 0.037270
11 0.897407 0.404068 0.047470 0.015748
11 0.521713 0.393570 0.005645 0.015748
11 0.012161 0.828084 0.008264 0.162812
11 0.127610 0.858136 0.048609 0.015748
11 0.192444 0.827559 0.046265 0.018373
11 0.261783 0.756562 0.041867 0.033071
11 0.361475 0.906299 0.048046 0.037270
11 0.427860 0.817454 0.052886 0.015748
11 0.360685 0.788189 0.035235 0.037270
11 0.447169 0.906299 0.031896 0.037270
11 0.826325 0.935564 0.052886 0.015748
11 0.747222 0.868635 0.052886 0.015748
11 0.285585 0.806955 0.005645 0.015748
11 0.289491 0.925066 0.012277 0.015748
11 0.151122 0.046719 0.097264 0.018373
