8 0.500144 0.500000 0.991217 0.978022
0 0.083900 0.239927 0.022676 0.054945
3 0.167045 0.239927 0.075586 0.146520
4 0.253968 0.239927 0.030234 0.073260
3 0.825835 0.239927 0.075586 0.146520
2 0.889932 0.239927 0.021164 0.051282
5 0.252457 0.421245 0.030234 0.073260
3 0.340892 0.421245 0.075586 0.146520
3 0.340892 0.576923 0.075586 0.146520
5 0.427816 0.421245 0.030234 0.073260
1 0.552532 0.421245 0.022676 0.054945
3 0.635676 0.421245 0.075586 0.146520
4 0.746228 0.240130 0.030234 0.073260
1 0.552532 0.576923 0.022676 0.054945
3 0.635676 0.576923 0.075586 0.146520
4 0.746228 0.576923 0.030234 0.073260
3 0.889932 0.576923 0.075586 0.146520
2 0.969297 0.576923 0.021164 0.051282
1 0.552532 0.760073 0.022676 0.054945
4 0.817604 0.577469 0.030234 0.073260
13 0.112245 0.239927 0.037037 0.018315
13 0.221844 0.240502 0.037037 0.018315
13 0.871489 0.239927 0.018745 0.018315
13 0.253590 0.330586 0.007559 0.115385
13 0.285336 0.421823 0.038549 0.018315
13 0.277967 0.517399 0.053288 0.126374
13 0.403439 0.517399 0.052532 0.126374
13 0.395692 0.421820 0.037037 0.018315
13 0.524187 0.421677 0.037037 0.018315
13 0.580877 0.421245 0.037037 0.018315
13 0.500098 0.240978 0.465049 0.018315
13 0.774694 0.240694 0.029720 0.018315
13 0.710038 0.349003 0.076160 0.151812
13 0.516818 0.517399 0.051776 0.126374
13 0.580877 0.576923 0.037037 0.018315
13 0.702290 0.577473 0.060665 0.018315
13 0.943220 0.576923 0.034014 0.018315
13 0.746606 0.408526 0.007559 0.270859
13 0.516818 0.608974 0.051776 0.309524
13 0.842430 0.577888 0.022441 0.018315
13 0.781916 0.578109 0.044165 0.018315
13 0.690926 0.687086 0.257135 0.153301
13 0.459940 0.421245 0.037037 0.018315
11 0.015571 0.500000 0.010582 0.171646
11 0.038246 0.500000 0.010582 0.118475
11 0.083974 0.306044 0.034917 0.070330
11 0.168302 0.239194 0.064543 0.078388
11 0.246091 0.162821 0.062854 0.021978
11 0.826153 0.239194 0.042595 0.052015
11 0.890170 0.292125 0.055473 0.046154
11 0.340892 0.420513 0.061858 0.078388
11 0.342029 0.576190 0.061756 0.078388
11 0.554304 0.361722 0.050406 0.046154
11 0.635676 0.420513 0.051688 0.052015
11 0.552739 0.630952 0.054835 0.046154
11 0.635676 0.576190 0.051912 0.052015
11 0.712302 0.530220 0.047430 0.046154
11 0.889645 0.576190 0.049659 0.052015
11 0.969411 0.629121 0.041619 0.046154
11 0.552638 0.814103 0.068240 0.046154
11 0.243977 0.254396 0.007228 0.021978
11 0.283748 0.215934 0.015719 0.021978
11 0.736796 0.479670 0.007228 0.021978
11 0.775811 0.552930 0.015719 0.021978
