8 0.500000 0.500000 0.994027 0.974194
11 0.008462 0.528618 0.011946 0.324332
11 0.023395 0.532661 0.011946 0.370161
3 0.124938 0.501075 0.049776 0.172043
11 0.124938 0.501613 0.062206 0.054839
4 0.202091 0.501075 0.019910 0.086022
11 0.197113 0.585484 0.070845 0.054839
3 0.292683 0.769892 0.049776 0.172043
11 0.292683 0.775269 0.036863 0.109677
3 0.292683 0.501075 0.049776 0.172043
11 0.292683 0.506452 0.061630 0.109677
3 0.398208 0.501075 0.049776 0.172043
11 0.398208 0.506452 0.057598 0.109677
0 0.047785 0.501075 0.014933 0.064516
11 0.047785 0.553898 0.030623 0.050269
1 0.585366 0.501075 0.014933 0.064516
11 0.585366 0.553898 0.065998 0.050269
3 0.684918 0.501075 0.049776 0.172043
11 0.684918 0.501613 0.062782 0.054839
3 0.916376 0.501075 0.049776 0.172043
11 0.916376 0.506452 0.036863 0.109677
1 0.585366 0.206452 0.014933 0.064516
11 0.585366 0.259274 0.079725 0.050269
3 0.684918 0.206452 0.049776 0.172043
11 0.684918 0.211828 0.051262 0.109677
4 0.819313 0.206452 0.019910 0.086022
11 0.843355 0.246774 0.056446 0.054839
3 0.916376 0.206452 0.049776 0.172043
11 0.916376 0.211828 0.036863 0.109677
2 0.980587 0.501075 0.013937 0.060215
2 0.980587 0.206452 0.013937 0.060215
3 0.916376 0.000000 0.049776 0.172043
11 0.916376 0.000000 0.059326 0.054839
1 0.585366 0.000000 0.014933 0.064516
11 0.585366 0.000000 0.055966 0.050269
3 0.684918 0.000000 0.049776 0.172043
11 0.684918 0.000000 0.061054 0.054839
2 0.980587 0.000000 0.013937 0.060215
2 0.759582 0.000000 0.013937 0.060215
13 0.170981 0.501715 0.044301 0.021505
13 0.239920 0.501703 0.057740 0.021505
11 0.231607 0.478654 0.010965 0.054839
13 0.345445 0.501075 0.057740 0.021505
13 0.077651 0.501075 0.046789 0.021505
13 0.235067 0.656989 0.067446 0.234409
11 0.252036 0.758944 0.017109 0.054839
13 0.450971 0.501700 0.057740 0.021505
13 0.626431 0.501075 0.069189 0.021505
13 0.800647 0.501075 0.183673 0.021505
13 0.626431 0.206452 0.069189 0.021505
13 0.759582 0.207048 0.101543 0.021505
13 0.860378 0.207074 0.064211 0.021505
11 0.835704 0.182089 0.010980 0.054956
13 0.855525 0.050538 0.073917 0.234409
11 0.812593 0.131202 0.011946 0.102235
13 0.626431 0.000000 0.069189 0.021505
13 0.957442 0.501075 0.034345 0.021505
13 0.957442 0.206452 0.034345 0.021505
13 0.957442 0.000000 0.034345 0.060215
13 0.731210 0.000000 0.044798 0.021505
13 0.538328 0.501600 0.081135 0.021505
13 0.533474 0.332258 0.090841 0.260215
13 0.533474 0.197849 0.090841 0.529032
