8 0.217733 0.061667 0.375467 0.083333
8 0.237350 0.151667 0.414700 0.083333
8 0.230567 0.214483 0.401133 0.012300
0 0.143333 0.061667 0.010000 0.010000
3 0.181333 0.061667 0.033333 0.026667
4 0.219667 0.061667 0.013333 0.013333
3 0.314833 0.040000 0.033333 0.026667
2 0.356333 0.040000 0.009333 0.009333
2 0.246333 0.081667 0.009333 0.009333
1 0.271000 0.040000 0.010000 0.010000
0 0.070000 0.151667 0.010000 0.010000
3 0.106667 0.151667 0.033333 0.026667
1 0.143333 0.151667 0.010000 0.010000
1 0.196667 0.130000 0.010000 0.010000
1 0.230000 0.173333 0.010000 0.010000
2 0.260833 0.130000 0.009333 0.009333
1 0.298833 0.173333 0.010000 0.010000
1 0.356333 0.173333 0.010000 0.010000
2 0.414233 0.173333 0.009333 0.009333
