8 0.500057 0.499818 0.991284 0.983657
9 0.511160 0.825202 0.969078 0.332889
9 0.511160 0.436555 0.969078 0.444403
9 0.511160 0.111172 0.969078 0.206365
3 0.274611 0.825202 0.074019 0.106525
3 0.096965 0.380799 0.074019 0.106525
3 0.437084 0.252996 0.101406 0.106525
4 0.509252 0.422077 0.029608 0.053262
3 0.701702 0.422077 0.074019 0.106525
4 0.810104 0.422077 0.029608 0.053262
3 0.267209 0.460476 0.074019 0.106525
4 0.182087 0.380799 0.029608 0.053262
3 0.274611 0.299640 0.074019 0.106525
3 0.437454 0.593632 0.074019 0.106525
4 0.352332 0.460476 0.029608 0.053262
4 0.564767 0.252996 0.029608 0.053262
5 0.850109 0.254989 0.029608 0.053262
3 0.437454 0.333978 0.074019 0.106525
3 0.438934 0.459145 0.074019 0.106525
3 0.935231 0.254989 0.074019 0.106525
0 0.015544 0.254328 0.022206 0.039947
2 1.000000 0.255319 0.020725 0.037284
13 0.043301 0.317563 0.036269 0.131797
13 0.150629 0.381217 0.036269 0.013316
13 0.213546 0.410447 0.036269 0.036379
13 0.320873 0.460894 0.036269 0.013316
13 0.384530 0.460143 0.037750 0.013316
13 0.376573 0.540370 0.050703 0.111851
13 0.376573 0.383912 0.050703 0.105193
13 0.519800 0.306803 0.093634 0.059677
13 0.520540 0.369386 0.092154 0.184844
13 0.519800 0.436630 0.093634 0.319331
13 0.209845 0.326904 0.058475 0.059854
13 0.210030 0.616316 0.058105 0.423098
13 0.478901 0.350852 0.041074 0.094514
13 0.767006 0.422477 0.059548 0.013316
13 0.822889 0.325440 0.027792 0.145338
13 0.594375 0.422077 0.143597 0.013316
13 0.660048 0.491040 0.303812 0.089990
13 0.581226 0.552340 0.542171 0.546767
13 0.881567 0.255410 0.036269 0.013316
13 0.988987 0.255431 0.036453 0.013316
13 0.707438 0.254748 0.258695 0.013316
13 0.349001 0.256344 0.077720 0.091917
11 0.014878 0.500000 0.011103 0.215351
11 0.037454 0.111185 0.010363 0.090148
11 0.032124 0.436751 0.010363 0.078151
11 0.037454 0.825566 0.010363 0.096382
11 0.275639 0.825033 0.055632 0.076165
11 0.096965 0.380293 0.057022 0.076165
11 0.438198 0.251798 0.079987 0.077497
11 0.702816 0.421571 0.058255 0.095340
11 0.267209 0.450599 0.060483 0.056991
11 0.275475 0.299068 0.037519 0.037816
11 0.437454 0.593342 0.045672 0.018642
11 0.437454 0.333688 0.045441 0.018642
11 0.438934 0.458855 0.045672 0.018642
11 0.936095 0.244208 0.062107 0.076165
11 0.582891 0.412117 0.050530 0.033555
11 0.641366 0.531425 0.050530 0.051132
11 0.630910 0.244341 0.043463 0.033555
