8 0.494903 0.383736 0.971270 0.454892
8 0.467563 0.065438 0.909175 0.115629
8 0.500000 0.833545 0.988879 0.317662
0 0.092678 0.452351 0.027804 0.038119
3 0.204819 0.452351 0.107507 0.101652
3 0.597776 0.541296 0.092678 0.101652
1 0.468026 0.541296 0.027804 0.038119
3 0.494903 0.382465 0.092678 0.101652
3 0.817424 0.382465 0.092678 0.101652
2 0.930491 0.541296 0.025950 0.035578
1 0.392956 0.382465 0.027804 0.038119
0 0.201112 0.833545 0.027804 0.038119
3 0.330584 0.832274 0.092678 0.101652
3 0.625579 0.915756 0.092678 0.101652
1 0.817424 0.915756 0.027804 0.038119
2 0.886006 0.915756 0.025950 0.035578
1 0.494903 0.768679 0.027804 0.038119
4 0.437349 0.832274 0.037071 0.050826
10 0.625116 0.238691 0.056534 0.085133
10 0.850788 0.238691 0.056534 0.085133
10 0.829008 0.717281 0.056534 0.085133
10 0.494439 0.658196 0.056534 0.081321
13 0.092678 0.278272 0.009268 0.315121
13 0.128823 0.452351 0.048193 0.012706
13 0.516682 0.541296 0.073216 0.012706
13 0.478792 0.588945 0.016627 0.062262
13 0.598065 0.195664 0.009268 0.012706
13 0.597776 0.306861 0.009268 0.372300
13 0.249629 0.833069 0.072938 0.012706
13 0.279425 0.452765 0.045412 0.012706
13 0.201112 0.658831 0.009268 0.316391
13 0.386701 0.509530 0.138554 0.068615
13 0.349166 0.404701 0.063485 0.049555
13 0.427711 0.382465 0.045412 0.012706
13 0.494903 0.227446 0.009268 0.213469
13 0.823607 0.293793 0.016074 0.030153
13 0.817424 0.227446 0.009268 0.213469
13 0.890639 0.461881 0.057461 0.163914
13 0.852178 0.915756 0.045412 0.012706
13 0.481464 0.477764 0.030584 0.094028
13 0.494716 0.724238 0.009268 0.055845
13 0.459407 0.787770 0.046895 0.043266
13 0.397868 0.832673 0.045598 0.012706
13 0.656163 0.382731 0.233550 0.012706
13 0.508526 0.886722 0.145134 0.063151
13 0.737720 0.915756 0.135310 0.012706
11 0.022799 0.383736 0.012975 0.097038
11 0.206219 0.451842 0.084714 0.036086
11 0.597776 0.540788 0.078826 0.036086
11 0.467925 0.570394 0.077647 0.015248
11 0.496299 0.381957 0.066164 0.036086
11 0.818966 0.381957 0.079139 0.036086
11 0.392674 0.411563 0.058749 0.015248
11 0.467563 0.064930 0.117148 0.017789
11 0.046895 0.833545 0.012975 0.096182
11 0.202864 0.871029 0.077647 0.032020
11 0.330862 0.831766 0.076662 0.036086
11 0.625579 0.915629 0.076963 0.036086
11 0.836705 0.953621 0.070074 0.032020
11 0.507335 0.806226 0.080471 0.032020
11 0.625138 0.229352 0.076968 0.032020
11 0.851219 0.228590 0.071298 0.015248
11 0.830109 0.708386 0.068003 0.032020
11 0.495286 0.648666 0.080471 0.032020
