8 0.494903 0.383736 0.971270 0.454892
8 0.467563 0.065438 0.909175 0.115629
8 0.500000 0.833545 0.988879 0.317662
0 0.092678 0.452351 0.027804 0.038119
3 0.204819 0.452351 0.107507 0.101652
3 0.597776 0.541296 0.092678 0.101652
1 0.468026 0.541296 0.027804 0.038119
3 0.494903 0.382465 0.092678 0.101652
3 0.817424 0.382465 0.092678 0.101652
2 0.930491 0.541296 0.025950 0.035578
1 0.392956 0.382465 0.027804 0.038119
0 0.201112 0.833545 0.027804 0.038119
3 0.330584 0.832274 0.092678 0.101652
3 0.625579 0.915756 0.092678 0.101652
1 0.817424 0.915756 0.027804 0.038119
2 0.886006 0.915756 0.025950 0.035578
1 0.494903 0.768679 0.027804 0.038119
4 0.437349 0.832274 0.037071 0.050826
10 0.625116 0.238691 0.056534 0.085133
10 0.850788 0.238691 0.056534 0.085133
10 0.829008 0.717281 0.056534 0.085133
10 0.494439 0.658196 0.056534 0.081321
12 0.092678 0.278272 0.009268 0.315121
12 0.128823 0.452351 0.048193 0.012706
12 0.516682 0.541296 0.073216 0.012706
12 0.478792 0.588945 0.016627 0.062262
12 0.598065 0.195664 0.009268 0.012706
12 0.597776 0.306861 0.009268 0.372300
12 0.249629 0.833069 0.072938 0.012706
12 0.279425 0.452765 0.045412 0.012706
12 0.201112 0.658831 0.009268 0.316391
12 0.386701 0.509530 0.138554 0.068615
12 0.349166 0.404701 0.063485 0.049555
12 0.427711 0.382465 0.045412 0.012706
12 0.494903 0.227446 0.009268 0.213469
12 0.823607 0.293793 0.016074 0.030153
12 0.817424 0.227446 0.009268 0.213469
12 0.890639 0.461881 0.057461 0.163914
12 0.852178 0.915756 0.045412 0.012706
12 0.481464 0.477764 0.030584 0.094028
12 0.494716 0.724238 0.009268 0.055845
12 0.459407 0.787770 0.046895 0.043266
12 0.397868 0.832673 0.045598 0.012706
12 0.656163 0.382731 0.233550 0.012706
12 0.508526 0.886722 0.145134 0.063151
12 0.737720 0.915756 0.135310 0.012706
