8 0.499842 0.581591 0.991933 0.820918
8 0.500159 0.058490 0.984678 0.100110
9 0.509704 0.371642 0.972209 0.401019
9 0.509704 0.669846 0.972209 0.195390
9 0.509704 0.879796 0.972209 0.224509
0 0.091166 0.300186 0.019724 0.041725
4 0.281905 0.300186 0.026298 0.055633
3 0.363016 0.300186 0.065746 0.111266
3 0.565880 0.300186 0.065746 0.111266
5 0.143763 0.300186 0.026298 0.055633
3 0.668575 0.300186 0.065746 0.111266
3 0.363016 0.474039 0.065746 0.111266
4 0.530508 0.474039 0.026298 0.055633
4 0.668575 0.474039 0.026298 0.055633
1 0.796780 0.300186 0.019724 0.041725
4 0.744183 0.300186 0.026298 0.055633
3 0.206297 0.300881 0.065746 0.111266
3 0.454900 0.474419 0.065746 0.111266
3 0.606116 0.669509 0.065746 0.111266
3 0.606116 0.880198 0.065746 0.111266
5 0.796780 0.880198 0.026298 0.055633
3 0.884057 0.880198 0.065746 0.111266
2 0.955721 0.880198 0.018409 0.038943
12 0.165168 0.300881 0.019141 0.013908
12 0.358668 0.604100 0.431781 0.557758
12 0.312599 0.300620 0.037719 0.013908
12 0.617228 0.300186 0.039579 0.013908
12 0.408958 0.474229 0.028767 0.013908
12 0.552040 0.585682 0.045036 0.173217
12 0.599542 0.474734 0.114398 0.013908
12 0.306189 0.401021 0.050539 0.151599
12 0.653947 0.585682 0.032544 0.173217
12 0.711310 0.880581 0.147272 0.013908
12 0.830557 0.880626 0.043884 0.013908
12 0.931723 0.880198 0.032216 0.013908
12 0.716241 0.300623 0.032216 0.013908
12 0.713118 0.401368 0.065417 0.152295
12 0.772126 0.300514 0.032216 0.013908
12 0.796943 0.586715 0.006575 0.536896
12 0.115821 0.300186 0.032216 0.013908
12 0.608724 0.139839 0.006575 0.068150
12 0.581768 0.139839 0.006575 0.068150
12 0.253963 0.300881 0.032216 0.013908
12 0.464448 0.300186 0.139747 0.013908
12 0.502566 0.474617 0.032216 0.013908
