8 0.219864 0.080566 0.427062 0.083333
8 0.219864 0.186921 0.427062 0.116044
8 0.219864 0.015667 0.427062 0.020000
3 0.071917 0.080566 0.033333 0.026667
0 0.035375 0.080566 0.010000 0.010000
1 0.179650 0.060838 0.010000 0.010000
1 0.206556 0.101535 0.010000 0.010000
4 0.329889 0.080566 0.013333 0.013333
3 0.254889 0.101535 0.033333 0.026667
1 0.303223 0.101535 0.010000 0.010000
3 0.368223 0.080732 0.033333 0.026667
2 0.410017 0.080732 0.009333 0.009333
0 0.071917 0.189522 0.010000 0.010000
3 0.108583 0.189522 0.033333 0.026667
4 0.146917 0.189522 0.013333 0.013333
3 0.179650 0.150566 0.033333 0.026667
3 0.206556 0.224522 0.033333 0.026667
3 0.254889 0.224522 0.033333 0.026667
3 0.303223 0.224522 0.033333 0.026667
2 0.368223 0.189667 0.009333 0.009333
4 0.329889 0.189667 0.013333 0.013333
11 0.277623 0.189667 0.033333 0.016667
