8 0.500000 0.287386 0.991649 0.325098
8 0.477070 0.737581 0.945790 0.510273
8 0.501740 0.046814 0.988170 0.078023
0 0.063326 0.287386 0.020877 0.039012
3 0.153097 0.288687 0.069589 0.104031
1 0.439109 0.287386 0.020877 0.039012
3 0.540014 0.287386 0.069589 0.104031
1 0.802366 0.383615 0.020877 0.039012
2 0.615866 0.287386 0.019485 0.036411
1 0.540014 0.383615 0.020877 0.039012
3 0.671190 0.383615 0.069589 0.104031
3 0.878914 0.383615 0.069589 0.104031
2 0.954767 0.383615 0.019485 0.036411
3 0.139875 0.644993 0.069589 0.104031
3 0.439109 0.547464 0.069589 0.104031
3 0.439109 0.710013 0.069589 0.104031
3 0.540014 0.710013 0.069589 0.104031
3 0.671190 0.710013 0.069589 0.104031
4 0.306889 0.644993 0.027836 0.052016
2 0.777314 0.710013 0.019485 0.036411
0 0.061795 0.644993 0.020877 0.039012
2 0.514962 0.547464 0.019485 0.036411
12 0.439109 0.401170 0.006959 0.193758
12 0.477383 0.287386 0.058455 0.013004
12 0.540014 0.160598 0.006959 0.154746
12 0.063326 0.176853 0.006959 0.187256
12 0.605602 0.710013 0.064370 0.013004
12 0.233820 0.644993 0.121086 0.013004
12 0.489562 0.710013 0.034099 0.013004
12 0.355602 0.583225 0.100209 0.076723
12 0.355602 0.690507 0.100209 0.044213
12 0.240431 0.289055 0.107864 0.013004
12 0.590466 0.287386 0.034099 0.013004
12 0.418406 0.349155 0.225122 0.074122
12 0.374739 0.288362 0.110647 0.013004
12 0.489562 0.530559 0.103688 0.260078
12 0.593424 0.383615 0.088726 0.013004
12 0.671190 0.208713 0.006959 0.250975
12 0.748956 0.383615 0.088726 0.013004
12 0.828462 0.383615 0.034099 0.013004
12 0.878914 0.208713 0.006959 0.250975
12 0.929367 0.383615 0.034099 0.013004
12 0.096033 0.287860 0.047321 0.013004
12 0.061795 0.537711 0.006959 0.180754
12 0.088657 0.644993 0.035630 0.013004
12 0.736778 0.530559 0.133960 0.260078
12 0.736778 0.710013 0.064370 0.013004
12 0.489562 0.547464 0.034099 0.013004
