8 0.500072 0.316023 0.990863 0.342466
11 0.013148 0.344159 0.018561 0.318875
8 0.500072 0.753099 0.990863 0.476892
11 0.013147 0.785000 0.018561 0.361541
8 0.500072 0.049315 0.990863 0.082192
11 0.500072 0.050342 0.326649 0.058219
3 0.156806 0.316023 0.077340 0.109589
11 0.156806 0.319448 0.101127 0.069863
0 0.072022 0.316023 0.023202 0.041096
11 0.072022 0.360030 0.094340 0.064041
1 0.406767 0.234951 0.023202 0.041096
11 0.406767 0.192657 0.096801 0.064041
1 0.469194 0.402200 0.023202 0.041096
11 0.469194 0.359905 0.082035 0.064041
4 0.755350 0.316023 0.030936 0.054795
3 0.581336 0.402200 0.077340 0.109589
11 0.581336 0.411789 0.101127 0.139726
1 0.693479 0.402200 0.023202 0.041096
11 0.693479 0.355196 0.092700 0.096062
3 0.844291 0.316708 0.077340 0.109589
11 0.844291 0.326297 0.073384 0.139726
2 0.941261 0.316708 0.021655 0.038356
11 0.941261 0.359345 0.084496 0.064041
0 0.156806 0.763790 0.023202 0.041096
11 0.156806 0.807797 0.086957 0.064041
3 0.241879 0.763790 0.077340 0.109589
11 0.241879 0.767215 0.095757 0.069863
4 0.330820 0.763790 0.030936 0.054795
11 0.379687 0.764133 0.088598 0.034932
3 0.406767 0.603695 0.077340 0.109589
11 0.406767 0.607119 0.088598 0.069863
3 0.469194 0.907626 0.077340 0.109589
11 0.469194 0.914133 0.081439 0.104795
3 0.581336 0.907626 0.077340 0.109589
11 0.581336 0.911051 0.095757 0.069863
3 0.693479 0.907626 0.077340 0.109589
11 0.693479 0.911051 0.088598 0.069863
2 0.844291 0.764386 0.021655 0.038356
11 0.844291 0.807023 0.084496 0.064041
4 0.755350 0.764386 0.030936 0.054795
12 0.634082 0.764386 0.077340 0.068493
11 0.631022 0.766441 0.097547 0.069863
13 0.100880 0.316023 0.037606 0.013699
13 0.072022 0.192943 0.007734 0.210544
13 0.185808 0.763790 0.037896 0.013699
13 0.156806 0.557030 0.007734 0.377904
13 0.213022 0.316451 0.038186 0.013699
13 0.297951 0.764220 0.037896 0.013699
13 0.349652 0.670044 0.039985 0.138178
11 0.320379 0.714206 0.018561 0.076350
13 0.380865 0.849407 0.102411 0.121918
11 0.320379 0.774945 0.018561 0.035930
13 0.406767 0.402200 0.007734 0.298880
13 0.469194 0.637790 0.007734 0.435563
13 0.320795 0.261789 0.151837 0.059154
13 0.352008 0.372810 0.214264 0.064259
13 0.511731 0.402200 0.064965 0.013699
13 0.581336 0.218908 0.007734 0.262474
13 0.591188 0.811690 0.011543 0.087763
13 0.844291 0.176162 0.007734 0.176982
13 0.906697 0.316708 0.050566 0.013699
13 0.586859 0.261789 0.340076 0.059154
13 0.650942 0.402200 0.064965 0.013699
13 0.637408 0.907626 0.037896 0.013699
13 0.525265 0.907626 0.037896 0.013699
13 0.693479 0.637790 0.007734 0.435563
13 0.730215 0.372810 0.053364 0.064259
13 0.743943 0.849705 0.026682 0.121322
13 0.600587 0.670342 0.313394 0.138774
13 0.802141 0.764712 0.065739 0.013699
13 0.788220 0.316708 0.037896 0.013699
