8 0.500000 0.500000 0.990588 0.982684
9 0.511765 0.189033 0.967059 0.360750
9 0.511765 0.500000 0.967059 0.261183
9 0.511765 0.810967 0.967059 0.360750
0 0.098824 0.189033 0.023529 0.043290
3 0.185098 0.189033 0.078431 0.115440
3 0.451766 0.189033 0.078431 0.115440
4 0.361570 0.189033 0.031373 0.057720
3 0.585098 0.066378 0.078431 0.115440
3 0.565491 0.189033 0.078431 0.115440
3 0.679217 0.189033 0.078431 0.115440
5 0.275294 0.189408 0.031373 0.057720
4 0.804706 0.275613 0.031373 0.057720
3 0.732550 0.066378 0.078431 0.115440
3 0.804706 0.500722 0.078431 0.115440
3 0.275294 0.810967 0.078431 0.115440
2 0.815686 0.810967 0.021961 0.040404
5 0.732550 0.810967 0.031373 0.057720
3 0.843138 0.810967 0.078431 0.115440
2 0.949020 0.810967 0.021961 0.040404
4 0.804706 0.688312 0.031373 0.057720
4 0.732550 0.688312 0.031373 0.057720
13 0.128235 0.189033 0.038431 0.014430
13 0.241961 0.189721 0.038431 0.014430
13 0.508628 0.189033 0.038431 0.014430
13 0.622354 0.189033 0.038431 0.014430
13 0.318432 0.189944 0.058040 0.014430
13 0.275294 0.485570 0.007843 0.541126
13 0.775434 0.810967 0.060112 0.014430
13 0.515687 0.810967 0.405491 0.014430
13 0.910196 0.810967 0.058823 0.014430
13 0.658824 0.066378 0.072158 0.014430
13 0.788432 0.156566 0.036470 0.186147
13 0.804931 0.608947 0.007843 0.106782
13 0.885223 0.482323 0.132799 0.419192
13 0.804579 0.373737 0.007843 0.144300
13 0.725687 0.424349 0.017647 0.476404
13 0.768628 0.689033 0.043921 0.014430
13 0.732942 0.749639 0.007843 0.070707
13 0.453725 0.113276 0.187451 0.099567
13 0.394281 0.189033 0.039675 0.014430
11 0.010510 0.500000 0.010980 0.113876
11 0.034039 0.810967 0.010980 0.104449
11 0.034039 0.500000 0.010980 0.097693
11 0.034039 0.189033 0.010980 0.084692
11 0.098554 0.222078 0.063775 0.017316
11 0.185098 0.178066 0.057554 0.040981
11 0.452511 0.188456 0.037336 0.040981
11 0.354418 0.102309 0.031189 0.017316
11 0.586282 0.065801 0.053897 0.061760
11 0.566801 0.188456 0.050233 0.061760
11 0.680401 0.188456 0.046838 0.040981
11 0.868339 0.309524 0.053542 0.036364
11 0.732549 0.065801 0.064092 0.040981
11 0.805891 0.500144 0.057561 0.040981
11 0.275294 0.810390 0.051005 0.040981
11 0.843137 0.800000 0.061216 0.040981
11 0.834822 0.255267 0.016311 0.017316
11 0.813946 0.399567 0.007500 0.017316
11 0.423309 0.046032 0.051324 0.017316
