8 0.500815 0.176191 0.992357 0.335121
8 0.499979 0.527815 0.994029 0.313003
8 0.499143 0.852681 0.992357 0.279088
3 0.096040 0.176191 0.049407 0.107239
3 0.167680 0.176191 0.049407 0.107239
1 0.234379 0.176191 0.014822 0.040214
3 0.288727 0.176191 0.049407 0.107239
1 0.516247 0.176191 0.014822 0.040214
1 0.694055 0.176707 0.014822 0.040214
3 0.846229 0.176707 0.049407 0.107239
3 0.917870 0.176707 0.049407 0.107239
2 0.971723 0.176707 0.013834 0.037534
0 0.040020 0.176191 0.014822 0.040214
1 0.047431 0.512064 0.014822 0.040214
3 0.101779 0.512064 0.049407 0.107239
3 0.173419 0.512064 0.049407 0.107239
1 0.343874 0.512064 0.014822 0.040214
3 0.398221 0.512064 0.049407 0.107239
3 0.469862 0.512064 0.049407 0.107239
3 0.571146 0.512064 0.049407 0.107239
1 0.638036 0.512064 0.014822 0.040214
3 0.692383 0.512064 0.049407 0.107239
1 0.839806 0.512064 0.014822 0.040214
1 0.792338 0.400804 0.014822 0.040214
2 0.969709 0.400804 0.013834 0.037534
3 0.894154 0.512064 0.049407 0.107239
12 0.502717 0.400804 0.049407 0.067024
12 0.154613 0.619973 0.031559 0.077676
1 0.040020 0.852547 0.014822 0.040214
3 0.094368 0.852547 0.049407 0.107239
3 0.166008 0.852547 0.049407 0.107239
3 0.237648 0.852547 0.049407 0.107239
2 0.297974 0.852547 0.013834 0.037534
3 0.846686 0.400804 0.049407 0.107239
13 0.131860 0.176191 0.024209 0.013405
13 0.065958 0.512064 0.024209 0.013405
13 0.137599 0.512064 0.024209 0.013405
13 0.252907 0.176191 0.024209 0.013405
13 0.362401 0.512064 0.024209 0.013405
13 0.434042 0.512064 0.024209 0.013405
13 0.475996 0.432172 0.006011 0.057909
13 0.493054 0.327372 0.048362 0.267509
13 0.520504 0.512064 0.053854 0.013405
13 0.058547 0.852547 0.024209 0.013405
13 0.130188 0.852547 0.024209 0.013405
13 0.656563 0.512064 0.024209 0.013405
13 0.694055 0.327629 0.004941 0.266993
13 0.107555 0.360884 0.122225 0.267509
13 0.305583 0.699062 0.533103 0.272118
13 0.212545 0.344128 0.030822 0.341235
13 0.324947 0.344128 0.025008 0.341235
13 0.882049 0.176707 0.024209 0.013405
13 0.738123 0.512463 0.044048 0.013405
13 0.810865 0.400804 0.024209 0.013405
13 0.846457 0.288755 0.004941 0.122221
13 0.777107 0.443029 0.017616 0.089812
13 0.761496 0.176707 0.122036 0.013405
13 0.917091 0.400804 0.093379 0.013405
13 0.953690 0.176707 0.024209 0.013405
13 0.201828 0.852547 0.024209 0.013405
13 0.805659 0.512389 0.055450 0.013405
13 0.858334 0.512064 0.024209 0.013405
13 0.831721 0.587802 0.126843 0.103217
13 0.059383 0.176191 0.025881 0.013405
13 0.132658 0.575132 0.014328 0.030589
13 0.411133 0.176191 0.197381 0.013405
13 0.209676 0.176191 0.036561 0.013405
13 0.605151 0.176449 0.164962 0.013405
13 0.267292 0.512064 0.140316 0.013405
13 0.613237 0.512064 0.036751 0.013405
13 0.276704 0.852547 0.030681 0.013405
13 0.471463 0.692359 0.335121 0.325737
11 0.011660 0.175603 0.006917 0.034863
11 0.095850 0.175067 0.039706 0.018767
11 0.167490 0.175067 0.023894 0.038070
11 0.235340 0.215147 0.027992 0.033780
11 0.288538 0.175067 0.024227 0.038070
11 0.516455 0.206300 0.036862 0.016086
11 0.694193 0.207641 0.028702 0.016086
11 0.846344 0.176408 0.039388 0.018767
11 0.917984 0.176408 0.034107 0.018767
11 0.971510 0.206300 0.009226 0.016086
11 0.040150 0.215147 0.026940 0.033780
11 0.010178 0.528150 0.006917 0.087631
11 0.048033 0.551609 0.026896 0.033780
11 0.102522 0.511528 0.029335 0.038070
11 0.173419 0.511528 0.039706 0.018767
11 0.344530 0.551609 0.027992 0.033780
11 0.398221 0.511528 0.025211 0.038070
11 0.469862 0.511528 0.039877 0.038070
11 0.571146 0.511528 0.029817 0.038070
11 0.638170 0.551609 0.029305 0.033780
11 0.692194 0.511528 0.023894 0.038070
11 0.839913 0.542761 0.014807 0.016086
11 0.792547 0.431501 0.029758 0.016086
11 0.969711 0.439008 0.036260 0.033780
11 0.894269 0.511528 0.036085 0.018767
11 0.501996 0.405094 0.041541 0.057373
11 0.010178 0.852547 0.006917 0.037102
11 0.040622 0.892091 0.026896 0.033780
11 0.094368 0.852011 0.028343 0.038070
11 0.166752 0.852011 0.033612 0.057373
11 0.238394 0.852011 0.034778 0.038070
11 0.297948 0.881903 0.028702 0.016086
