8 0.229367 0.020000 0.435400 0.020000
8 0.244033 0.090000 0.464733 0.083333
8 0.229367 0.182750 0.435400 0.088833
3 0.095000 0.090000 0.033333 0.026667
1 0.224333 0.090000 0.010000 0.010000
1 0.276000 0.115167 0.010000 0.010000
3 0.276000 0.090000 0.033333 0.026667
3 0.412667 0.090000 0.033333 0.026667
0 0.048333 0.090000 0.010000 0.010000
2 0.455667 0.090000 0.009333 0.009333
1 0.324333 0.090000 0.010000 0.010000
4 0.360667 0.090000 0.013333 0.013333
3 0.146000 0.200000 0.033333 0.026667
4 0.224333 0.200000 0.013333 0.013333
3 0.224333 0.166667 0.033333 0.026667
3 0.276000 0.200000 0.033333 0.026667
3 0.324333 0.200000 0.033333 0.026667
2 0.387333 0.166667 0.009333 0.009333
3 0.324333 0.166667 0.033333 0.026667
0 0.095000 0.200000 0.010000 0.010000
4 0.360667 0.166667 0.013333 0.013333
