8 0.481498 0.037804 0.952166 0.064806
8 0.506769 0.368137 0.975632 0.410441
8 0.423736 0.803780 0.809567 0.381638
3 0.276173 0.250675 0.090253 0.072007
0 0.086643 0.250675 0.027076 0.027003
2 0.674188 0.250675 0.025271 0.025203
1 0.414260 0.250675 0.027076 0.027003
1 0.475632 0.250675 0.027076 0.027003
3 0.574910 0.250675 0.090253 0.072007
1 0.574910 0.362061 0.027076 0.027003
3 0.674188 0.362061 0.090253 0.072007
2 0.772563 0.362061 0.025271 0.025203
3 0.807762 0.476373 0.090253 0.072007
2 0.903430 0.476373 0.025271 0.025203
0 0.709386 0.476373 0.027076 0.027003
3 0.276173 0.923492 0.090253 0.072007
0 0.176895 0.923492 0.027076 0.027003
4 0.422383 0.923492 0.036101 0.036004
3 0.475632 0.828983 0.090253 0.072007
3 0.574910 0.923492 0.090253 0.072007
3 0.709386 0.923492 0.090253 0.072007
2 0.475632 0.720072 0.025271 0.025203
2 0.709386 0.720072 0.025271 0.025203
12 0.086643 0.153690 0.009025 0.170567
12 0.165614 0.250675 0.134477 0.009001
12 0.219013 0.598335 0.087846 0.626913
12 0.210740 0.923492 0.044224 0.009001
12 0.674188 0.154140 0.009025 0.171467
12 0.362816 0.923758 0.086643 0.009001
12 0.361011 0.250675 0.083032 0.009001
12 0.449233 0.885239 0.056408 0.044104
12 0.444946 0.250675 0.037906 0.009001
12 0.509477 0.250675 0.044224 0.009001
12 0.574910 0.631526 0.009025 0.515527
12 0.487816 0.313119 0.150722 0.101485
12 0.608755 0.362061 0.044224 0.009001
12 0.739621 0.362061 0.044224 0.009001
12 0.772563 0.209833 0.009025 0.282853
12 0.642148 0.923492 0.047834 0.009001
12 0.475632 0.762826 0.009025 0.063906
12 0.475632 0.485824 0.009025 0.446895
12 0.709386 0.810081 0.009025 0.158416
12 0.871841 0.476373 0.041516 0.009001
12 0.903430 0.266989 0.009025 0.397165
12 0.640794 0.250675 0.045126 0.009001
12 0.742780 0.476373 0.043321 0.009001
12 0.709386 0.598672 0.009025 0.221197
12 0.485108 0.923492 0.092960 0.009001
