8 0.506400 0.055987 0.977600 0.098670
8 0.506400 0.353104 0.977600 0.420177
8 0.448400 0.794900 0.887200 0.396896
0 0.089417 0.341707 0.028800 0.039911
11 0.089417 0.372749 0.072000 0.022173
3 0.205417 0.341463 0.080000 0.088692
4 0.315817 0.341463 0.040000 0.055432
11 0.372617 0.341463 0.072000 0.022173
3 0.407017 0.233059 0.080000 0.088692
1 0.618217 0.232816 0.028800 0.039911
11 0.618217 0.185144 0.072000 0.022173
4 0.698217 0.341463 0.040000 0.055432
11 0.698217 0.380266 0.072000 0.022173
3 0.794217 0.341463 0.080000 0.088692
2 0.918217 0.341463 0.028800 0.039911
11 0.918217 0.372506 0.072000 0.022173
0 0.097417 0.818425 0.028800 0.039911
11 0.097417 0.849467 0.072000 0.022173
3 0.201417 0.818182 0.080000 0.088692
3 0.343017 0.818182 0.080000 0.088692
4 0.440617 0.818182 0.040000 0.055432
11 0.496617 0.818182 0.072000 0.022173
3 0.512617 0.700909 0.080000 0.088692
3 0.618217 0.700665 0.080000 0.088692
4 0.718217 0.818182 0.040000 0.055432
11 0.718217 0.856984 0.072000 0.022173
2 0.781417 0.818182 0.028800 0.039911
11 0.781417 0.849224 0.072000 0.022173
13 0.089600 0.213415 0.008000 0.220621
11 0.359600 0.212860 0.072000 0.022173
13 0.134800 0.341463 0.064800 0.011086
11 0.142800 0.341463 0.072000 0.022173
13 0.270800 0.341463 0.053600 0.011086
11 0.270800 0.341463 0.072000 0.022173
13 0.341600 0.273282 0.054400 0.085366
11 0.311200 0.269956 0.072000 0.022173
13 0.407200 0.146896 0.008000 0.087583
11 0.405600 0.146341 0.072000 0.022173
13 0.525600 0.232816 0.160000 0.011086
11 0.524800 0.232816 0.072000 0.022173
13 0.665600 0.273282 0.068800 0.085366
11 0.665600 0.232816 0.072000 0.022173
13 0.507200 0.400776 0.385600 0.067627
11 0.327200 0.403548 0.072000 0.022173
13 0.736400 0.341463 0.039200 0.011086
11 0.736400 0.341463 0.072000 0.022173
13 0.794400 0.201220 0.008000 0.196231
11 0.794400 0.200665 0.072000 0.022173
13 0.869200 0.341463 0.072800 0.011086
11 0.869200 0.341463 0.072000 0.022173
13 0.136800 0.818182 0.052800 0.011086
11 0.136800 0.818182 0.072000 0.022173
13 0.272400 0.818182 0.064800 0.011086
11 0.272400 0.818182 0.072000 0.022173
13 0.141200 0.592018 0.090400 0.416851
11 0.151600 0.592018 0.072000 0.022173
13 0.286400 0.579823 0.116800 0.392461
11 0.274400 0.579823 0.072000 0.022173
13 0.402000 0.818182 0.040800 0.011086
11 0.402000 0.818182 0.072000 0.022173
13 0.456800 0.745565 0.035200 0.094235
11 0.431200 0.748891 0.072000 0.022173
13 0.565600 0.700665 0.028800 0.011086
11 0.572000 0.700665 0.072000 0.022173
13 0.688400 0.745565 0.063200 0.094235
11 0.697200 0.700665 0.072000 0.022173
13 0.752800 0.818182 0.032000 0.011086
11 0.752800 0.818182 0.072000 0.022173
13 0.579600 0.881929 0.280800 0.076497
11 0.434000 0.886918 0.072000 0.022173
13 0.618400 0.454545 0.008000 0.407982
11 0.627200 0.454545 0.072000 0.022173
