8 0.500000 0.500000 0.991678 0.988281
11 0.011789 0.507628 0.016644 0.086447
9 0.510402 0.255859 0.970874 0.500000
11 0.032594 0.266736 0.016644 0.123267
9 0.510402 0.627930 0.970874 0.244141
11 0.032594 0.640784 0.016644 0.145679
9 0.510402 0.872070 0.970874 0.244141
11 0.032594 0.885207 0.016644 0.148880
0 0.056172 0.127930 0.020804 0.029297
11 0.085298 0.065002 0.144175 0.022827
3 0.132455 0.127930 0.069348 0.078125
11 0.132455 0.128174 0.077036 0.024902
4 0.212205 0.127930 0.027739 0.039062
11 0.212899 0.096924 0.083456 0.024902
4 0.475728 0.127930 0.027739 0.039062
11 0.463939 0.086182 0.125183 0.024902
3 0.343967 0.127930 0.069348 0.078125
11 0.343967 0.130371 0.054567 0.049805
3 0.552011 0.127930 0.069348 0.078125
11 0.552011 0.128174 0.065801 0.024902
3 0.552011 0.044922 0.069348 0.078125
11 0.552011 0.045166 0.065801 0.024902
3 0.552011 0.208496 0.069348 0.078125
11 0.552011 0.208740 0.065801 0.024902
3 0.212205 0.287598 0.069348 0.078125
11 0.212205 0.287842 0.069814 0.024902
3 0.711512 0.127930 0.069348 0.078125
11 0.711512 0.130371 0.063394 0.049805
4 0.631761 0.127930 0.027739 0.039062
11 0.647712 0.073486 0.132405 0.024902
4 0.291956 0.287598 0.027739 0.039062
3 0.291956 0.630859 0.069348 0.078125
11 0.291956 0.633301 0.073826 0.049805
13 0.082178 0.127930 0.033981 0.009766
13 0.182732 0.128236 0.033981 0.009766
13 0.420250 0.128212 0.085992 0.009766
13 0.503467 0.128242 0.030513 0.009766
13 0.496706 0.177979 0.044036 0.064941
13 0.602288 0.128236 0.033981 0.009766
13 0.609397 0.076660 0.048197 0.067383
13 0.609397 0.177979 0.048197 0.064941
13 0.496706 0.076660 0.044036 0.067383
13 0.212400 0.197998 0.006935 0.104980
11 0.202761 0.132850 0.016691 0.046501
13 0.267684 0.127930 0.085992 0.009766
11 0.234770 0.116455 0.015276 0.024902
13 0.262483 0.287904 0.033981 0.009766
13 0.292139 0.449463 0.006935 0.288574
11 0.282561 0.296034 0.016654 0.022448
13 0.661234 0.127930 0.033981 0.009766
