8 0.240000 0.055000 0.460000 0.090000
8 0.240000 0.161667 0.460000 0.082000
8 0.240000 0.252167 0.460000 0.055000
0 0.035000 0.055000 0.010000 0.010000
3 0.071667 0.055000 0.033333 0.026667
3 0.120000 0.055000 0.033333 0.026667
3 0.191667 0.055000 0.033333 0.026667
1 0.155000 0.055000 0.010000 0.010000
1 0.235000 0.055000 0.010000 0.010000
1 0.306333 0.055000 0.010000 0.010000
3 0.343000 0.055000 0.033333 0.026667
3 0.406333 0.055000 0.033333 0.026667
2 0.442667 0.055000 0.009333 0.009333
0 0.035000 0.162333 0.010000 0.010000
3 0.071667 0.162333 0.033333 0.026667
3 0.120000 0.162333 0.033333 0.026667
1 0.191667 0.162333 0.010000 0.010000
3 0.235000 0.162333 0.033333 0.026667
1 0.269667 0.162333 0.010000 0.010000
3 0.306333 0.162333 0.033333 0.026667
1 0.369667 0.162333 0.010000 0.010000
1 0.369667 0.140000 0.010000 0.010000
3 0.406333 0.162333 0.033333 0.026667
2 0.442667 0.162333 0.009333 0.009333
0 0.040000 0.256667 0.010000 0.010000
3 0.076667 0.256667 0.033333 0.026667
3 0.120000 0.256667 0.033333 0.026667
2 0.155000 0.256667 0.009333 0.009333
