8 0.500000 0.134635 0.986942 0.256937
8 0.500000 0.500000 0.986942 0.371017
8 0.500000 0.865365 0.986942 0.256937
0 0.088139 0.134635 0.032644 0.030832
3 0.207835 0.134635 0.108814 0.082220
3 0.444592 0.134635 0.108814 0.082220
3 0.602372 0.134635 0.108814 0.082220
1 0.324897 0.134635 0.032644 0.030832
3 0.760152 0.134635 0.108814 0.082220
1 0.879848 0.134635 0.032644 0.030832
0 0.104461 0.406989 0.032644 0.030832
3 0.207835 0.406989 0.108814 0.082220
3 0.365615 0.406989 0.108814 0.082220
3 0.500544 0.406989 0.108814 0.082220
3 0.658324 0.406989 0.108814 0.082220
1 0.778020 0.406989 0.032644 0.030832
0 0.104461 0.839671 0.032644 0.030832
3 0.224157 0.839671 0.108814 0.082220
3 0.381937 0.839671 0.108814 0.082220
3 0.539717 0.839671 0.108814 0.082220
13 0.128945 0.134635 0.053319 0.010277
13 0.137106 0.406989 0.036997 0.010277
13 0.286181 0.406989 0.052231 0.010277
13 0.433079 0.406989 0.030468 0.010277
13 0.579434 0.406989 0.053319 0.010277
13 0.145267 0.839671 0.053319 0.010277
13 0.303047 0.839671 0.053319 0.010277
13 0.384657 0.637205 0.564744 0.378212
13 0.460827 0.839671 0.053319 0.010277
13 0.284097 0.134635 0.048063 0.010277
13 0.272900 0.281567 0.339053 0.224121
13 0.365702 0.134635 0.053319 0.010277
13 0.483993 0.270812 0.241110 0.194245
13 0.523482 0.134635 0.053319 0.010277
13 0.681262 0.134635 0.053319 0.010277
13 0.630348 0.270812 0.263961 0.194245
13 0.839042 0.134635 0.053319 0.010277
13 0.660832 0.609455 0.253112 0.378212
13 0.737214 0.406989 0.053319 0.010277
11 0.055060 0.134635 0.015234 0.033589
11 0.088377 0.158171 0.083175 0.012333
11 0.207835 0.134224 0.086001 0.014388
11 0.445049 0.134224 0.074395 0.014388
11 0.602829 0.134224 0.077279 0.014388
11 0.324895 0.158171 0.079604 0.012333
11 0.760609 0.134224 0.071494 0.014388
11 0.880364 0.158171 0.087170 0.012333
11 0.055060 0.500000 0.015234 0.055177
11 0.104878 0.430524 0.079179 0.012333
11 0.209102 0.406578 0.079825 0.029188
11 0.365615 0.406578 0.082733 0.014388
11 0.500544 0.406578 0.081664 0.014388
11 0.658324 0.406578 0.091074 0.029188
11 0.778517 0.430524 0.059755 0.012333
11 0.055060 0.865365 0.015234 0.027763
11 0.105592 0.869990 0.063197 0.025899
11 0.224157 0.839260 0.085277 0.014388
11 0.381937 0.839260 0.081634 0.029188
11 0.539717 0.839260 0.079466 0.058787
