8 0.515367 0.141839 0.960270 0.268135
8 0.500000 0.480570 0.991004 0.323834
8 0.515367 0.830311 0.960270 0.323834
3 0.190405 0.130829 0.074963 0.103627
3 0.347826 0.130829 0.074963 0.103627
3 0.741379 0.130829 0.074963 0.103627
3 0.850075 0.130829 0.074963 0.103627
2 0.939280 0.130829 0.020990 0.036269
1 0.265367 0.130829 0.022489 0.038860
0 0.096702 0.130829 0.022489 0.038860
3 0.487256 0.130829 0.074963 0.103627
3 0.606447 0.130829 0.074963 0.103627
0 0.670165 0.130829 0.022489 0.038860
3 0.122939 0.480570 0.074963 0.103627
3 0.224138 0.480570 0.074963 0.103627
3 0.325337 0.480570 0.074963 0.103627
3 0.426537 0.480570 0.074963 0.103627
3 0.538981 0.480570 0.074963 0.103627
1 0.625187 0.480570 0.022489 0.038860
3 0.696402 0.480570 0.074963 0.103627
1 0.850075 0.480570 0.022489 0.038860
0 0.051724 0.480570 0.022489 0.038860
1 0.805097 0.376943 0.022489 0.038860
3 0.939280 0.389896 0.074963 0.103627
3 0.939280 0.506477 0.074963 0.103627
3 0.190405 0.830311 0.074963 0.103627
3 0.302849 0.830311 0.074963 0.103627
3 0.426537 0.830311 0.074963 0.103627
1 0.096702 0.830311 0.022489 0.038860
12 0.199775 0.321891 0.299100 0.283679
12 0.173538 0.480570 0.029235 0.012953
12 0.274738 0.480570 0.029235 0.012953
12 0.375937 0.480570 0.029235 0.012953
12 0.482759 0.480570 0.040480 0.012953
12 0.246627 0.830311 0.040480 0.012953
12 0.364693 0.830311 0.051724 0.012953
12 0.317841 0.671632 0.445277 0.283679
12 0.130435 0.830311 0.047976 0.012953
12 0.625187 0.583657 0.007496 0.172495
12 0.595202 0.480570 0.040480 0.012953
12 0.647676 0.480570 0.025487 0.012953
12 0.795727 0.130829 0.036732 0.012953
12 0.241004 0.130829 0.029235 0.012953
12 0.293478 0.130829 0.036732 0.012953
12 0.130435 0.130829 0.047976 0.012953
12 0.908171 0.130829 0.044228 0.012953
12 0.546852 0.130829 0.047226 0.012953
12 0.651424 0.130829 0.017991 0.012953
12 0.692654 0.130829 0.025487 0.012953
12 0.417541 0.130829 0.067466 0.012953
12 0.670165 0.289508 0.007496 0.283679
12 0.074213 0.480570 0.025487 0.012953
12 0.351574 0.303624 0.274363 0.247144
12 0.359820 0.305699 0.274363 0.251295
12 0.453898 0.305699 0.270615 0.251295
12 0.468516 0.307686 0.278861 0.255268
12 0.747001 0.480984 0.029235 0.012953
12 0.814468 0.480879 0.051724 0.012953
12 0.784670 0.415803 0.021364 0.082902
12 0.859070 0.376943 0.088456 0.012953
12 0.881559 0.493523 0.043478 0.031088
12 0.857384 0.547280 0.166792 0.086788
12 0.894678 0.260363 0.092204 0.160622
12 0.765367 0.270078 0.082459 0.180052
