8 0.500000 0.157452 0.992100 0.300481
11 0.011192 0.164754 0.015800 0.082752
8 0.500000 0.500000 0.992100 0.300481
11 0.011192 0.511648 0.015800 0.132010
8 0.619487 0.842548 0.421330 0.300481
11 0.416063 0.848111 0.015800 0.063049
0 0.053325 0.157452 0.019750 0.036058
11 0.053325 0.196064 0.035613 0.056190
3 0.125741 0.157452 0.065833 0.096154
11 0.125741 0.157752 0.089128 0.030649
3 0.221198 0.157452 0.065833 0.096154
11 0.221198 0.157752 0.066275 0.030649
1 0.293614 0.157452 0.019750 0.036058
11 0.293614 0.186974 0.064243 0.028095
3 0.366030 0.157452 0.065833 0.096154
11 0.366030 0.157752 0.059419 0.030649
3 0.461488 0.157452 0.065833 0.096154
11 0.461488 0.157752 0.058657 0.030649
3 0.556945 0.157452 0.065833 0.096154
11 0.556945 0.157752 0.063228 0.030649
1 0.629361 0.157452 0.019750 0.036058
11 0.629361 0.186974 0.062847 0.028095
3 0.701777 0.157452 0.065833 0.096154
11 0.701777 0.157752 0.045707 0.030649
3 0.873091 0.157452 0.065833 0.096154
11 0.873091 0.157752 0.044945 0.030649
2 0.944849 0.157452 0.018433 0.033654
11 0.944849 0.185772 0.053071 0.028095
3 0.780777 0.157452 0.065833 0.096154
11 0.780777 0.157752 0.051039 0.030649
0 0.053325 0.500000 0.019750 0.036058
11 0.053325 0.529522 0.069830 0.028095
3 0.125741 0.500000 0.065833 0.096154
11 0.125741 0.500300 0.061704 0.030649
3 0.221198 0.500000 0.065833 0.096154
11 0.221198 0.500300 0.072369 0.030649
3 0.316656 0.500000 0.065833 0.096154
11 0.316656 0.500300 0.074654 0.030649
3 0.412113 0.500000 0.065833 0.096154
11 0.412113 0.503005 0.054086 0.061298
3 0.507571 0.500000 0.065833 0.096154
11 0.507571 0.500300 0.060181 0.030649
1 0.579987 0.500000 0.019750 0.036058
11 0.579987 0.529522 0.053071 0.028095
3 0.652403 0.500000 0.065833 0.096154
11 0.652403 0.500300 0.075416 0.030649
1 0.780777 0.439904 0.019750 0.036058
11 0.780777 0.469426 0.097063 0.028095
3 0.853193 0.439904 0.065833 0.096154
11 0.853193 0.440204 0.082272 0.030649
2 0.924951 0.439904 0.018433 0.033654
11 0.924951 0.468224 0.080304 0.028095
1 0.780777 0.560096 0.019750 0.036058
11 0.780777 0.589618 0.048881 0.028095
3 0.854510 0.560096 0.065833 0.096154
11 0.854510 0.560397 0.070084 0.030649
0 0.461488 0.842548 0.019750 0.036058
3 0.533904 0.842548 0.065833 0.096154
11 0.533904 0.842849 0.069322 0.030649
3 0.629361 0.842548 0.065833 0.096154
11 0.629361 0.845553 0.067798 0.061298
3 0.724819 0.842548 0.065833 0.096154
11 0.724819 0.842849 0.089890 0.030649
2 0.796577 0.842548 0.018433 0.033654
11 0.796577 0.870868 0.069830 0.028095
13 0.078012 0.157452 0.032258 0.012019
13 0.173469 0.157452 0.032258 0.012019
13 0.268927 0.157452 0.032258 0.012019
13 0.318302 0.157452 0.032258 0.012019
13 0.413759 0.157452 0.032258 0.012019
13 0.509217 0.157452 0.032258 0.012019
13 0.604674 0.157452 0.032258 0.012019
13 0.654049 0.157452 0.032258 0.012019
13 0.741277 0.157452 0.015800 0.012019
13 0.920820 0.157452 0.032258 0.012019
13 0.209677 0.343750 0.315339 0.281250
13 0.078012 0.500000 0.032258 0.012019
13 0.173469 0.500000 0.032258 0.012019
13 0.330371 0.328726 0.242923 0.251202
13 0.352315 0.328726 0.242923 0.251202
13 0.268927 0.500000 0.032258 0.012019
13 0.364384 0.500000 0.032258 0.012019
13 0.484529 0.328726 0.147465 0.251202
13 0.459842 0.500000 0.032258 0.012019
13 0.555300 0.500000 0.032258 0.012019
13 0.604674 0.500000 0.032258 0.012019
13 0.640882 0.313702 0.025675 0.281250
13 0.700132 0.500377 0.032258 0.012019
13 0.749671 0.457933 0.045095 0.040865
13 0.741277 0.313702 0.081633 0.221154
13 0.805464 0.439904 0.032258 0.012019
13 0.900922 0.439904 0.032258 0.012019
13 0.806122 0.560096 0.033575 0.012019
13 0.749671 0.542067 0.045095 0.040865
13 0.788677 0.578125 0.134299 0.112981
13 0.484529 0.686298 0.048716 0.281250
13 0.486175 0.842548 0.032258 0.012019
13 0.581633 0.842548 0.032258 0.012019
13 0.677090 0.842548 0.032258 0.012019
13 0.652403 0.656250 0.147465 0.281250
13 0.772548 0.842548 0.032258 0.012019
13 0.826934 0.157452 0.029115 0.012019
13 0.816985 0.298678 0.075049 0.191106
