8 0.171167 0.041667 0.302333 0.083333
8 0.171167 0.160167 0.302333 0.120333
8 0.171167 0.278667 0.302333 0.083333
0 0.045000 0.041667 0.010000 0.010000
3 0.081667 0.041667 0.033333 0.026667
3 0.154193 0.041667 0.033333 0.026667
3 0.202527 0.041667 0.033333 0.026667
1 0.117527 0.041667 0.010000 0.010000
3 0.250860 0.041667 0.033333 0.026667
1 0.287527 0.041667 0.010000 0.010000
0 0.050000 0.130000 0.010000 0.010000
3 0.081667 0.130000 0.033333 0.026667
3 0.130000 0.130000 0.033333 0.026667
3 0.171333 0.130000 0.033333 0.026667
3 0.219667 0.130000 0.033333 0.026667
1 0.256333 0.130000 0.010000 0.010000
0 0.050000 0.270333 0.010000 0.010000
3 0.086667 0.270333 0.033333 0.026667
3 0.135000 0.270333 0.033333 0.026667
3 0.183333 0.270333 0.033333 0.026667
