8 0.500023 0.061747 0.989205 0.105422
11 0.015357 0.076995 0.032520 0.172816
8 0.500023 0.365489 0.989205 0.430075
11 0.015357 0.388362 0.021680 0.259224
8 0.500023 0.815971 0.989205 0.348810
11 0.015357 0.869123 0.021680 0.602388
0 0.073171 0.331175 0.027100 0.045181
3 0.172538 0.331175 0.090334 0.120482
11 0.172538 0.331551 0.107666 0.038404
1 0.529359 0.331175 0.027100 0.045181
4 0.696477 0.331175 0.036134 0.060241
3 0.872629 0.331175 0.090334 0.120482
11 0.872629 0.331551 0.045993 0.038404
3 0.777778 0.489307 0.090334 0.120482
11 0.777778 0.493072 0.104530 0.076807
1 0.872629 0.489307 0.027100 0.045181
1 0.431707 0.331175 0.027100 0.045181
1 0.643180 0.218675 0.027100 0.045181
2 0.966847 0.331175 0.025294 0.042169
0 0.172538 0.739458 0.027100 0.045181
3 0.294490 0.739458 0.090334 0.120482
11 0.294490 0.743223 0.086760 0.076807
3 0.531545 0.739458 0.090334 0.120482
11 0.531545 0.743223 0.119164 0.076807
4 0.407407 0.739458 0.036134 0.060241
3 0.728094 0.905120 0.090334 0.120482
11 0.728094 0.905497 0.111847 0.038404
1 0.643180 0.905120 0.027100 0.045181
2 0.872629 0.905120 0.025294 0.042169
2 0.624210 0.739458 0.025294 0.042169
13 0.107046 0.331175 0.044264 0.015060
13 0.172538 0.554142 0.009033 0.331476
13 0.217706 0.739458 0.066847 0.015060
13 0.364499 0.739923 0.053297 0.015060
13 0.317931 0.331175 0.204065 0.015060
13 0.529359 0.516491 0.009033 0.331476
13 0.610659 0.331540 0.139115 0.015060
13 0.073171 0.211521 0.009033 0.200151
13 0.669828 0.905120 0.029810 0.015060
13 0.816621 0.905120 0.090334 0.015060
13 0.841012 0.489307 0.039747 0.015060
13 0.872629 0.429066 0.009033 0.081325
13 0.872629 0.697967 0.009033 0.378163
13 0.594137 0.739458 0.038464 0.015060
13 0.480533 0.331175 0.074164 0.015060
13 0.643180 0.561898 0.009033 0.647289
13 0.676829 0.259864 0.043812 0.088404
13 0.530668 0.263705 0.201536 0.095782
13 0.935998 0.331175 0.040018 0.015060
13 0.777778 0.272673 0.009033 0.318810
13 0.872629 0.193607 0.009033 0.160678
13 0.771003 0.331610 0.116531 0.015060
11 0.738768 0.314080 0.051261 0.038714
13 0.714770 0.425301 0.039295 0.134036
11 0.684282 0.318750 0.021680 0.207379
13 0.455926 0.739918 0.064517 0.015060
11 0.449666 0.722299 0.051279 0.038845
13 0.518744 0.837349 0.225384 0.141566
11 0.395212 0.727759 0.021680 0.202442
