8 0.500000 0.054381 0.990618 0.090634
8 0.500000 0.356495 0.990618 0.377644
8 0.500000 0.802115 0.990618 0.377644
0 0.075059 0.356495 0.023456 0.045317
1 0.622361 0.265861 0.023456 0.045317
3 0.207975 0.356495 0.078186 0.120846
3 0.833464 0.265861 0.078186 0.120846
1 0.360438 0.435801 0.023456 0.045317
3 0.512119 0.435801 0.078186 0.120846
1 0.684910 0.435801 0.023456 0.045317
2 0.918686 0.265861 0.021892 0.042296
0 0.075059 0.862538 0.023456 0.045317
3 0.161063 0.862538 0.078186 0.120846
4 0.250977 0.862538 0.031274 0.060423
3 0.358092 0.862538 0.078186 0.120846
3 0.471462 0.862538 0.078186 0.120846
4 0.727131 0.862538 0.031274 0.060423
3 0.584832 0.862538 0.078186 0.120846
3 0.424159 0.703927 0.078186 0.120846
2 0.788898 0.862538 0.021892 0.042296
13 0.075059 0.216767 0.007819 0.240181
13 0.127834 0.356495 0.085223 0.015106
13 0.141517 0.628399 0.136044 0.429003
13 0.104378 0.862538 0.038311 0.015106
13 0.217748 0.863012 0.038311 0.015106
13 0.833464 0.152568 0.007819 0.111782
13 0.292807 0.863000 0.055512 0.015106
13 0.264660 0.356970 0.038311 0.015106
13 0.323495 0.411254 0.053557 0.055136
13 0.360438 0.630287 0.007819 0.349698
13 0.414777 0.862538 0.038311 0.015106
13 0.422596 0.435801 0.103987 0.015106
13 0.512119 0.237538 0.007819 0.281722
13 0.454457 0.296073 0.315481 0.066465
13 0.714230 0.265861 0.163409 0.015106
13 0.318217 0.768127 0.136826 0.134441
13 0.612197 0.435801 0.125098 0.015106
13 0.745504 0.356873 0.100860 0.163897
13 0.528147 0.862538 0.038311 0.015106
13 0.667709 0.862976 0.090696 0.015106
13 0.632721 0.630287 0.098905 0.349698
13 0.595387 0.768127 0.267396 0.134441
13 0.760360 0.862889 0.038311 0.015106
13 0.890149 0.265861 0.038311 0.015106
11 0.500000 0.053776 0.074320 0.021148
11 0.016106 0.356495 0.010946 0.119902
11 0.074784 0.401057 0.029161 0.038066
11 0.616082 0.211329 0.064064 0.018127
11 0.207975 0.355891 0.064401 0.021148
11 0.833464 0.265257 0.067008 0.064653
11 0.361330 0.390785 0.061205 0.077946
11 0.513299 0.435952 0.059458 0.064653
11 0.678631 0.382024 0.064064 0.018127
11 0.928112 0.328550 0.062634 0.038066
11 0.016106 0.802115 0.010946 0.278087
11 0.074784 0.907100 0.029161 0.038066
11 0.161063 0.861934 0.059983 0.042900
11 0.251863 0.919184 0.061193 0.038066
11 0.359272 0.861934 0.055280 0.042900
11 0.472642 0.861934 0.068327 0.042900
11 0.728016 0.919184 0.061193 0.038066
11 0.586013 0.861934 0.057381 0.042900
11 0.425732 0.703323 0.057381 0.042900
11 0.800668 0.833082 0.062634 0.038066
11 0.278440 0.841239 0.009578 0.018127
