8 0.499831 0.163342 0.989898 0.311721
11 0.013832 0.188591 0.029292 0.286160
8 0.499831 0.500000 0.989898 0.311721
11 0.013832 0.523626 0.029292 0.267764
8 0.499831 0.836658 0.989898 0.311721
11 0.013832 0.860104 0.029292 0.265720
0 0.053702 0.163342 0.024410 0.037406
11 0.053702 0.203398 0.044017 0.058292
3 0.155411 0.163342 0.081367 0.099751
11 0.155411 0.163653 0.079089 0.031796
3 0.261188 0.163342 0.081367 0.099751
11 0.261188 0.163653 0.073440 0.031796
3 0.366965 0.163342 0.081367 0.099751
11 0.366965 0.163653 0.064024 0.031796
3 0.781599 0.163342 0.081367 0.099751
11 0.781599 0.163653 0.055550 0.031796
2 0.898767 0.163342 0.022783 0.034913
11 0.898767 0.192721 0.097527 0.029146
3 0.615134 0.163342 0.081367 0.099751
11 0.615134 0.163653 0.075323 0.031796
3 0.484947 0.163342 0.081367 0.099751
11 0.484947 0.163653 0.071556 0.031796
0 0.053702 0.500000 0.024410 0.037406
11 0.053702 0.540056 0.049195 0.058292
3 0.155411 0.500000 0.081367 0.099751
11 0.155411 0.503117 0.105452 0.063591
3 0.366965 0.500000 0.081367 0.099751
11 0.366965 0.500312 0.092270 0.031796
3 0.261188 0.500000 0.081367 0.099751
11 0.261188 0.500312 0.092270 0.031796
3 0.497152 0.500000 0.081367 0.099751
11 0.497152 0.500312 0.093212 0.031796
3 0.708706 0.425187 0.081367 0.099751
11 0.708706 0.425499 0.101685 0.031796
1 0.615134 0.574813 0.024410 0.037406
11 0.615134 0.540602 0.120830 0.029146
2 0.898767 0.425187 0.022783 0.034913
11 0.898767 0.454567 0.085444 0.029146
3 0.708706 0.574813 0.081367 0.099751
11 0.708706 0.575125 0.086621 0.031796
3 0.261188 0.836658 0.081367 0.099751
11 0.261188 0.836970 0.085679 0.031796
3 0.366965 0.836658 0.081367 0.099751
11 0.366965 0.842581 0.067790 0.095387
2 0.615134 0.836658 0.022783 0.034913
11 0.615134 0.866038 0.069909 0.029146
0 0.053702 0.836658 0.024410 0.037406
11 0.053702 0.876714 0.063004 0.058292
13 0.090317 0.163342 0.052075 0.012469
13 0.208299 0.163342 0.027665 0.012469
13 0.314076 0.163342 0.027665 0.012469
13 0.854829 0.163342 0.068348 0.012469
13 0.157445 0.347257 0.210740 0.273067
13 0.090317 0.500000 0.052075 0.012469
13 0.208299 0.500000 0.027665 0.012469
13 0.314076 0.500000 0.027665 0.012469
13 0.307296 0.331671 0.095471 0.241895
13 0.698366 0.163342 0.088352 0.012469
13 0.432059 0.500000 0.052075 0.012469
13 0.641782 0.450125 0.055736 0.054863
13 0.568348 0.500375 0.064280 0.012469
13 0.550041 0.562344 0.109032 0.029925
13 0.818383 0.425187 0.141241 0.012469
13 0.425956 0.163342 0.039870 0.012469
13 0.550041 0.163342 0.052075 0.012469
13 0.320267 0.331415 0.096651 0.241384
13 0.439835 0.330828 0.093479 0.240210
13 0.661920 0.294264 0.096827 0.167082
13 0.143206 0.836658 0.157852 0.012469
13 0.314076 0.836658 0.027665 0.012469
13 0.505696 0.836658 0.199349 0.012469
13 0.432059 0.668329 0.092758 0.241895
13 0.670057 0.512781 0.080553 0.029302
13 0.647681 0.574813 0.043938 0.012469
13 0.196094 0.688517 0.263629 0.282271
