8 0.500000 0.054381 0.990618 0.090634
11 0.500000 0.049849 0.125656 0.030211
8 0.500000 0.356495 0.990618 0.377644
11 0.013292 0.356495 0.009382 0.122356
8 0.500000 0.802115 0.990618 0.377644
11 0.013292 0.802115 0.009382 0.284333
0 0.075059 0.356495 0.023456 0.045317
11 0.075059 0.398792 0.029303 0.033233
1 0.622361 0.265861 0.023456 0.045317
11 0.616106 0.210725 0.063582 0.016616
3 0.207975 0.356495 0.078186 0.120846
11 0.207975 0.353474 0.066346 0.018127
3 0.833464 0.265861 0.078186 0.120846
11 0.833464 0.262840 0.066950 0.054381
1 0.360438 0.435801 0.023456 0.045317
11 0.360438 0.376133 0.075193 0.049849
3 0.512119 0.435801 0.078186 0.120846
11 0.512119 0.432779 0.060315 0.054381
1 0.684910 0.435801 0.023456 0.045317
11 0.678655 0.380665 0.063582 0.016616
2 0.918686 0.265861 0.021892 0.042296
11 0.927287 0.317976 0.095097 0.016616
0 0.075059 0.862538 0.023456 0.045317
11 0.075059 0.904834 0.029303 0.033233
3 0.161063 0.862538 0.078186 0.120846
11 0.161063 0.859517 0.060315 0.036254
4 0.250977 0.862538 0.031274 0.060423
11 0.250977 0.918429 0.063934 0.036254
3 0.358092 0.862538 0.078186 0.120846
11 0.358092 0.859517 0.055490 0.036254
3 0.471462 0.862538 0.078186 0.120846
11 0.471462 0.859517 0.066950 0.036254
4 0.727131 0.862538 0.031274 0.060423
11 0.727131 0.918429 0.063934 0.036254
3 0.584832 0.862538 0.078186 0.120846
11 0.584832 0.859517 0.055490 0.036254
3 0.424159 0.703927 0.078186 0.120846
11 0.424159 0.700906 0.055490 0.036254
2 0.788898 0.862538 0.021892 0.042296
11 0.799844 0.822508 0.095097 0.016616
13 0.075059 0.216767 0.007819 0.240181
13 0.127834 0.356495 0.085223 0.015106
13 0.141517 0.628399 0.136044 0.429003
13 0.104378 0.862538 0.038311 0.015106
13 0.217748 0.863012 0.038311 0.015106
13 0.833464 0.152568 0.007819 0.111782
13 0.292807 0.863000 0.055512 0.015106
11 0.278204 0.841955 0.010891 0.018204
13 0.264660 0.356970 0.038311 0.015106
13 0.323495 0.411254 0.053557 0.055136
13 0.360438 0.630287 0.007819 0.349698
13 0.414777 0.862538 0.038311 0.015106
13 0.422596 0.435801 0.103987 0.015106
13 0.512119 0.237538 0.007819 0.281722
13 0.454457 0.296073 0.315481 0.066465
13 0.714230 0.265861 0.163409 0.015106
13 0.318217 0.768127 0.136826 0.134441
13 0.612197 0.435801 0.125098 0.015106
13 0.745504 0.356873 0.100860 0.163897
13 0.528147 0.862538 0.038311 0.015106
13 0.667709 0.862976 0.090696 0.015106
13 0.632721 0.630287 0.098905 0.349698
13 0.595387 0.768127 0.267396 0.134441
13 0.760360 0.862889 0.038311 0.015106
13 0.890149 0.265861 0.038311 0.015106
