8 0.164333 0.030000 0.298667 0.020000
8 0.178000 0.096667 0.326000 0.083333
8 0.217667 0.210667 0.405333 0.114667
3 0.081667 0.096667 0.033333 0.026667
0 0.045000 0.096667 0.010000 0.010000
3 0.130000 0.096667 0.033333 0.026667
3 0.288333 0.096667 0.033333 0.026667
3 0.243333 0.096667 0.033333 0.026667
2 0.324667 0.096667 0.009333 0.009333
4 0.183000 0.096667 0.013333 0.013333
3 0.183000 0.068333 0.033333 0.026667
3 0.088333 0.195000 0.033333 0.026667
0 0.045000 0.195000 0.010000 0.010000
3 0.191667 0.194000 0.033333 0.026667
4 0.122583 0.195000 0.013333 0.013333
3 0.146667 0.173333 0.033333 0.026667
3 0.240000 0.195000 0.033333 0.026667
3 0.295000 0.195000 0.033333 0.026667
2 0.331333 0.195000 0.009333 0.009333
2 0.183000 0.173333 0.009333 0.009333
