8 0.187167 0.076667 0.324333 0.083333
8 0.187167 0.174167 0.324333 0.078333
8 0.248667 0.015000 0.166667 0.020000
3 0.091667 0.076667 0.033333 0.026667
1 0.215000 0.076667 0.010000 0.010000
1 0.195000 0.095000 0.010000 0.010000
4 0.281667 0.076667 0.013333 0.013333
1 0.253667 0.076667 0.010000 0.010000
2 0.306667 0.076667 0.009333 0.009333
0 0.055000 0.076667 0.010000 0.010000
0 0.091667 0.174333 0.010000 0.010000
3 0.137667 0.174333 0.033333 0.026667
1 0.195000 0.150000 0.010000 0.010000
3 0.253667 0.190000 0.033333 0.026667
1 0.292667 0.190000 0.010000 0.010000
1 0.215000 0.190000 0.010000 0.010000
2 0.334667 0.164667 0.009333 0.009333
4 0.306667 0.164667 0.013333 0.013333
4 0.176000 0.174333 0.013333 0.013333
