8 0.499831 0.163342 0.989898 0.311721
8 0.499831 0.500000 0.989898 0.311721
8 0.499831 0.836658 0.989898 0.311721
0 0.053702 0.163342 0.024410 0.037406
3 0.155411 0.163342 0.081367 0.099751
3 0.261188 0.163342 0.081367 0.099751
3 0.366965 0.163342 0.081367 0.099751
3 0.781599 0.163342 0.081367 0.099751
2 0.898767 0.163342 0.022783 0.034913
3 0.615134 0.163342 0.081367 0.099751
3 0.484947 0.163342 0.081367 0.099751
0 0.053702 0.500000 0.024410 0.037406
3 0.155411 0.500000 0.081367 0.099751
3 0.366965 0.500000 0.081367 0.099751
3 0.261188 0.500000 0.081367 0.099751
3 0.497152 0.500000 0.081367 0.099751
3 0.708706 0.425187 0.081367 0.099751
1 0.615134 0.574813 0.024410 0.037406
2 0.898767 0.425187 0.022783 0.034913
3 0.708706 0.574813 0.081367 0.099751
3 0.261188 0.836658 0.081367 0.099751
3 0.366965 0.836658 0.081367 0.099751
2 0.615134 0.836658 0.022783 0.034913
0 0.053702 0.836658 0.024410 0.037406
13 0.090317 0.163342 0.052075 0.012469
13 0.208299 0.163342 0.027665 0.012469
13 0.314076 0.163342 0.027665 0.012469
13 0.854829 0.163342 0.068348 0.012469
13 0.157445 0.347257 0.210740 0.273067
13 0.090317 0.500000 0.052075 0.012469
13 0.208299 0.500000 0.027665 0.012469
13 0.314076 0.500000 0.027665 0.012469
13 0.307296 0.331671 0.095471 0.241895
13 0.698366 0.163342 0.088352 0.012469
13 0.432059 0.500000 0.052075 0.012469
13 0.641782 0.450125 0.055736 0.054863
13 0.568348 0.500375 0.064280 0.012469
13 0.550041 0.562344 0.109032 0.029925
13 0.818383 0.425187 0.141241 0.012469
13 0.425956 0.163342 0.039870 0.012469
13 0.550041 0.163342 0.052075 0.012469
13 0.320267 0.331415 0.096651 0.241384
13 0.439835 0.330828 0.093479 0.240210
13 0.661920 0.294264 0.096827 0.167082
13 0.143206 0.836658 0.157852 0.012469
13 0.314076 0.836658 0.027665 0.012469
13 0.505696 0.836658 0.199349 0.012469
13 0.432059 0.668329 0.092758 0.241895
13 0.670057 0.512781 0.080553 0.029302
13 0.647681 0.574813 0.043938 0.012469
13 0.196094 0.688517 0.263629 0.282271
11 0.016762 0.163342 0.023108 0.128098
11 0.053464 0.200125 0.030443 0.031421
11 0.155411 0.162843 0.052375 0.017456
11 0.261188 0.162843 0.049666 0.017456
11 0.366965 0.162843 0.042066 0.017456
11 0.781937 0.162843 0.037721 0.017456
11 0.898971 0.190648 0.063199 0.014963
11 0.615134 0.162843 0.051824 0.017456
11 0.484947 0.162843 0.046409 0.017456
11 0.016762 0.500000 0.023108 0.121415
11 0.053531 0.536783 0.033831 0.031421
11 0.156364 0.499501 0.050486 0.035411
11 0.366965 0.499501 0.059434 0.017456
11 0.261188 0.499501 0.061864 0.017456
11 0.497152 0.499501 0.059253 0.017456
11 0.708706 0.424688 0.067576 0.017456
11 0.616374 0.546758 0.062691 0.031421
11 0.898921 0.452494 0.058216 0.014963
11 0.708706 0.574314 0.058333 0.017456
11 0.016762 0.836658 0.023108 0.122255
11 0.261188 0.836160 0.057802 0.017456
11 0.366965 0.836160 0.047490 0.053367
11 0.614861 0.863965 0.048273 0.014963
11 0.054370 0.873441 0.045273 0.031421
