8 0.500000 0.092885 0.989455 0.169960
11 0.014938 0.111561 0.031634 0.211660
8 0.500000 0.370224 0.989455 0.329381
11 0.014938 0.389090 0.021090 0.213820
8 0.500000 0.776680 0.989455 0.430830
11 0.014938 0.794975 0.021090 0.207340
0 0.097540 0.370224 0.026362 0.039526
3 0.216169 0.370224 0.105448 0.105402
11 0.216169 0.373518 0.110834 0.067194
1 0.597540 0.324111 0.026362 0.039526
11 0.597540 0.356472 0.169640 0.030797
2 0.808436 0.324111 0.024605 0.036891
5 0.453427 0.370224 0.035149 0.052701
1 0.513181 0.442688 0.026362 0.039526
2 0.597540 0.442688 0.024605 0.036891
0 0.207381 0.679842 0.026362 0.039526
3 0.299649 0.679842 0.087873 0.105402
11 0.299649 0.683136 0.075245 0.067194
1 0.703866 0.680501 0.026362 0.039526
1 0.453427 0.680501 0.026362 0.039526
11 0.453427 0.712862 0.057789 0.030797
1 0.650264 0.791831 0.026362 0.039526
3 0.629174 0.910408 0.087873 0.105402
11 0.629174 0.913702 0.114901 0.067194
1 0.453427 0.791831 0.026362 0.039526
11 0.453427 0.824193 0.053129 0.030797
3 0.551845 0.680501 0.087873 0.105402
11 0.551845 0.683794 0.114901 0.067194
5 0.523726 0.791831 0.035149 0.052701
13 0.097540 0.264163 0.008787 0.177866
11 0.085237 0.297565 0.021090 0.382284
13 0.137083 0.370224 0.056239 0.013175
13 0.207381 0.541502 0.008787 0.242424
11 0.195079 0.561702 0.021090 0.228938
13 0.238137 0.679842 0.038664 0.013175
13 0.358963 0.679842 0.034271 0.013175
13 0.424868 0.679842 0.034271 0.013175
13 0.416301 0.749012 0.051406 0.090909
13 0.487258 0.680501 0.044815 0.013175
13 0.643234 0.679535 0.098418 0.013175
13 0.808436 0.241765 0.008787 0.133070
13 0.486380 0.792138 0.043058 0.013175
13 0.554701 0.864295 0.064587 0.097497
13 0.589192 0.792150 0.099297 0.013175
11 0.590599 0.776745 0.127157 0.034537
13 0.703427 0.324111 0.188928 0.013175
13 0.650703 0.502306 0.109842 0.322134
13 0.519112 0.333992 0.134007 0.025033
13 0.476274 0.419631 0.050967 0.051383
13 0.555800 0.442688 0.062390 0.013175
13 0.352373 0.370523 0.170475 0.013175
13 0.581722 0.617260 0.140598 0.314888
13 0.688489 0.805336 0.034271 0.215415
