8 0.187667 0.021500 0.375333 0.043000
8 0.187667 0.091667 0.375333 0.083333
8 0.187667 0.194500 0.375333 0.109000
0 0.035000 0.091667 0.010000 0.010000
3 0.080000 0.091667 0.040000 0.026667
1 0.224667 0.080000 0.010000 0.010000
2 0.304667 0.080000 0.009333 0.009333
5 0.170000 0.091667 0.013333 0.013333
1 0.192667 0.110000 0.010000 0.010000
2 0.224667 0.110000 0.009333 0.009333
0 0.076667 0.170000 0.010000 0.010000
3 0.111667 0.170000 0.033333 0.026667
1 0.265000 0.170167 0.010000 0.010000
1 0.170000 0.170167 0.010000 0.010000
1 0.244667 0.198333 0.010000 0.010000
3 0.236667 0.228333 0.033333 0.026667
1 0.170000 0.198333 0.010000 0.010000
3 0.207333 0.170167 0.033333 0.026667
5 0.196667 0.198333 0.013333 0.013333
