8 0.499945 0.154299 0.992790 0.294464
8 0.499945 0.500000 0.992790 0.349823
8 0.499945 0.845701 0.992790 0.294464
0 0.039053 0.154299 0.017751 0.035336
3 0.104142 0.154299 0.059172 0.094229
3 0.234320 0.154299 0.059172 0.094229
3 0.369793 0.154299 0.059172 0.094229
3 0.755030 0.154299 0.059172 0.094229
3 0.885207 0.154299 0.059172 0.094229
2 0.961538 0.154299 0.016568 0.032980
1 0.169231 0.154299 0.017751 0.035336
1 0.299408 0.154299 0.017751 0.035336
1 0.678107 0.154299 0.017751 0.035336
1 0.820118 0.154299 0.017751 0.035336
3 0.272781 0.472320 0.059172 0.094229
3 0.358580 0.472320 0.059172 0.094229
3 0.488757 0.472320 0.059172 0.094229
3 0.574556 0.472320 0.059172 0.094229
3 0.704734 0.472320 0.059172 0.094229
1 0.820118 0.472320 0.017751 0.035336
1 0.820118 0.584217 0.017751 0.035336
3 0.885207 0.584217 0.059172 0.094229
2 0.961538 0.472320 0.016568 0.032980
1 0.639645 0.472320 0.017751 0.035336
1 0.423669 0.472320 0.017751 0.035336
3 0.885207 0.472320 0.059172 0.094229
3 0.104142 0.472320 0.059172 0.094229
1 0.188609 0.472320 0.017751 0.035336
0 0.039053 0.472320 0.017751 0.035336
0 0.039053 0.845701 0.017751 0.035336
3 0.423669 0.845701 0.059172 0.094229
3 0.542252 0.845701 0.059172 0.094229
2 0.961538 0.845701 0.016568 0.032980
3 0.639645 0.845701 0.059172 0.094229
13 0.061243 0.154299 0.028994 0.011779
13 0.147041 0.154299 0.028994 0.011779
13 0.191420 0.154299 0.028994 0.011779
13 0.277219 0.154299 0.028994 0.011779
13 0.534305 0.154299 0.272219 0.011779
13 0.706213 0.154299 0.040828 0.011779
13 0.934024 0.154299 0.040828 0.011779
13 0.315680 0.472320 0.028994 0.011779
13 0.401479 0.472320 0.028994 0.011779
13 0.445858 0.472320 0.028994 0.011779
13 0.531657 0.472320 0.028994 0.011779
13 0.617456 0.472320 0.028994 0.011779
13 0.661834 0.472320 0.028994 0.011779
13 0.747633 0.472690 0.028994 0.011779
13 0.797929 0.472598 0.028994 0.011779
13 0.792160 0.540047 0.040533 0.093051
13 0.842308 0.584217 0.028994 0.011779
13 0.812130 0.556537 0.089349 0.126031
13 0.221006 0.845701 0.348521 0.011779
13 0.482960 0.845701 0.061779 0.011779
13 0.590949 0.845701 0.040588 0.011779
13 0.306805 0.673734 0.537870 0.313310
13 0.811243 0.845701 0.286391 0.011779
13 0.324246 0.154299 0.034290 0.011779
13 0.328994 0.298587 0.061538 0.257951
13 0.396731 0.328033 0.056243 0.257951
13 0.691420 0.298587 0.028994 0.257951
13 0.842308 0.472320 0.028994 0.011779
13 0.787574 0.328033 0.067456 0.257951
13 0.934024 0.472320 0.040828 0.011779
13 0.797929 0.154299 0.028994 0.011779
13 0.842308 0.154299 0.028994 0.011779
13 0.061243 0.472320 0.028994 0.011779
13 0.156731 0.472320 0.048373 0.011779
13 0.220340 0.472320 0.048077 0.011779
13 0.211391 0.328033 0.048225 0.257951
13 0.138757 0.298587 0.063314 0.257951
13 0.852663 0.298587 0.067456 0.257951
13 0.639645 0.644287 0.005917 0.313310
11 0.012189 0.154299 0.008284 0.030633
11 0.038958 0.189046 0.024662 0.029682
11 0.104142 0.153828 0.034143 0.033451
11 0.235210 0.153828 0.035133 0.033451
11 0.369822 0.153828 0.029015 0.033451
11 0.755030 0.153828 0.025465 0.033451
11 0.885207 0.153828 0.032359 0.033451
11 0.961365 0.187868 0.022139 0.029682
11 0.169995 0.116019 0.027564 0.029682
11 0.299528 0.109658 0.038110 0.045230
11 0.678708 0.116019 0.028421 0.029682
11 0.820049 0.114841 0.023530 0.029682
11 0.012189 0.500000 0.008284 0.047515
11 0.272781 0.471849 0.046173 0.050412
11 0.358580 0.471849 0.030582 0.033451
11 0.488757 0.471849 0.047969 0.050412
11 0.574556 0.471849 0.039470 0.033451
11 0.704734 0.471849 0.028616 0.033451
11 0.820067 0.507067 0.031851 0.029682
11 0.820479 0.551119 0.044508 0.014134
11 0.885207 0.583746 0.027826 0.033451
11 0.961358 0.505889 0.043426 0.029682
11 0.639719 0.432862 0.029735 0.029682
11 0.423669 0.507067 0.030769 0.029682
11 0.885207 0.471849 0.031386 0.033451
11 0.104142 0.471849 0.045781 0.067373
11 0.188854 0.507067 0.041614 0.029682
11 0.012189 0.845701 0.008284 0.032600
11 0.038868 0.880448 0.030399 0.029682
11 0.423669 0.845230 0.033944 0.033451
11 0.542012 0.845230 0.046368 0.033451
11 0.961455 0.879270 0.035337 0.029682
11 0.639645 0.845230 0.035710 0.033451
