8 0.167833 0.020000 0.315667 0.020000
8 0.167833 0.081667 0.315667 0.083333
8 0.167833 0.212667 0.315667 0.155333
0 0.040000 0.070000 0.010000 0.010000
3 0.076667 0.070000 0.033333 0.026667
3 0.261667 0.070000 0.033333 0.026667
2 0.299667 0.070000 0.009333 0.009333
4 0.121667 0.070000 0.013333 0.013333
1 0.210000 0.095000 0.010000 0.010000
3 0.168000 0.095000 0.033333 0.026667
4 0.225333 0.070000 0.013333 0.013333
0 0.040000 0.242667 0.010000 0.010000
3 0.076667 0.242667 0.033333 0.026667
4 0.115000 0.242667 0.013333 0.013333
3 0.115000 0.212667 0.033333 0.026667
3 0.161667 0.242667 0.033333 0.026667
3 0.115000 0.158333 0.033333 0.026667
4 0.115000 0.186667 0.013333 0.013333
3 0.251667 0.242667 0.033333 0.026667
2 0.288000 0.242667 0.009333 0.009333
2 0.151333 0.158333 0.009333 0.009333
5 0.201667 0.242667 0.013333 0.013333
