8 0.195333 0.006000 0.390667 0.012000
8 0.254833 0.122167 0.509667 0.201000
9 0.259833 0.152000 0.499667 0.044667
9 0.259833 0.075667 0.499667 0.108000
9 0.259833 0.198500 0.499667 0.048333
3 0.322500 0.152000 0.033333 0.026667
0 0.030000 0.063333 0.010000 0.010000
3 0.111000 0.063333 0.033333 0.026667
4 0.149333 0.063333 0.013333 0.013333
3 0.193167 0.048667 0.033333 0.026667
3 0.246333 0.048667 0.033333 0.026667
3 0.292167 0.048667 0.033333 0.026667
3 0.193167 0.082000 0.033333 0.026667
3 0.248000 0.082000 0.033333 0.026667
4 0.292167 0.082000 0.013333 0.013333
5 0.069000 0.063333 0.013333 0.013333
4 0.381167 0.063333 0.013333 0.013333
4 0.352833 0.082000 0.013333 0.013333
3 0.246500 0.199333 0.033333 0.026667
2 0.478332 0.199333 0.009333 0.009333
5 0.407833 0.199333 0.013333 0.013333
3 0.436667 0.199420 0.033333 0.026667
