8 0.246026 0.062784 0.461705 0.107413
8 0.500000 0.613464 0.991329 0.754917
3 0.181358 0.425113 0.072254 0.121029
4 0.257225 0.425113 0.028902 0.060514
3 0.340318 0.512103 0.072254 0.121029
3 0.857659 0.338124 0.072254 0.121029
3 0.463150 0.512103 0.072254 0.121029
3 0.709538 0.512103 0.072254 0.121029
2 0.936416 0.338124 0.020231 0.042360
4 0.792630 0.692890 0.028902 0.060514
3 0.709538 0.692890 0.072254 0.121029
3 0.857659 0.916793 0.072254 0.121029
1 0.630058 0.916793 0.021676 0.045386
2 0.936416 0.916793 0.020231 0.042360
0 0.080202 0.425113 0.021676 0.045386
1 0.630058 0.512481 0.021676 0.045386
1 0.630058 0.692890 0.021676 0.045386
4 0.792630 0.338124 0.028902 0.060514
4 0.792630 0.512103 0.028902 0.060514
4 0.792630 0.916793 0.028902 0.060514
13 0.118136 0.425113 0.057081 0.015129
13 0.230130 0.425597 0.028179 0.015129
13 0.401734 0.512103 0.053468 0.015129
13 0.657153 0.512606 0.035405 0.015129
13 0.657153 0.692890 0.035405 0.015129
13 0.709538 0.917162 0.140173 0.015129
13 0.761922 0.693364 0.035405 0.015129
13 0.595376 0.512863 0.050578 0.015129
13 0.588331 0.617625 0.064668 0.156581
13 0.588331 0.729576 0.064668 0.380484
13 0.520954 0.512567 0.046243 0.015129
13 0.910043 0.916793 0.035405 0.015129
13 0.910043 0.338124 0.035405 0.015129
13 0.280889 0.483737 0.049494 0.062784
13 0.517533 0.368759 0.524183 0.067322
13 0.814306 0.338631 0.017341 0.015129
13 0.761922 0.512578 0.035405 0.015129
13 0.792991 0.425113 0.007225 0.119516
13 0.792991 0.602496 0.007225 0.126324
13 0.814306 0.917300 0.017341 0.015129
13 0.792991 0.804841 0.007225 0.169440
11 0.020520 0.062784 0.020520 0.095369
11 0.014884 0.613464 0.010116 0.124645
11 0.181358 0.424508 0.041200 0.021180
11 0.282904 0.450681 0.034016 0.018154
11 0.340318 0.512254 0.059131 0.064750
11 0.857659 0.338275 0.037344 0.042965
11 0.464238 0.512254 0.059034 0.064750
11 0.709538 0.512254 0.041449 0.042965
11 0.936324 0.372012 0.061954 0.018154
11 0.856711 0.728442 0.053017 0.038124
11 0.710624 0.692284 0.051797 0.042965
11 0.857659 0.916188 0.048197 0.042965
11 0.631136 0.961422 0.054179 0.038124
11 0.936690 0.959909 0.048235 0.038124
11 0.080123 0.469743 0.060536 0.038124
11 0.630030 0.547504 0.064972 0.018154
11 0.631430 0.737519 0.047541 0.038124
11 0.247674 0.437065 0.006909 0.018154
11 0.783206 0.529349 0.056297 0.018154
11 0.784338 0.554463 0.064340 0.038124
