8 0.238029 0.033217 0.476058 0.036434
8 0.226670 0.132393 0.453340 0.090479
8 0.192532 0.268513 0.385063 0.134779
0 0.039769 0.128820 0.010000 0.010000
3 0.076436 0.128820 0.033333 0.026667
1 0.386436 0.167472 0.010000 0.010000
1 0.385007 0.131773 0.010000 0.010000
3 0.421673 0.131773 0.033333 0.026667
0 0.076436 0.240795 0.010000 0.010000
3 0.113103 0.238651 0.033333 0.026667
3 0.179530 0.240080 0.033333 0.026667
3 0.243103 0.280795 0.033333 0.026667
5 0.183103 0.281790 0.013333 0.013333
3 0.243103 0.322461 0.033333 0.026667
4 0.144820 0.240797 0.013333 0.013333
3 0.293904 0.314150 0.033333 0.026667
