8 0.500000 0.500000 0.991273 0.987435
9 0.510909 0.238220 0.969455 0.463874
9 0.510909 0.601047 0.969455 0.261780
9 0.510909 0.862827 0.969455 0.261780
0 0.048000 0.137173 0.021818 0.031414
3 0.175273 0.137173 0.072727 0.083770
4 0.244364 0.137173 0.029091 0.041885
3 0.328000 0.137173 0.072727 0.083770
3 0.433455 0.137173 0.072727 0.083770
3 0.538909 0.137173 0.072727 0.083770
3 0.349818 0.283770 0.072727 0.083770
3 0.244364 0.283770 0.072727 0.083770
4 0.440727 0.283939 0.029091 0.041885
4 0.568000 0.283939 0.029091 0.041885
5 0.106182 0.137173 0.029091 0.041885
4 0.629818 0.137173 0.029091 0.041885
5 0.691637 0.137173 0.029091 0.041885
3 0.495273 0.575916 0.072727 0.083770
3 0.495273 0.862827 0.072727 0.083770
3 0.775273 0.862827 0.072727 0.083770
2 0.854546 0.862827 0.020364 0.029319
13 0.075273 0.137417 0.035636 0.010471
13 0.220727 0.137515 0.021091 0.010471
13 0.380727 0.137173 0.035636 0.010471
13 0.486182 0.137173 0.035636 0.010471
13 0.275273 0.137504 0.035636 0.010471
13 0.450000 0.440399 0.020727 0.275223
13 0.297091 0.283770 0.035636 0.010471
13 0.504364 0.284463 0.101091 0.010471
13 0.406182 0.283874 0.042909 0.010471
13 0.550000 0.440399 0.039637 0.275223
13 0.129818 0.137519 0.021091 0.010471
13 0.282727 0.510471 0.355273 0.708901
13 0.595273 0.137496 0.042909 0.010471
13 0.606364 0.221289 0.050545 0.130536
13 0.244572 0.200000 0.007273 0.087958
13 0.660727 0.137696 0.035636 0.010471
13 0.611818 0.510471 0.163273 0.708901
13 0.722546 0.500262 0.035636 0.729319
13 0.828000 0.862827 0.035636 0.010471
11 0.014982 0.500000 0.010182 0.051327
11 0.036800 0.862827 0.010182 0.046450
11 0.036800 0.601047 0.010182 0.070891
11 0.036800 0.238220 0.010182 0.061457
11 0.048136 0.168063 0.038091 0.026387
11 0.175273 0.136754 0.042919 0.029738
11 0.245006 0.101466 0.028920 0.012565
11 0.329095 0.136754 0.059443 0.044817
11 0.433642 0.136754 0.042339 0.029738
11 0.538909 0.136754 0.046822 0.029738
11 0.350916 0.283351 0.049977 0.029738
11 0.244364 0.283351 0.060395 0.029738
11 0.451006 0.244503 0.049648 0.026387
11 0.496371 0.575497 0.053375 0.029738
11 0.495273 0.862408 0.041230 0.029738
11 0.775273 0.862408 0.047295 0.029738
11 0.854296 0.892670 0.046046 0.026387
11 0.275909 0.122408 0.020909 0.012565
11 0.430920 0.238639 0.040023 0.012565
11 0.494301 0.270052 0.059148 0.012565
11 0.234409 0.130785 0.016455 0.012565
