8 0.500000 0.187676 0.992696 0.330198
11 0.010347 0.192167 0.014607 0.050890
8 0.445526 0.555974 0.883749 0.284102
11 0.010347 0.567404 0.014607 0.129539
8 0.231284 0.876764 0.437005 0.235183
11 0.019477 0.881526 0.014607 0.053975
0 0.067559 0.144873 0.018259 0.028222
11 0.067559 0.167980 0.097485 0.021990
3 0.152769 0.144873 0.060864 0.075259
11 0.152769 0.147225 0.054934 0.047977
3 0.241023 0.144873 0.060864 0.075259
11 0.241023 0.147225 0.051413 0.047977
3 0.329276 0.144873 0.060864 0.075259
11 0.329276 0.147225 0.051413 0.047977
3 0.417529 0.144873 0.060864 0.075259
11 0.417529 0.147225 0.051413 0.047977
3 0.505782 0.144873 0.060864 0.075259
11 0.505782 0.149341 0.046483 0.071966
3 0.806452 0.144873 0.060864 0.075259
11 0.806452 0.145108 0.077472 0.023989
3 0.896531 0.144873 0.060864 0.075259
11 0.896531 0.147225 0.049300 0.047977
2 0.962873 0.144873 0.017042 0.026341
11 0.962873 0.167039 0.065851 0.021990
1 0.661111 0.079022 0.018259 0.028222
11 0.684007 0.050917 0.030343 0.043979
1 0.661111 0.188147 0.018259 0.028222
11 0.661720 0.160042 0.030343 0.043979
4 0.718807 0.144873 0.024346 0.037629
1 0.067559 0.580433 0.018259 0.028222
11 0.067559 0.603540 0.087155 0.021990
3 0.152769 0.580433 0.060864 0.075259
11 0.152769 0.584901 0.071837 0.071966
3 0.241023 0.580433 0.060864 0.075259
11 0.241023 0.580668 0.071837 0.023989
3 0.329276 0.580433 0.060864 0.075259
11 0.329276 0.580668 0.078880 0.023989
3 0.417529 0.580433 0.060864 0.075259
11 0.417529 0.582785 0.071837 0.047977
3 0.505782 0.580433 0.060864 0.075259
11 0.505782 0.580668 0.083810 0.023989
3 0.639684 0.580433 0.060864 0.075259
11 0.639684 0.580668 0.076767 0.023989
4 0.718807 0.580433 0.024346 0.037629
11 0.730980 0.619238 0.087332 0.023989
3 0.718807 0.462841 0.060864 0.075259
11 0.718807 0.463076 0.070429 0.023989
2 0.851491 0.580433 0.017042 0.026341
11 0.851491 0.609713 0.054876 0.043979
1 0.749239 0.428034 0.018259 0.028222
11 0.779882 0.430033 0.053584 0.043979
1 0.572733 0.580433 0.018259 0.028222
11 0.571516 0.541040 0.067788 0.043979
1 0.806452 0.462841 0.018259 0.028222
11 0.806452 0.493062 0.051002 0.043979
2 0.851491 0.462841 0.017042 0.026341
11 0.851491 0.492121 0.046483 0.043979
1 0.067559 0.876764 0.018259 0.028222
11 0.067559 0.914099 0.110397 0.065969
3 0.171029 0.876764 0.060864 0.075259
11 0.171029 0.879116 0.052117 0.047977
3 0.259282 0.876764 0.060864 0.075259
11 0.259282 0.879116 0.059864 0.047977
3 0.347535 0.876764 0.060864 0.075259
11 0.347535 0.879116 0.061273 0.047977
2 0.413877 0.876764 0.017042 0.026341
11 0.413877 0.906044 0.052293 0.043979
13 0.196896 0.144873 0.029823 0.009407
13 0.285149 0.144873 0.029823 0.009407
13 0.198418 0.374412 0.264151 0.387582
13 0.196896 0.580433 0.029823 0.009407
13 0.373402 0.144873 0.029823 0.009407
13 0.319132 0.362653 0.178941 0.364064
13 0.339420 0.362653 0.178941 0.364064
13 0.285149 0.580433 0.029823 0.009407
13 0.373402 0.580433 0.029823 0.009407
13 0.461656 0.144873 0.029823 0.009407
13 0.461656 0.580433 0.029823 0.009407
13 0.286671 0.740357 0.440657 0.248354
13 0.471394 0.362653 0.071211 0.364064
13 0.215155 0.876764 0.029823 0.009407
13 0.303408 0.876764 0.029823 0.009407
13 0.391662 0.876764 0.029823 0.009407
13 0.851491 0.144873 0.031649 0.009407
13 0.940657 0.144873 0.029823 0.009407
13 0.108643 0.876764 0.066342 0.009407
13 0.786975 0.580662 0.114425 0.009407
11 0.739090 0.569783 0.013894 0.024038
13 0.718983 0.531044 0.006086 0.064911
11 0.734840 0.547548 0.014662 0.044817
13 0.688375 0.580721 0.038953 0.009407
13 0.551920 0.145165 0.033845 0.009407
13 0.549909 0.580433 0.029823 0.009407
13 0.595557 0.580433 0.029823 0.009407
13 0.099513 0.580433 0.048083 0.009407
13 0.099513 0.144873 0.048083 0.009407
13 0.773281 0.462841 0.050517 0.009407
13 0.829276 0.462841 0.029823 0.009407
13 0.460134 0.716839 0.227632 0.248354
13 0.616564 0.101800 0.073269 0.049319
13 0.616042 0.175917 0.074314 0.028222
13 0.689959 0.313735 0.060130 0.226717
13 0.694676 0.102540 0.051305 0.050800
13 0.694676 0.175917 0.051305 0.028222
13 0.753500 0.145158 0.047474 0.009407
13 0.642789 0.274224 0.039078 0.540922
