8 0.296833 0.083500 0.543667 0.117000
8 0.267000 0.214000 0.484000 0.100667
8 0.149667 0.327667 0.239333 0.083333
0 0.060000 0.068333 0.010000 0.010000
3 0.106667 0.068333 0.033333 0.026667
3 0.155000 0.068333 0.033333 0.026667
3 0.203333 0.068333 0.033333 0.026667
3 0.251667 0.068333 0.033333 0.026667
3 0.300000 0.068333 0.033333 0.026667
3 0.464667 0.068333 0.033333 0.026667
3 0.514000 0.068333 0.033333 0.026667
2 0.550333 0.068333 0.009333 0.009333
1 0.385069 0.045000 0.010000 0.010000
1 0.385069 0.083667 0.010000 0.010000
4 0.416667 0.068333 0.013333 0.013333
1 0.060000 0.222667 0.010000 0.010000
3 0.106667 0.222667 0.033333 0.026667
3 0.155000 0.222667 0.033333 0.026667
3 0.203333 0.222667 0.033333 0.026667
3 0.251667 0.222667 0.033333 0.026667
3 0.300000 0.222667 0.033333 0.026667
3 0.373333 0.222667 0.033333 0.026667
4 0.416667 0.222667 0.013333 0.013333
3 0.416667 0.181000 0.033333 0.026667
2 0.489333 0.222667 0.009333 0.009333
1 0.433333 0.168667 0.010000 0.010000
1 0.336667 0.222667 0.010000 0.010000
1 0.464667 0.181000 0.010000 0.010000
2 0.489333 0.181000 0.009333 0.009333
1 0.060000 0.327667 0.010000 0.010000
3 0.116667 0.327667 0.033333 0.026667
3 0.165000 0.327667 0.033333 0.026667
3 0.213333 0.327667 0.033333 0.026667
2 0.249667 0.327667 0.009333 0.009333
