8 0.384166 0.035294 0.760545 0.052941
11 0.011032 0.043803 0.023361 0.096429
8 0.500000 0.547794 0.992213 0.886765
11 0.011032 0.569491 0.015574 0.245893
9 0.509734 0.679412 0.972745 0.197059
11 0.030500 0.698130 0.015574 0.212143
9 0.509734 0.342647 0.972745 0.476471
11 0.030500 0.359026 0.015574 0.185625
9 0.509734 0.884559 0.972745 0.213235
11 0.030500 0.904341 0.015574 0.224196
3 0.631733 0.679412 0.064893 0.117647
11 0.631733 0.683088 0.069083 0.075000
0 0.062297 0.288235 0.019468 0.044118
11 0.062297 0.324357 0.134912 0.034375
3 0.219987 0.288235 0.064893 0.117647
11 0.219987 0.288603 0.069083 0.037500
4 0.294614 0.288235 0.025957 0.058824
3 0.379948 0.223529 0.064893 0.117647
11 0.379948 0.227206 0.051061 0.075000
3 0.483452 0.223529 0.064893 0.117647
11 0.483452 0.227206 0.054816 0.075000
3 0.572680 0.223529 0.064893 0.117647
11 0.572680 0.227206 0.063827 0.075000
3 0.379948 0.370588 0.064893 0.117647
11 0.379948 0.374265 0.061574 0.075000
3 0.486697 0.370588 0.064893 0.117647
11 0.486697 0.374265 0.069083 0.075000
4 0.572680 0.370588 0.025957 0.058824
5 0.138222 0.288235 0.025957 0.058824
4 0.745944 0.288235 0.025957 0.058824
4 0.690785 0.370588 0.025957 0.058824
3 0.483777 0.888235 0.064893 0.117647
11 0.483777 0.888603 0.084852 0.037500
2 0.935104 0.888235 0.018170 0.041176
11 0.935104 0.922886 0.091548 0.034375
5 0.797859 0.888235 0.025957 0.058824
3 0.853991 0.888619 0.064893 0.117647
11 0.853991 0.892296 0.063827 0.075000
13 0.098637 0.288586 0.055808 0.014706
13 0.267034 0.288697 0.031798 0.014706
13 0.431700 0.223529 0.041207 0.014706
13 0.528066 0.223529 0.026931 0.014706
13 0.539422 0.371037 0.043154 0.014706
13 0.483452 0.113971 0.006489 0.107353
13 0.379948 0.113235 0.006489 0.108824
11 0.370863 0.139031 0.015574 0.296518
13 0.321220 0.241176 0.055159 0.041176
11 0.285853 0.214798 0.015574 0.219375
13 0.321220 0.344118 0.055159 0.058824
11 0.285853 0.274330 0.015574 0.214554
13 0.816191 0.888857 0.013303 0.014706
13 0.677644 0.539706 0.029526 0.285294
13 0.169371 0.288692 0.038936 0.014706
13 0.433323 0.370588 0.044452 0.014706
13 0.650552 0.888235 0.271252 0.014706
13 0.906228 0.888372 0.042177 0.014706
13 0.293478 0.571456 0.318300 0.639442
13 0.631733 0.371324 0.094744 0.014706
13 0.675698 0.241176 0.143738 0.041176
13 0.586145 0.539706 0.028877 0.285294
11 0.563920 0.383627 0.015574 0.031339
13 0.724717 0.342647 0.044502 0.063235
13 0.778715 0.575336 0.041531 0.572857
