8 0.500000 0.500000 0.990252 0.990588
11 0.013810 0.522576 0.019496 0.255857
9 0.512185 0.165098 0.965881 0.320784
11 0.038180 0.173833 0.019496 0.099000
9 0.512185 0.464314 0.965881 0.277647
11 0.038180 0.474297 0.019496 0.113143
9 0.512185 0.799216 0.965881 0.392157
11 0.038180 0.809766 0.019496 0.119571
0 0.077985 0.102745 0.024370 0.023529
11 0.077985 0.127941 0.108570 0.036667
4 0.382616 0.102745 0.032494 0.031373
11 0.386677 0.070000 0.097760 0.020000
3 0.382616 0.185098 0.081235 0.062745
11 0.382616 0.187059 0.072380 0.040000
4 0.382616 0.267451 0.032494 0.031373
11 0.327376 0.253137 0.086480 0.060000
3 0.512591 0.102745 0.081235 0.062745
11 0.512591 0.104706 0.063920 0.040000
3 0.687246 0.102745 0.081235 0.062745
11 0.687246 0.106471 0.086480 0.060000
5 0.142973 0.102745 0.032494 0.031373
3 0.264825 0.102745 0.081235 0.062745
11 0.264825 0.104706 0.094000 0.040000
3 0.382616 0.447843 0.081235 0.062745
11 0.382616 0.449804 0.106220 0.040000
3 0.382616 0.743529 0.081235 0.062745
11 0.382616 0.745490 0.066740 0.040000
2 0.946385 0.743529 0.022746 0.021961
11 0.946385 0.762010 0.089614 0.018333
5 0.756296 0.743529 0.032494 0.031373
3 0.849716 0.743529 0.081235 0.062745
11 0.849716 0.747255 0.085540 0.060000
4 0.687246 0.743757 0.032494 0.031373
13 0.382856 0.234118 0.008123 0.038431
13 0.435418 0.102979 0.076361 0.007843
11 0.409665 0.093846 0.018552 0.020056
13 0.382859 0.136078 0.008123 0.038431
11 0.371498 0.106521 0.019586 0.038667
13 0.599918 0.102745 0.096669 0.007843
13 0.242689 0.430980 0.201868 0.628235
13 0.382837 0.349804 0.008123 0.136471
11 0.371591 0.274233 0.019515 0.018044
13 0.790820 0.743778 0.039805 0.007843
13 0.721771 0.744036 0.039806 0.007843
13 0.687453 0.431094 0.008123 0.597090
13 0.912673 0.743529 0.047929 0.007843
13 0.541226 0.497761 0.296100 0.463757
11 0.410700 0.258235 0.028548 0.020000
13 0.535134 0.603643 0.308285 0.251992
13 0.547116 0.743863 0.251015 0.007843
13 0.108448 0.102928 0.039805 0.007843
13 0.191714 0.102981 0.068237 0.007843
13 0.335906 0.102981 0.064175 0.007843
