8 0.500000 0.500000 0.992228 0.980000
0 0.091321 0.160000 0.019430 0.050000
3 0.220855 0.160000 0.064767 0.133333
3 0.353627 0.735000 0.064767 0.133333
3 0.450130 0.160000 0.064767 0.133333
2 0.353627 0.900000 0.018135 0.046667
3 0.670984 0.313333 0.064767 0.133333
3 0.670984 0.160000 0.064767 0.133333
3 0.670984 0.588333 0.064767 0.133333
4 0.353627 0.160000 0.025907 0.066667
1 0.564119 0.160000 0.019430 0.050000
1 0.564119 0.313333 0.019430 0.050000
1 0.564119 0.588333 0.019430 0.050000
4 0.745466 0.160000 0.025907 0.066667
13 0.144754 0.160000 0.090026 0.016667
13 0.296956 0.160476 0.090026 0.016667
13 0.353798 0.430833 0.006477 0.481667
13 0.392163 0.160000 0.053756 0.016667
13 0.353627 0.839167 0.006477 0.081667
13 0.497085 0.160523 0.031736 0.016667
13 0.545984 0.160386 0.019430 0.016667
13 0.539719 0.390833 0.031961 0.401667
13 0.606218 0.313333 0.067358 0.016667
13 0.606218 0.160000 0.067358 0.016667
13 0.539670 0.253333 0.032060 0.126667
13 0.606218 0.588333 0.067358 0.016667
13 0.717940 0.160523 0.031736 0.016667
13 0.601036 0.447917 0.432642 0.580833
13 0.724579 0.390833 0.045013 0.401667
13 0.528497 0.528333 0.287565 0.303333
11 0.013342 0.500000 0.009067 0.258483
11 0.091601 0.209167 0.054964 0.042000
11 0.220855 0.159333 0.052046 0.071333
11 0.353627 0.734333 0.042119 0.047333
11 0.450130 0.159333 0.053004 0.119333
11 0.353582 0.936500 0.059496 0.020000
11 0.671958 0.312667 0.046237 0.047333
11 0.671958 0.159333 0.046430 0.047333
11 0.671096 0.587667 0.041920 0.047333
11 0.391207 0.188167 0.057025 0.020000
11 0.564853 0.209167 0.058462 0.042000
11 0.563998 0.362500 0.041208 0.042000
11 0.565101 0.637500 0.043414 0.042000
11 0.777956 0.199167 0.045549 0.042000
11 0.344818 0.153167 0.013469 0.020000
11 0.374858 0.136500 0.006193 0.020000
11 0.771899 0.139833 0.007529 0.020000
11 0.736657 0.153167 0.013469 0.020000
