8 0.356717 0.131892 0.702758 0.243681
8 0.500000 0.524683 0.989324 0.387791
8 0.328016 0.892611 0.645356 0.193955
3 0.129893 0.126712 0.088968 0.136986
3 0.303381 0.126712 0.088968 0.136986
1 0.500000 0.126712 0.026690 0.051370
3 0.597865 0.131627 0.088968 0.136986
0 0.058719 0.126824 0.026690 0.051370
1 0.227758 0.126824 0.026690 0.051370
3 0.410142 0.126712 0.088968 0.136986
2 0.694840 0.131627 0.024911 0.047945
3 0.129893 0.606062 0.088968 0.136986
3 0.258897 0.606062 0.088968 0.136986
3 0.387900 0.606062 0.088968 0.136986
3 0.513345 0.606062 0.088968 0.136986
3 0.634342 0.606062 0.088968 0.136986
3 0.880783 0.474015 0.088968 0.136986
0 0.058719 0.606062 0.026690 0.051370
1 0.777107 0.474666 0.026690 0.051370
1 0.777107 0.606062 0.026690 0.051370
2 0.977758 0.474015 0.024911 0.047945
3 0.880738 0.605205 0.078203 0.094178
0 0.058719 0.895719 0.026690 0.051370
3 0.156584 0.895719 0.088968 0.136986
3 0.272242 0.895719 0.088968 0.136986
1 0.370107 0.895719 0.026690 0.051370
2 0.435943 0.895719 0.024911 0.047945
12 0.078737 0.126873 0.016904 0.017123
12 0.194395 0.126859 0.043594 0.017123
12 0.250000 0.126870 0.021352 0.017123
12 0.194395 0.606062 0.043594 0.017123
12 0.323399 0.606062 0.043594 0.017123
12 0.356762 0.126712 0.021352 0.017123
12 0.450623 0.606062 0.040036 0.017123
12 0.278618 0.772295 0.443357 0.202329
12 0.092082 0.895719 0.043594 0.017123
12 0.214413 0.895719 0.030249 0.017123
12 0.336744 0.895719 0.043594 0.017123
12 0.573843 0.606062 0.035587 0.017123
12 0.533363 0.129170 0.043594 0.017123
12 0.683483 0.606646 0.012873 0.017123
12 0.813376 0.474877 0.049405 0.017123
12 0.181050 0.387791 0.248221 0.392021
12 0.078737 0.606062 0.016904 0.017123
12 0.735070 0.523574 0.060943 0.103331
12 0.743744 0.606465 0.043594 0.017123
12 0.569395 0.344983 0.133452 0.392021
12 0.470641 0.126712 0.035587 0.017123
12 0.334520 0.366387 0.154804 0.349212
12 0.448399 0.344983 0.097865 0.392021
12 0.403470 0.895719 0.043594 0.017123
12 0.528173 0.735094 0.008897 0.127928
12 0.662367 0.131627 0.043594 0.017123
12 0.945285 0.474015 0.043594 0.017123
12 0.816045 0.605740 0.054743 0.017123
12 0.793558 0.667757 0.177919 0.061747
12 0.739324 0.302821 0.286477 0.212252
