8 0.500489 0.512518 0.991006 0.472490
11 0.012334 0.518118 0.016032 0.063470
8 0.499511 0.951785 0.991006 0.080107
11 0.499511 0.952787 0.113370 0.056742
8 0.499511 0.048696 0.991006 0.080107
11 0.499511 0.049697 0.197109 0.056742
0 0.055086 0.443162 0.020040 0.040053
11 0.075126 0.516009 0.134626 0.031208
3 0.128567 0.443162 0.066800 0.106809
11 0.128567 0.443496 0.091211 0.034045
4 0.205387 0.443162 0.026720 0.053405
3 0.280203 0.443162 0.066800 0.106809
11 0.280203 0.449504 0.083481 0.102136
3 0.844277 0.690158 0.066800 0.106809
11 0.844277 0.690492 0.087346 0.034045
4 0.679669 0.690158 0.026720 0.053405
3 0.624222 0.561003 0.066800 0.106809
11 0.624222 0.564341 0.081162 0.068091
3 0.377064 0.443162 0.066800 0.106809
11 0.377064 0.446500 0.077297 0.068091
1 0.445868 0.561003 0.020040 0.040053
1 0.445868 0.443162 0.020040 0.040053
1 0.445868 0.349704 0.020040 0.040053
11 0.487227 0.326423 0.102033 0.031208
3 0.828140 0.349704 0.066800 0.106809
11 0.828140 0.353042 0.074979 0.068091
4 0.828140 0.512588 0.026720 0.053405
1 0.500644 0.443162 0.020040 0.040053
3 0.697573 0.443162 0.066800 0.106809
11 0.697573 0.449504 0.068022 0.102136
2 0.723405 0.619646 0.018704 0.037383
11 0.723405 0.651104 0.024800 0.031208
12 0.462848 0.619646 0.066800 0.066756
11 0.455824 0.618644 0.071114 0.034045
13 0.080136 0.443162 0.032732 0.013351
13 0.176997 0.443581 0.032732 0.013351
13 0.328633 0.443162 0.032732 0.013351
13 0.523355 0.561003 0.137606 0.013351
13 0.445868 0.502083 0.006680 0.083129
13 0.423156 0.443162 0.028056 0.013351
13 0.445868 0.396433 0.006680 0.058745
13 0.439643 0.583649 0.006680 0.013351
13 0.625314 0.349704 0.341524 0.013351
13 0.668812 0.612229 0.025053 0.107793
13 0.751953 0.690533 0.120520 0.013351
13 0.828333 0.444497 0.006680 0.088117
13 0.772877 0.478209 0.086478 0.075434
13 0.587419 0.443162 0.156181 0.013351
13 0.280203 0.239253 0.006680 0.306349
11 0.270851 0.270924 0.016032 0.358936
13 0.473256 0.441923 0.037408 0.013351
11 0.522120 0.408879 0.161552 0.034045
13 0.836375 0.588022 0.018475 0.102804
11 0.883006 0.556957 0.170054 0.034045
13 0.714894 0.549505 0.015046 0.111218
13 0.771817 0.637705 0.080792 0.017733
13 0.436015 0.580345 0.463260 0.226302
11 0.348478 0.714619 0.201746 0.034045
13 0.232775 0.443587 0.030728 0.013351
11 0.261857 0.514352 0.125995 0.034045
13 0.697573 0.704149 0.006680 0.420506
11 0.688222 0.724619 0.016032 0.231995
13 0.445438 0.210533 0.006680 0.243628
11 0.442886 0.184579 0.068795 0.034045
