0 0.046198 0.077834 0.028874 0.050761
11 0.046198 0.119395 0.119445 0.039552
3 0.166506 0.077834 0.096246 0.135364
11 0.166506 0.082064 0.110257 0.086294
4 0.325313 0.077834 0.038499 0.067682
3 0.946102 0.077834 0.096246 0.135364
11 0.946102 0.085871 0.095779 0.129442
3 0.325313 0.323181 0.096246 0.135364
11 0.325313 0.331218 0.119167 0.129442
1 0.450433 0.560068 0.028874 0.050761
11 0.450433 0.601629 0.094944 0.039552
3 0.628489 0.560068 0.096246 0.135364
11 0.628489 0.564298 0.113598 0.086294
1 0.450433 0.915398 0.028874 0.050761
11 0.450433 0.956959 0.058191 0.039552
4 0.743985 0.738143 0.038499 0.067682
11 0.779706 0.769869 0.076846 0.043147
3 0.946102 0.738143 0.096246 0.135364
11 0.946102 0.742373 0.098006 0.086294
1 0.450433 0.738143 0.028874 0.050761
11 0.450433 0.779704 0.090860 0.039552
4 0.743985 0.077834 0.038499 0.067682
3 0.628489 0.738143 0.096246 0.135364
11 0.628489 0.742373 0.099120 0.086294
2 0.946102 0.323181 0.026949 0.047377
13 0.089509 0.077834 0.061598 0.016920
13 0.260346 0.078333 0.095284 0.016920
13 0.325588 0.183587 0.009625 0.150592
11 0.312212 0.092894 0.023132 0.036208
13 0.325587 0.458545 0.009625 0.142132
13 0.390279 0.560476 0.095284 0.016920
13 0.522618 0.560068 0.119346 0.016920
13 0.830606 0.738628 0.138595 0.016920
13 0.710539 0.335871 0.071704 0.455161
13 0.522618 0.738143 0.119346 0.016920
13 0.700674 0.738670 0.051973 0.016920
13 0.946102 0.222504 0.009625 0.160745
13 0.380895 0.666026 0.114052 0.151003
13 0.380895 0.754653 0.114052 0.328257
13 0.705486 0.860611 0.485082 0.116341
13 0.744466 0.407989 0.009625 0.599395
11 0.730992 0.682200 0.023099 0.058249
13 0.946102 0.508665 0.009625 0.330360
13 0.534649 0.078680 0.384023 0.016920
11 0.363028 0.058799 0.033081 0.043147
13 0.830606 0.078319 0.138595 0.016920
