0 0.041063 0.850900 0.024155 0.077121
3 0.159018 0.850900 0.090982 0.205656
4 0.256844 0.850900 0.032206 0.102828
3 0.473027 0.850900 0.090982 0.205656
3 0.322866 0.349614 0.080515 0.205656
1 0.487923 0.349614 0.024155 0.077121
1 0.487923 0.619537 0.024155 0.077121
1 0.487923 0.118252 0.024155 0.077121
3 0.612721 0.349614 0.080515 0.205656
4 0.777778 0.349614 0.032206 0.102828
3 0.866345 0.850900 0.080515 0.205656
2 0.970209 0.850900 0.022544 0.071979
4 0.777778 0.850900 0.032206 0.102828
3 0.612721 0.619537 0.080515 0.205656
4 0.709340 0.850900 0.032206 0.102828
3 0.865942 0.118252 0.090982 0.205656
4 0.777778 0.118252 0.032206 0.102828
2 0.958132 0.118252 0.022544 0.071979
13 0.083333 0.850900 0.063607 0.025707
13 0.222625 0.851732 0.039452 0.025707
13 0.350242 0.851631 0.157810 0.025707
13 0.269928 0.574550 0.028583 0.460154
13 0.383253 0.350414 0.043478 0.025707
13 0.447866 0.510283 0.059179 0.228792
13 0.447866 0.208226 0.059179 0.190231
13 0.536232 0.349614 0.075684 0.025707
13 0.707327 0.350349 0.111916 0.025707
13 0.932770 0.850900 0.055556 0.025707
13 0.809984 0.851721 0.035427 0.025707
13 0.536232 0.619537 0.075684 0.025707
13 0.455717 0.350223 0.043478 0.025707
13 0.743559 0.852185 0.039452 0.025707
13 0.778180 0.600257 0.008052 0.408740
13 0.630837 0.118885 0.264895 0.025707
13 0.807166 0.119113 0.029791 0.025707
13 0.929147 0.118252 0.038647 0.025707
13 0.778180 0.233933 0.008052 0.138817
13 0.605878 0.851621 0.177939 0.025707
13 0.681361 0.709512 0.059984 0.190231
11 0.041755 0.926735 0.073848 0.064781
11 0.160233 0.849871 0.068212 0.073008
11 0.292937 0.947301 0.062525 0.064781
11 0.474105 0.849871 0.070904 0.110026
11 0.322866 0.348586 0.065892 0.110026
11 0.489451 0.425450 0.052977 0.064781
11 0.487650 0.678406 0.060647 0.030848
11 0.488281 0.177121 0.063519 0.030848
11 0.613932 0.348586 0.057719 0.073008
11 0.822363 0.458869 0.050523 0.064781
11 0.866345 0.849871 0.065782 0.073008
11 0.969870 0.924165 0.049240 0.064781
11 0.612721 0.618509 0.046188 0.073008
11 0.865942 0.117224 0.073583 0.110026
11 0.958006 0.174550 0.072212 0.030848
11 0.288566 0.814653 0.016745 0.030848
11 0.265524 0.315938 0.007699 0.030848
11 0.767940 0.544730 0.007699 0.030848
11 0.766826 0.236247 0.016745 0.030848
