8 0.500040 0.500063 0.991384 0.989016
9 0.510909 0.356699 0.969645 0.702287
9 0.510909 0.735466 0.969645 0.055247
9 0.510909 0.878831 0.969645 0.231481
3 0.138406 0.121296 0.072464 0.074074
4 0.221739 0.121296 0.028986 0.037037
5 0.312319 0.121296 0.028986 0.037037
3 0.410145 0.116667 0.072464 0.074074
3 0.218116 0.232407 0.072464 0.074074
2 0.218116 0.310185 0.020290 0.025926
0 0.058696 0.121296 0.021739 0.027778
1 0.410145 0.325000 0.021739 0.027778
1 0.526087 0.325000 0.021739 0.027778
3 0.312319 0.232407 0.072464 0.074074
3 0.605797 0.325000 0.072464 0.074074
3 0.710870 0.325000 0.072464 0.074074
2 0.789855 0.325000 0.020290 0.025926
3 0.605797 0.435398 0.072464 0.074074
3 0.772464 0.435398 0.072464 0.074074
2 0.921598 0.435398 0.020290 0.025926
4 0.671320 0.435398 0.028986 0.037037
3 0.671320 0.638745 0.072464 0.074074
1 0.526087 0.435398 0.021739 0.027778
12 0.085870 0.121296 0.035507 0.009259
12 0.190942 0.121587 0.035507 0.009259
12 0.267029 0.121529 0.064493 0.009259
12 0.221247 0.167593 0.007246 0.059259
12 0.218116 0.283333 0.007246 0.031481
12 0.350362 0.120756 0.050000 0.009259
12 0.312319 0.167593 0.007246 0.059259
12 0.373913 0.278704 0.053623 0.096296
12 0.553261 0.325000 0.035507 0.009259
12 0.658333 0.325000 0.035507 0.009259
12 0.553261 0.435398 0.035507 0.009259
12 0.649428 0.435705 0.017697 0.009259
12 0.436268 0.325215 0.033406 0.009259
12 0.497862 0.325219 0.037609 0.009259
12 0.490797 0.389458 0.051739 0.095583
12 0.763406 0.325000 0.035507 0.009259
12 0.860074 0.435398 0.105656 0.009259
12 0.671518 0.527812 0.007246 0.151495
12 0.711022 0.435680 0.053318 0.009259
