8 0.503687 0.500000 0.981567 0.972222
11 0.023041 0.500000 0.022120 0.228571
0 0.095853 0.500000 0.027650 0.069444
11 0.095853 0.552083 0.067781 0.025463
3 0.238710 0.500000 0.092166 0.185185
11 0.238710 0.495370 0.063278 0.027778
4 0.363134 0.500000 0.036866 0.092593
11 0.364977 0.395833 0.087452 0.027778
3 0.363134 0.800926 0.092166 0.185185
11 0.363134 0.796296 0.050481 0.055556
2 0.482028 0.800926 0.025806 0.064815
3 0.482028 0.500000 0.092166 0.185185
11 0.482028 0.495370 0.068255 0.083333
3 0.833180 0.314815 0.092166 0.185185
11 0.833180 0.310185 0.068966 0.055556
1 0.717972 0.314815 0.027650 0.069444
11 0.717972 0.228009 0.125787 0.025463
13 0.151050 0.497685 0.086431 0.023148
13 0.314747 0.500000 0.063594 0.023148
13 0.364772 0.628987 0.009217 0.174640
11 0.351869 0.498928 0.011060 0.051786
13 0.439171 0.800926 0.063594 0.023148
13 0.407732 0.498824 0.060113 0.023148
11 0.391897 0.465766 0.009419 0.028147
13 0.641935 0.498661 0.026728 0.023148
13 0.560829 0.500000 0.069124 0.023148
13 0.660266 0.390046 0.091449 0.136574
13 0.759447 0.313662 0.058986 0.023148
