8 0.500000 0.500000 0.990392 0.980583
3 0.162530 0.203883 0.080064 0.129450
3 0.390713 0.203883 0.080064 0.129450
4 0.264211 0.203883 0.032026 0.064725
3 0.506805 0.203883 0.080064 0.129450
3 0.658927 0.543689 0.080064 0.129450
3 0.855084 0.543689 0.080064 0.129450
3 0.658927 0.713592 0.080064 0.129450
4 0.751001 0.713592 0.032026 0.064725
3 0.859087 0.713592 0.080064 0.129450
1 0.570857 0.907767 0.024019 0.048544
2 0.958367 0.543689 0.022418 0.045307
2 0.958367 0.713592 0.022418 0.045307
0 0.058447 0.203883 0.024019 0.048544
1 0.570857 0.713592 0.024019 0.048544
1 0.570857 0.543689 0.024019 0.048544
13 0.225380 0.203883 0.048839 0.016181
13 0.096477 0.203883 0.055244 0.016181
13 0.315452 0.205502 0.073659 0.016181
13 0.757006 0.543689 0.119295 0.016181
13 0.716974 0.714100 0.039231 0.016181
13 0.793034 0.714088 0.055244 0.016181
13 0.803243 0.644822 0.106886 0.079288
13 0.723579 0.842233 0.284628 0.137540
13 0.923139 0.713592 0.051241 0.016181
13 0.921137 0.543689 0.055244 0.016181
13 0.559848 0.283172 0.593675 0.398058
13 0.448759 0.203883 0.039231 0.016181
13 0.600881 0.713592 0.039231 0.016181
13 0.600881 0.543689 0.039231 0.016181
13 0.538116 0.677534 0.044664 0.078588
13 0.506591 0.438511 0.008006 0.346278
13 0.540432 0.592638 0.040032 0.104369
13 0.542034 0.773622 0.036829 0.274762
11 0.016493 0.500000 0.011209 0.250954
11 0.163272 0.203236 0.037263 0.045955
11 0.390713 0.203236 0.065523 0.069256
11 0.266158 0.277508 0.067945 0.040777
11 0.506805 0.203236 0.063005 0.045955
11 0.660131 0.543042 0.057158 0.045955
11 0.855084 0.543042 0.045119 0.045955
11 0.660131 0.712945 0.057396 0.045955
11 0.761378 0.775890 0.057584 0.040777
11 0.859087 0.712945 0.066488 0.069256
11 0.571213 0.944822 0.063163 0.019417
11 0.059748 0.262298 0.053843 0.062136
11 0.571243 0.750647 0.063223 0.019417
11 0.570632 0.580744 0.052392 0.019417
11 0.290457 0.182686 0.007656 0.019417
11 0.782545 0.690777 0.016651 0.019417
11 0.740417 0.661650 0.007656 0.019417
11 0.253321 0.132524 0.016651 0.019417
