8 0.499315 0.500000 0.990404 0.985019
9 0.509596 0.877653 0.969842 0.229713
9 0.509596 0.385144 0.969842 0.755306
0 0.065798 0.119850 0.020562 0.037453
3 0.152844 0.119850 0.068540 0.099875
4 0.230295 0.119850 0.027416 0.049938
3 0.354010 0.119850 0.096642 0.099875
1 0.518163 0.119850 0.020562 0.037453
1 0.449623 0.444444 0.020562 0.037453
3 0.737491 0.119850 0.120631 0.099875
4 0.572995 0.119850 0.027416 0.049938
3 0.572995 0.319600 0.120631 0.099875
4 0.572995 0.444444 0.027416 0.049938
3 0.901988 0.444444 0.068540 0.099875
3 0.572995 0.600499 0.078136 0.099875
4 0.819740 0.444444 0.027416 0.049938
2 0.969842 0.444444 0.019191 0.034956
2 0.652502 0.600499 0.019191 0.034956
12 0.716929 0.514357 0.068540 0.062422
13 0.097327 0.119850 0.045236 0.012484
13 0.201851 0.120243 0.032214 0.012484
13 0.419123 0.120274 0.036326 0.012484
13 0.485607 0.120148 0.047293 0.012484
13 0.543866 0.120141 0.033585 0.012484
13 0.631940 0.120252 0.093215 0.012484
13 0.573200 0.394507 0.006854 0.054931
13 0.449791 0.285268 0.006854 0.285893
13 0.696367 0.444757 0.222070 0.012484
13 0.573195 0.509988 0.006854 0.086142
13 0.850583 0.444444 0.037012 0.012484
13 0.491775 0.531835 0.087046 0.142322
13 0.808944 0.269663 0.025017 0.304619
13 0.948252 0.444444 0.026731 0.012484
13 0.573189 0.207241 0.006854 0.129838
13 0.274846 0.120251 0.064428 0.012484
13 0.525360 0.428839 0.592186 0.573034
13 0.627485 0.600499 0.033585 0.012484
13 0.670665 0.549036 0.026731 0.072964
11 0.014119 0.500000 0.009596 0.101999
11 0.034681 0.385144 0.009596 0.139494
11 0.034681 0.877653 0.009596 0.140298
11 0.066385 0.093009 0.058747 0.031461
11 0.152844 0.119351 0.039083 0.017478
11 0.355045 0.119351 0.083308 0.035456
11 0.530249 0.080524 0.046104 0.031461
11 0.450507 0.481273 0.059341 0.031461
11 0.737491 0.119351 0.067908 0.035456
11 0.572995 0.319101 0.074507 0.017478
11 0.901988 0.443945 0.035424 0.035456
11 0.573120 0.600000 0.046190 0.053433
11 0.971095 0.480025 0.053226 0.031461
11 0.716143 0.509363 0.057372 0.035456
11 0.624197 0.102247 0.058538 0.014981
11 0.617253 0.426841 0.044650 0.014981
11 0.625478 0.524969 0.044650 0.031461
11 0.602724 0.190886 0.043009 0.014981
11 0.269561 0.102247 0.036037 0.014981
11 0.220983 0.054806 0.044433 0.014981
