0 0.046065 0.151316 0.028791 0.098684
11 0.046065 0.232113 0.119101 0.076891
4 0.122841 0.151316 0.038388 0.131579
11 0.123800 0.046875 0.072183 0.083882
3 0.225048 0.118421 0.098848 0.197368
11 0.225048 0.134046 0.102166 0.251645
3 0.225528 0.421053 0.097889 0.144737
11 0.225528 0.429276 0.071072 0.167763
0 0.333973 0.151316 0.028791 0.098684
11 0.333973 0.232113 0.164910 0.076891
4 0.410749 0.151316 0.038388 0.131579
11 0.411708 0.046875 0.104387 0.083882
3 0.681382 0.151316 0.061420 0.157895
11 0.681382 0.159539 0.071072 0.167763
3 0.515355 0.151316 0.082534 0.197368
11 0.515355 0.166941 0.079956 0.251645
1 0.650672 0.457237 0.028791 0.098684
11 0.650672 0.538035 0.153712 0.076891
4 0.741843 0.457237 0.038388 0.131579
11 0.736084 0.300164 0.117713 0.083882
3 0.829175 0.421053 0.097889 0.197368
11 0.829175 0.429276 0.071072 0.167763
3 0.829175 0.743421 0.095969 0.296053
11 0.829175 0.744243 0.125487 0.083882
3 0.519194 0.457237 0.082534 0.144737
11 0.519194 0.458059 0.061078 0.083882
3 0.504798 0.776316 0.082534 0.230263
11 0.504798 0.784539 0.084398 0.167763
2 0.980806 0.151316 0.026871 0.092105
4 0.914587 0.151316 0.038388 0.131579
13 0.083936 0.152961 0.043261 0.032895
13 0.158829 0.152961 0.037428 0.032895
11 0.154524 0.114309 0.021141 0.083882
13 0.150672 0.312500 0.055662 0.203947
11 0.138196 0.162858 0.023033 0.156379
13 0.770633 0.458882 0.023033 0.032895
11 0.773526 0.459704 0.021141 0.083882
13 0.297505 0.148026 0.049904 0.032895
13 0.369962 0.149388 0.047025 0.032895
13 0.803743 0.152961 0.187140 0.032895
13 0.663628 0.792763 0.238964 0.032895
13 0.950576 0.152072 0.037428 0.032895
13 0.438580 0.519737 0.053743 0.618421
13 0.603647 0.149860 0.097889 0.032895
13 0.761516 0.606908 0.043186 0.180921
11 0.755278 0.472149 0.023033 0.156379
13 0.452015 0.152961 0.047985 0.032895
11 0.442432 0.114309 0.021141 0.083882
13 0.693858 0.457237 0.061420 0.032895
13 0.598369 0.455592 0.079655 0.032895
13 0.896593 0.335526 0.040787 0.250000
13 0.572697 0.598684 0.688580 0.776316
13 0.896113 0.495066 0.041747 0.569079
13 0.447532 0.337171 0.071647 0.253289
11 0.427063 0.159569 0.023033 0.156379
