8 0.179500 0.085833 0.339000 0.141667
3 0.066667 0.073333 0.033333 0.026667
4 0.101667 0.073333 0.013333 0.013333
3 0.137000 0.073333 0.033333 0.026667
1 0.195000 0.111667 0.010000 0.010000
3 0.228000 0.038333 0.033333 0.026667
3 0.304667 0.038333 0.033333 0.026667
2 0.341000 0.038333 0.009333 0.009333
3 0.228000 0.073333 0.033333 0.026667
4 0.263000 0.073333 0.013333 0.013333
3 0.303000 0.073333 0.033333 0.026667
2 0.341000 0.073333 0.009333 0.009333
0 0.030000 0.073333 0.010000 0.010000
1 0.195000 0.038333 0.010000 0.010000
1 0.195000 0.073333 0.010000 0.010000
3 0.303000 0.138333 0.033333 0.026667
2 0.339333 0.138333 0.009333 0.009333
