0 0.046955 0.089054 0.022010 0.055659
3 0.143434 0.089054 0.104916 0.148423
11 0.143434 0.093692 0.116309 0.094620
3 0.287601 0.089054 0.117388 0.148423
11 0.287601 0.093692 0.166398 0.094620
4 0.393984 0.089054 0.029347 0.074212
2 0.393984 0.282004 0.020543 0.051948
3 0.502935 0.089981 0.104916 0.157699
11 0.502935 0.094620 0.133288 0.094620
3 0.215701 0.673469 0.095378 0.148423
11 0.215701 0.678108 0.132439 0.094620
3 0.728907 0.094620 0.104916 0.157699
11 0.728907 0.099258 0.146871 0.094620
1 0.606750 0.311688 0.022010 0.055659
11 0.606750 0.357259 0.180547 0.043367
4 0.603081 0.089981 0.029347 0.074212
1 0.076302 0.673469 0.022010 0.055659
11 0.076302 0.719040 0.170430 0.043367
3 0.905356 0.090909 0.073368 0.148423
11 0.905356 0.091373 0.101027 0.047310
2 0.985326 0.090909 0.020543 0.051948
4 0.311079 0.673469 0.029347 0.074212
3 0.406456 0.673469 0.095378 0.148423
11 0.406456 0.682282 0.118855 0.141929
2 0.497432 0.673469 0.020543 0.051948
3 0.406456 0.914657 0.073368 0.148423
11 0.406456 0.923469 0.095084 0.141929
1 0.780631 0.784787 0.022010 0.055659
3 0.850330 0.358071 0.073368 0.148423
13 0.074468 0.089054 0.035950 0.018553
13 0.212399 0.089054 0.035950 0.018553
13 0.362803 0.089707 0.035950 0.018553
13 0.394158 0.191095 0.007337 0.137291
13 0.429567 0.089981 0.044754 0.018553
11 0.418489 0.068182 0.016728 0.047310
13 0.797872 0.094620 0.035950 0.018553
13 0.571900 0.090618 0.035950 0.018553
13 0.603815 0.205473 0.007337 0.164193
13 0.647102 0.091802 0.061629 0.018553
13 0.855833 0.091508 0.028613 0.018553
13 0.958547 0.090909 0.035950 0.018553
13 0.127660 0.673469 0.083639 0.018553
13 0.279897 0.674091 0.035950 0.018553
13 0.470653 0.673469 0.035950 0.018553
13 0.342260 0.674096 0.035950 0.018553
11 0.335208 0.652379 0.016196 0.047462
13 0.340609 0.812616 0.061262 0.211503
13 0.305576 0.508349 0.605282 0.345083
