0 0.021667 0.100000 0.010000 0.010000
3 0.183333 0.100000 0.033333 0.026667
4 0.218333 0.100000 0.013333 0.013333
3 0.261667 0.058333 0.033333 0.026667
3 0.261667 0.128333 0.033333 0.026667
2 0.298000 0.058333 0.009333 0.009333
1 0.424000 0.128333 0.010000 0.010000
1 0.464000 0.128333 0.010000 0.010000
3 0.500667 0.128333 0.033333 0.026667
2 0.537000 0.128333 0.009333 0.009333
1 0.437333 0.165000 0.010000 0.010000
3 0.356667 0.128333 0.033333 0.026667
3 0.474000 0.165000 0.033333 0.026667
4 0.501667 0.165000 0.013333 0.013333
3 0.566667 0.165000 0.033333 0.026667
2 0.603000 0.165000 0.009333 0.009333
3 0.566667 0.228333 0.033333 0.026667
2 0.603000 0.208333 0.009333 0.009333
1 0.424000 0.228333 0.010000 0.010000
1 0.106667 0.100000 0.010000 0.010000
