0 0.036408 0.167702 0.024272 0.062112
11 0.035599 0.043737 0.182793 0.096791
3 0.125405 0.167702 0.080906 0.165631
11 0.125405 0.177536 0.102982 0.158385
4 0.218447 0.167702 0.032362 0.082816
11 0.254045 0.081263 0.133877 0.052795
2 0.218447 0.416149 0.022654 0.057971
11 0.218447 0.464933 0.163055 0.048395
5 0.307444 0.168398 0.032362 0.082816
3 0.392395 0.416149 0.080906 0.165631
11 0.392395 0.425983 0.096429 0.158385
5 0.477346 0.168398 0.032362 0.082816
3 0.567154 0.666667 0.080906 0.165631
11 0.567154 0.681159 0.105791 0.211180
3 0.749193 0.170599 0.080906 0.165631
11 0.749193 0.175775 0.098301 0.105590
2 0.851943 0.170599 0.022654 0.057971
11 0.851943 0.219383 0.163055 0.048395
4 0.660196 0.666667 0.032362 0.082816
11 0.682850 0.538820 0.205028 0.052795
3 0.780744 0.666667 0.080906 0.165631
11 0.780744 0.671843 0.098301 0.105590
4 0.901293 0.666667 0.032362 0.082816
11 0.918283 0.547101 0.234050 0.052795
2 0.965209 0.666667 0.022654 0.057971
11 0.965209 0.715450 0.163055 0.048395
2 0.660196 0.871636 0.022654 0.057971
11 0.660196 0.920419 0.196524 0.048395
2 0.901293 0.871636 0.022654 0.057971
11 0.901293 0.920419 0.196524 0.048395
1 0.660196 0.170599 0.024272 0.062112
11 0.660196 0.221453 0.126153 0.048395
1 0.567382 0.375438 0.024272 0.062112
11 0.567382 0.426292 0.149324 0.048395
3 0.392395 0.168398 0.080906 0.165631
11 0.392395 0.178233 0.100173 0.158385
13 0.184061 0.168352 0.039644 0.020704
13 0.218640 0.298137 0.008091 0.186335
11 0.207393 0.177659 0.019496 0.102039
13 0.262945 0.169082 0.059871 0.020704
11 0.245486 0.144630 0.018476 0.052940
13 0.329895 0.312978 0.047330 0.214625
13 0.522364 0.169938 0.060909 0.020704
13 0.455300 0.312978 0.048139 0.214625
13 0.815131 0.170599 0.054206 0.020704
13 0.625811 0.667316 0.039644 0.020704
13 0.708334 0.667291 0.067150 0.020704
11 0.687130 0.643161 0.018479 0.052955
13 0.853154 0.667286 0.067150 0.020704
13 0.935678 0.666667 0.039644 0.020704
11 0.927930 0.642340 0.018447 0.052795
13 0.901484 0.775362 0.008091 0.142857
13 0.660387 0.775362 0.008091 0.142857
11 0.649113 0.676642 0.019512 0.102086
13 0.690536 0.170599 0.039644 0.020704
13 0.567288 0.495172 0.008091 0.185639
13 0.615811 0.169705 0.067733 0.020704
13 0.567575 0.276746 0.008091 0.143553
13 0.337784 0.168398 0.031553 0.020704
13 0.447007 0.168398 0.031553 0.020704
13 0.066748 0.167702 0.039644 0.020704
