8 0.500000 0.499878 0.990875 0.979021
11 0.035741 0.499878 0.009125 0.236014
0 0.088213 0.204423 0.022814 0.052448
11 0.088213 0.272605 0.036567 0.076923
3 0.202281 0.204423 0.076046 0.139860
11 0.202281 0.200927 0.063357 0.020979
4 0.291758 0.204423 0.030418 0.069930
11 0.292519 0.144983 0.072156 0.020979
3 0.388593 0.204423 0.076046 0.139860
11 0.388593 0.200927 0.061597 0.062937
3 0.743726 0.099528 0.076046 0.139860
11 0.743726 0.096031 0.050451 0.041958
3 0.846388 0.099528 0.076046 0.139860
11 0.846388 0.096031 0.037545 0.041958
2 0.955894 0.099528 0.021293 0.048951
11 0.955894 0.146731 0.046247 0.038462
1 0.511787 0.325052 0.022814 0.052448
11 0.465481 0.322430 0.059153 0.019231
3 0.511787 0.510367 0.076046 0.139860
11 0.511787 0.506871 0.052211 0.041958
4 0.511787 0.683444 0.030418 0.069930
11 0.460750 0.679948 0.061010 0.041958
3 0.619441 0.683444 0.076046 0.139860
11 0.619441 0.679948 0.059837 0.041958
1 0.572624 0.099528 0.022814 0.052448
11 0.572624 0.138864 0.067219 0.019231
1 0.572624 0.204423 0.022814 0.052448
11 0.563498 0.254248 0.057002 0.019231
13 0.258427 0.204969 0.039287 0.017483
13 0.131939 0.204423 0.067681 0.017483
13 0.644867 0.099528 0.124715 0.017483
13 0.795057 0.099528 0.029658 0.017483
13 0.914829 0.099528 0.063878 0.017483
13 0.511787 0.395857 0.007605 0.096154
13 0.554207 0.683976 0.057464 0.017483
11 0.541791 0.659601 0.017631 0.021122
13 0.601736 0.408969 0.038452 0.416084
13 0.461597 0.204939 0.073004 0.017483
13 0.536692 0.134493 0.052091 0.076923
13 0.544106 0.204835 0.037262 0.017483
13 0.511965 0.269108 0.007605 0.066434
13 0.328769 0.204965 0.046645 0.017483
11 0.317060 0.180595 0.008249 0.021053
13 0.744702 0.426451 0.177517 0.520979
13 0.576107 0.500813 0.570979 0.669703
11 0.276875 0.347783 0.017599 0.020979
13 0.679278 0.487633 0.337262 0.643343
11 0.531674 0.779133 0.008213 0.020979
13 0.512014 0.614388 0.007605 0.075175
