8 0.500000 0.500000 0.989899 0.978610
0 0.068182 0.547237 0.025253 0.053476
3 0.160774 0.547237 0.084175 0.142602
4 0.257576 0.547237 0.033670 0.071301
3 0.375421 0.547237 0.084175 0.142602
2 0.944444 0.171123 0.023569 0.049911
3 0.754209 0.547237 0.084175 0.142602
1 0.585859 0.171123 0.025253 0.053476
4 0.754209 0.171123 0.033670 0.071301
1 0.585859 0.885918 0.025253 0.053476
3 0.716330 0.885918 0.084175 0.142602
1 0.585859 0.547237 0.025253 0.053476
3 0.257576 0.269162 0.084175 0.142602
3 0.855219 0.885918 0.084175 0.142602
13 0.099747 0.547237 0.041246 0.017825
13 0.221801 0.547797 0.041246 0.017825
13 0.303872 0.547780 0.062290 0.017825
13 0.870370 0.371658 0.151515 0.358289
13 0.667929 0.171556 0.142256 0.017825
13 0.543140 0.734403 0.063552 0.310160
13 0.636364 0.885918 0.079125 0.017825
13 0.785774 0.885918 0.058081 0.017825
13 0.551347 0.547660 0.047138 0.017825
13 0.456650 0.547237 0.081650 0.017825
13 0.542929 0.341355 0.063973 0.347594
13 0.754440 0.341355 0.008418 0.276292
13 0.655303 0.547237 0.117003 0.017825
13 0.257812 0.426025 0.008418 0.178253
13 0.851852 0.171558 0.164983 0.017825
13 0.601010 0.128342 0.690236 0.146168
13 0.920875 0.540998 0.050505 0.696970
11 0.017340 0.500000 0.011785 0.146864
11 0.068004 0.599822 0.046783 0.044920
11 0.160774 0.546524 0.047998 0.024955
11 0.258056 0.602317 0.051465 0.021390
11 0.375421 0.546524 0.068887 0.050624
11 0.755476 0.546524 0.051662 0.050624
11 0.585701 0.223708 0.053556 0.044920
11 0.755189 0.100713 0.059199 0.044920
11 0.585701 0.938503 0.053556 0.044920
11 0.716330 0.885205 0.071588 0.024955
11 0.585826 0.599822 0.060540 0.044920
11 0.257576 0.268449 0.047436 0.050624
11 0.855219 0.885205 0.047436 0.050624
11 0.285196 0.522103 0.009785 0.021390
11 0.742687 0.162032 0.019045 0.021390
11 0.279724 0.466845 0.019045 0.021390
11 0.782670 0.145989 0.009785 0.021390
