0 0.027000 0.046500 0.010000 0.010000
3 0.076667 0.046500 0.033333 0.026667
4 0.115000 0.046500 0.013333 0.013333
3 0.143167 0.029833 0.033333 0.026667
1 0.195000 0.029833 0.010000 0.010000
2 0.195000 0.073833 0.009333 0.009333
3 0.313667 0.029833 0.033333 0.026667
1 0.269000 0.029833 0.010000 0.010000
1 0.231667 0.092833 0.010000 0.010000
3 0.313667 0.092833 0.033333 0.026667
1 0.265000 0.060152 0.010000 0.010000
3 0.313667 0.060152 0.033333 0.026667
4 0.347667 0.060152 0.013333 0.013333
3 0.378333 0.029833 0.033333 0.026667
2 0.428167 0.029833 0.009333 0.009333
3 0.139394 0.073833 0.033333 0.026667
11 0.335667 0.129517 0.033333 0.028033
