8 0.500000 0.500000 0.991105 0.983893
11 0.012602 0.533200 0.017791 0.376266
3 0.178651 0.426846 0.074129 0.107383
11 0.178651 0.427181 0.062618 0.034228
4 0.278725 0.426846 0.029652 0.053691
11 0.288362 0.352349 0.115800 0.068456
3 0.363973 0.426846 0.074129 0.107383
11 0.363973 0.439262 0.091782 0.171141
0 0.095626 0.425503 0.022239 0.040268
11 0.091179 0.345134 0.110868 0.062752
2 0.922165 0.903356 0.020756 0.037584
11 0.922165 0.934983 0.118731 0.031376
4 0.863603 0.903356 0.029652 0.053691
3 0.669755 0.116779 0.112676 0.107383
11 0.669755 0.123154 0.127809 0.102685
2 0.922165 0.116779 0.020756 0.037584
11 0.922165 0.148406 0.079416 0.031376
3 0.733877 0.723490 0.074129 0.107383
11 0.733877 0.726846 0.073769 0.068456
1 0.557821 0.425504 0.022239 0.040268
11 0.557821 0.458473 0.086493 0.031376
3 0.733877 0.426846 0.074129 0.107383
11 0.733877 0.430202 0.076342 0.068456
4 0.797628 0.257718 0.029652 0.053691
11 0.661231 0.292953 0.174129 0.034228
4 0.669755 0.257718 0.029652 0.053691
1 0.578948 0.723490 0.022239 0.040268
1 0.578947 0.257718 0.022239 0.040268
11 0.568569 0.202097 0.106936 0.031376
13 0.124166 0.425965 0.037806 0.013423
13 0.239807 0.427254 0.051149 0.013423
13 0.310230 0.427271 0.036323 0.013423
11 0.303093 0.411566 0.016368 0.034353
13 0.895107 0.903668 0.036323 0.013423
13 0.566277 0.678859 0.567964 0.455705
11 0.380806 0.888929 0.025479 0.034228
13 0.632876 0.426076 0.130838 0.013423
13 0.838213 0.567450 0.054485 0.623490
11 0.822101 0.242617 0.016330 0.034228
13 0.784470 0.355705 0.030022 0.147651
13 0.622498 0.256636 0.067828 0.013423
13 0.733692 0.258389 0.101186 0.013423
11 0.768580 0.242617 0.025479 0.034228
13 0.669975 0.200671 0.007413 0.065772
13 0.536509 0.426510 0.023351 0.013423
13 0.643440 0.723490 0.109711 0.013423
13 0.539844 0.588591 0.058933 0.275168
13 0.448851 0.427231 0.098592 0.013423
13 0.818940 0.116779 0.188658 0.013423
13 0.539659 0.328859 0.059303 0.147651
13 0.809859 0.828932 0.080801 0.113383
