8 0.404476 0.249343 0.808952 0.239312
8 0.396840 0.072963 0.791680 0.083218
0 0.038333 0.207532 0.010000 0.010000
3 0.100000 0.207532 0.033333 0.026667
4 0.150000 0.207532 0.013333 0.013333
3 0.221667 0.207532 0.033333 0.026667
3 0.288250 0.207532 0.033333 0.026667
2 0.779680 0.276354 0.009333 0.009333
1 0.391873 0.154878 0.010000 0.010000
3 0.442204 0.154878 0.033333 0.026667
4 0.518918 0.276354 0.013333 0.013333
3 0.473576 0.242569 0.033333 0.026667
1 0.422269 0.242569 0.010000 0.010000
4 0.519680 0.242569 0.013333 0.013333
3 0.663632 0.276354 0.033333 0.026667
3 0.661966 0.242569 0.033333 0.026667
1 0.422269 0.207484 0.010000 0.010000
2 0.781632 0.242569 0.009333 0.009333
3 0.634568 0.152216 0.033333 0.026667
4 0.582251 0.242569 0.013333 0.013333
2 0.782619 0.150081 0.009333 0.009333
3 0.295666 0.095556 0.033333 0.026667
3 0.221667 0.058971 0.033333 0.026667
4 0.266065 0.058971 0.013333 0.013333
3 0.368935 0.058971 0.033333 0.026667
