8 0.499914 0.493015 0.992485 0.963130
11 0.010404 0.521723 0.014688 0.325354
11 0.028764 0.545462 0.014688 0.594397
0 0.067931 0.363770 0.018360 0.057252
11 0.067931 0.425077 0.041546 0.089218
3 0.134027 0.363770 0.061200 0.152672
11 0.134027 0.364247 0.076482 0.048664
4 0.235006 0.363770 0.024480 0.076336
11 0.235618 0.296022 0.069400 0.097328
3 0.305386 0.230182 0.061200 0.152672
11 0.305386 0.239247 0.075774 0.145992
3 0.394125 0.230182 0.061200 0.152672
11 0.394125 0.239247 0.070817 0.145992
3 0.305386 0.440106 0.061200 0.152672
11 0.305386 0.440583 0.081439 0.048664
2 0.919217 0.906966 0.017136 0.053435
11 0.919217 0.951932 0.084390 0.044609
3 0.744186 0.230182 0.061200 0.152672
11 0.744186 0.234953 0.068692 0.097328
4 0.832925 0.230182 0.024480 0.076336
11 0.833537 0.162434 0.112598 0.097328
3 0.919217 0.230182 0.061200 0.152672
11 0.919217 0.234953 0.072233 0.097328
3 0.617503 0.230182 0.061200 0.152672
11 0.617503 0.239247 0.081439 0.145992
1 0.501836 0.512625 0.018360 0.057252
11 0.501836 0.559500 0.031808 0.044609
3 0.569155 0.512625 0.061200 0.152672
11 0.569155 0.517396 0.061610 0.097328
3 0.569155 0.751174 0.061200 0.152672
11 0.569155 0.755945 0.069400 0.097328
3 0.481640 0.751174 0.061200 0.152672
11 0.481640 0.755945 0.078606 0.097328
1 0.527540 0.087052 0.018360 0.057252
11 0.527540 0.148359 0.083091 0.089218
2 0.919217 0.664504 0.017136 0.053435
11 0.919217 0.738335 0.090881 0.133826
1 0.527540 0.364357 0.018360 0.057252
11 0.527540 0.411232 0.071407 0.044609
1 0.527540 0.230769 0.018360 0.057252
11 0.527540 0.292076 0.037002 0.089218
3 0.380049 0.751174 0.061200 0.152672
11 0.380049 0.755945 0.078606 0.097328
13 0.090269 0.363770 0.028764 0.019084
13 0.193696 0.364332 0.060588 0.019084
13 0.349755 0.230182 0.029988 0.019084
13 0.260863 0.297453 0.030294 0.142176
11 0.259547 0.207758 0.014898 0.048664
13 0.797736 0.230756 0.048348 0.019084
13 0.866891 0.230763 0.045900 0.019084
11 0.858016 0.208470 0.024117 0.049042
13 0.561812 0.230916 0.052632 0.019084
13 0.764076 0.606742 0.295594 0.608081
13 0.524786 0.512625 0.029988 0.019084
13 0.569155 0.631899 0.006120 0.093511
13 0.525398 0.751174 0.028764 0.019084
13 0.625153 0.297536 0.179315 0.142342
13 0.727968 0.120449 0.384945 0.074427
13 0.255049 0.421022 0.041922 0.045802
13 0.478733 0.390487 0.030294 0.251908
13 0.438494 0.230781 0.029988 0.019084
13 0.491585 0.316566 0.055998 0.104066
13 0.497552 0.231257 0.044064 0.019084
13 0.491585 0.139533 0.055998 0.112595
13 0.871940 0.587658 0.079865 0.646249
11 0.824252 0.318985 0.014898 0.048664
13 0.919217 0.472152 0.006120 0.338902
13 0.608017 0.711704 0.607711 0.398158
13 0.430845 0.751174 0.042840 0.019084
13 0.417687 0.469088 0.071603 0.419134
