8 0.183667 0.063167 0.367333 0.126333
0 0.040000 0.015000 0.010000 0.010000
1 0.070000 0.015000 0.010000 0.010000
3 0.116667 0.015000 0.033333 0.026667
4 0.155000 0.015000 0.013333 0.013333
2 0.359667 0.015000 0.009333 0.009333
3 0.155000 0.043333 0.033333 0.026667
1 0.220000 0.078333 0.010000 0.010000
1 0.220000 0.060000 0.010000 0.010000
3 0.256667 0.078333 0.033333 0.026667
4 0.295000 0.078333 0.013333 0.013333
3 0.331667 0.078333 0.033333 0.026667
1 0.220000 0.105000 0.010000 0.010000
3 0.155000 0.078333 0.033333 0.026667
