8 0.500000 0.500000 0.990991 0.982659
11 0.012763 0.500000 0.009009 0.143807
0 0.060811 0.339595 0.022523 0.043353
11 0.060811 0.372110 0.154488 0.015896
3 0.165916 0.339595 0.075075 0.115607
11 0.165916 0.336705 0.042278 0.017341
4 0.267267 0.339595 0.030030 0.057803
11 0.323220 0.363439 0.096139 0.017341
3 0.616366 0.239884 0.075075 0.115607
11 0.616366 0.236994 0.037066 0.034682
3 0.357357 0.434971 0.075075 0.115607
11 0.357357 0.432081 0.061969 0.052023
2 0.758258 0.239884 0.021021 0.040462
11 0.758258 0.270954 0.080164 0.015896
1 0.511261 0.434971 0.022523 0.043353
11 0.511261 0.467486 0.080164 0.015896
4 0.511261 0.239884 0.030030 0.057803
1 0.511261 0.854046 0.022523 0.043353
11 0.511261 0.886561 0.062645 0.015896
1 0.511261 0.658960 0.022523 0.043353
11 0.511261 0.691474 0.108301 0.015896
3 0.616366 0.658960 0.075075 0.115607
11 0.616366 0.656069 0.051544 0.034682
4 0.717718 0.658960 0.030030 0.057803
11 0.782937 0.682803 0.114672 0.017341
3 0.796547 0.854046 0.075075 0.115607
11 0.796547 0.851156 0.059073 0.034682
2 0.893393 0.854046 0.021021 0.040462
11 0.893393 0.885116 0.096622 0.015896
4 0.717718 0.854046 0.030030 0.057803
13 0.100225 0.339595 0.059309 0.014451
13 0.227853 0.340035 0.051802 0.014451
13 0.381944 0.275650 0.231607 0.075867
11 0.257132 0.282969 0.009009 0.032329
13 0.700826 0.239884 0.096847 0.014451
13 0.417042 0.435415 0.047297 0.014451
13 0.484610 0.435311 0.033784 0.014451
13 0.552553 0.240325 0.055556 0.014451
13 0.511443 0.341040 0.007508 0.150289
13 0.293731 0.401734 0.055180 0.072254
11 0.257132 0.349133 0.009009 0.015607
13 0.477290 0.658960 0.048423 0.395954
13 0.477290 0.561416 0.048423 0.200867
13 0.550676 0.658960 0.059309 0.014451
13 0.678303 0.659399 0.051802 0.014451
13 0.621396 0.449422 0.198649 0.367052
11 0.707855 0.610808 0.009096 0.015793
13 0.858483 0.854046 0.051802 0.014451
13 0.718093 0.756503 0.007508 0.143064
11 0.707583 0.659579 0.009009 0.033443
13 0.612613 0.854400 0.183183 0.014451
13 0.745871 0.854513 0.029279 0.014451
