8 0.500073 0.499898 0.991369 0.971693
4 0.217575 0.440281 0.029261 0.093677
11 0.259962 0.484192 0.104117 0.059719
3 0.272545 0.194379 0.073153 0.187354
11 0.272545 0.205504 0.090574 0.179157
2 0.460452 0.711944 0.020483 0.065574
11 0.460452 0.767125 0.208729 0.054742
3 0.349460 0.711944 0.073153 0.187354
11 0.349460 0.717799 0.054175 0.119438
3 0.128749 0.440281 0.073153 0.187354
11 0.128749 0.446136 0.086341 0.119438
3 0.440856 0.440281 0.073153 0.187354
11 0.440856 0.446136 0.072798 0.119438
3 0.712153 0.440281 0.073153 0.187354
11 0.712153 0.446136 0.075337 0.119438
4 0.796279 0.440281 0.029261 0.093677
11 0.859828 0.484192 0.167604 0.059719
3 0.796279 0.194379 0.073153 0.187354
11 0.796279 0.200234 0.086341 0.119438
1 0.653210 0.094338 0.021946 0.070258
11 0.653210 0.151861 0.162172 0.054742
1 0.514585 0.440281 0.021946 0.070258
11 0.514585 0.497804 0.113288 0.054742
1 0.614805 0.440281 0.021946 0.070258
11 0.614805 0.497804 0.085354 0.054742
0 0.048281 0.440281 0.021946 0.070258
3 0.395158 0.194379 0.073153 0.187354
11 0.395158 0.194965 0.089727 0.059719
3 0.796279 0.711944 0.073153 0.187354
11 0.796279 0.717799 0.054175 0.119438
2 0.876016 0.783882 0.020483 0.065574
11 0.876016 0.839064 0.218816 0.054742
2 0.876016 0.194379 0.020483 0.065574
11 0.876016 0.249561 0.080698 0.054742
13 0.265412 0.599532 0.097870 0.234192
11 0.207699 0.451448 0.017557 0.115172
13 0.418124 0.711944 0.067100 0.023419
13 0.184135 0.441008 0.040545 0.023419
13 0.376870 0.529274 0.057745 0.187354
13 0.549333 0.340749 0.050475 0.208431
13 0.490522 0.440281 0.029106 0.023419
13 0.588470 0.340749 0.033650 0.208431
13 0.650677 0.440281 0.052725 0.023419
13 0.765189 0.441016 0.035845 0.023419
13 0.796496 0.340749 0.007315 0.114754
11 0.815525 0.357868 0.017637 0.115454
13 0.614805 0.144944 0.057791 0.110580
13 0.711943 0.144359 0.098446 0.109409
13 0.226954 0.293911 0.020954 0.208431
11 0.207699 0.366803 0.017557 0.053747
13 0.075713 0.440281 0.035845 0.023419
13 0.333851 0.194379 0.052387 0.023419
13 0.494923 0.195036 0.129303 0.023419
13 0.849315 0.747913 0.035845 0.081306
13 0.796494 0.552693 0.007315 0.140515
11 0.786299 0.460579 0.017591 0.054005
13 0.849315 0.194379 0.035845 0.023419
