0 0.038491 0.107728 0.023095 0.070258
11 0.038491 0.165252 0.202507 0.054742
3 0.180908 0.107728 0.076982 0.187354
11 0.180908 0.113583 0.102441 0.119438
4 0.269438 0.107728 0.030793 0.093677
11 0.270208 0.033372 0.102441 0.059719
3 0.839107 0.107728 0.076982 0.187354
11 0.839107 0.113583 0.057011 0.119438
1 0.662048 0.337237 0.023095 0.070258
11 0.658199 0.240193 0.102070 0.054742
1 0.662048 0.892272 0.023095 0.070258
11 0.635104 0.823331 0.170662 0.054742
3 0.746728 0.337237 0.076982 0.187354
11 0.746728 0.343091 0.065028 0.119438
1 0.662048 0.611241 0.023095 0.070258
11 0.662818 0.549327 0.093088 0.054742
3 0.746728 0.611241 0.076982 0.187354
11 0.746728 0.617096 0.086407 0.119438
4 0.839107 0.611241 0.030793 0.093677
11 0.895645 0.611827 0.109568 0.059719
3 0.839107 0.892272 0.076982 0.187354
11 0.839107 0.903396 0.095315 0.179157
2 0.949962 0.107728 0.021555 0.065574
11 0.950731 0.048156 0.137182 0.054742
2 0.962279 0.892272 0.021555 0.065574
11 0.963048 0.832699 0.145348 0.054742
3 0.469592 0.337237 0.076982 0.187354
11 0.469592 0.348361 0.097097 0.179157
1 0.327175 0.337237 0.023095 0.070258
11 0.337952 0.289374 0.160046 0.054742
13 0.236721 0.108463 0.037721 0.023419
13 0.542725 0.108338 0.518861 0.023419
11 0.299587 0.081328 0.026466 0.059794
13 0.096228 0.107728 0.095458 0.023419
13 0.608160 0.337804 0.087760 0.023419
13 0.600654 0.638173 0.102771 0.517564
13 0.690916 0.337237 0.037721 0.023419
13 0.600654 0.497658 0.102771 0.236534
13 0.812163 0.269321 0.056967 0.145199
13 0.690916 0.611241 0.037721 0.023419
13 0.804465 0.611970 0.041570 0.023419
13 0.839317 0.382904 0.007698 0.372365
11 0.859448 0.538376 0.018494 0.050046
13 0.839335 0.728337 0.007698 0.149883
11 0.828592 0.623072 0.018547 0.111581
13 0.737105 0.892272 0.130100 0.023419
13 0.908391 0.107728 0.064665 0.023419
13 0.914550 0.892272 0.076982 0.023419
13 0.292725 0.246322 0.048884 0.192879
11 0.259045 0.128492 0.018476 0.049908
13 0.521555 0.337986 0.030023 0.023419
13 0.384911 0.337237 0.095458 0.023419
