3 0.152167 0.033333 0.054333 0.026667
3 0.053333 0.033333 0.033333 0.026667
4 0.096667 0.033333 0.013333 0.013333
3 0.514167 0.068333 0.033333 0.026667
2 0.555500 0.068333 0.009333 0.009333
0 0.018333 0.033333 0.010000 0.010000
3 0.211000 0.033333 0.033333 0.026667
1 0.282500 0.033333 0.010000 0.010000
1 0.282500 0.068333 0.010000 0.010000
1 0.282500 0.115000 0.010000 0.010000
3 0.338333 0.033333 0.033333 0.026667
4 0.462500 0.068333 0.013333 0.013333
3 0.395833 0.068333 0.033333 0.026667
3 0.338333 0.115000 0.046000 0.026667
4 0.395833 0.115667 0.013333 0.013333
4 0.434167 0.068402 0.013333 0.013333
