0 0.033620 0.084229 0.023456 0.053763
11 0.033620 0.128248 0.140986 0.041891
3 0.150899 0.084229 0.078186 0.143369
11 0.150899 0.092742 0.094091 0.137097
3 0.438624 0.084229 0.114152 0.143369
11 0.438624 0.088710 0.142042 0.091398
4 0.258796 0.084229 0.031274 0.071685
11 0.304099 0.117832 0.111281 0.045699
2 0.258796 0.431900 0.021892 0.050179
3 0.258796 0.263441 0.078186 0.143369
11 0.258796 0.267921 0.064235 0.091398
3 0.801407 0.082437 0.078186 0.143369
11 0.801407 0.086918 0.066045 0.091398
3 0.899140 0.082437 0.078186 0.143369
11 0.899140 0.086918 0.064235 0.091398
2 0.984363 0.082437 0.021892 0.050179
4 0.635653 0.082437 0.031274 0.071685
11 0.691813 0.116039 0.143851 0.045699
1 0.567631 0.084229 0.023456 0.053763
11 0.567631 0.128248 0.112789 0.041891
3 0.635653 0.510753 0.078186 0.143369
11 0.635653 0.515233 0.080520 0.091398
4 0.635653 0.281362 0.031274 0.071685
11 0.680655 0.314964 0.110376 0.045699
3 0.635653 0.917563 0.078186 0.143369
11 0.635653 0.922043 0.064235 0.091398
4 0.635653 0.693548 0.031274 0.071685
11 0.724684 0.727151 0.242466 0.045699
2 0.720876 0.917563 0.021892 0.050179
3 0.882721 0.693548 0.078186 0.143369
11 0.882721 0.698029 0.099520 0.091398
13 0.078577 0.084229 0.069586 0.017921
13 0.216575 0.084773 0.056294 0.017921
13 0.327991 0.084229 0.110242 0.017921
11 0.284538 0.063172 0.017826 0.045699
13 0.258932 0.155914 0.007819 0.078853
11 0.247990 0.092921 0.018914 0.088508
13 0.258796 0.370968 0.007819 0.078853
13 0.850274 0.082437 0.022674 0.017921
13 0.955825 0.082437 0.038311 0.017921
13 0.706802 0.082950 0.114152 0.017921
11 0.661707 0.062145 0.017849 0.045796
13 0.525801 0.084229 0.063331 0.017921
13 0.599687 0.083810 0.043784 0.017921
13 0.636044 0.181900 0.007819 0.134409
11 0.625098 0.090982 0.018765 0.088134
13 0.635880 0.378136 0.007819 0.129032
11 0.624998 0.296888 0.018798 0.041308
13 0.635886 0.620072 0.007819 0.082437
13 0.635881 0.787634 0.007819 0.123656
11 0.624995 0.709076 0.018798 0.041312
13 0.692338 0.917563 0.038311 0.017921
13 0.767005 0.452061 0.234558 0.346774
11 0.666592 0.261201 0.027477 0.045699
13 0.747459 0.694040 0.195465 0.017921
11 0.666552 0.673288 0.027492 0.045839
