8 0.500000 0.500000 0.987435 0.963415
1 0.069110 0.246951 0.031414 0.091463
3 0.168586 0.246951 0.104712 0.243902
4 0.294241 0.246951 0.041885 0.121951
3 0.451309 0.246951 0.104712 0.243902
2 0.979058 0.246951 0.029319 0.085366
3 0.702618 0.246951 0.104712 0.243902
4 0.686911 0.521341 0.041885 0.121951
2 0.686911 0.792683 0.029319 0.085366
3 0.875393 0.246951 0.104712 0.243902
12 0.100524 0.246951 0.035602 0.030488
12 0.247120 0.246951 0.056545 0.030488
12 0.358115 0.245427 0.090052 0.030488
12 0.521466 0.246951 0.039791 0.030488
12 0.787435 0.246951 0.069110 0.030488
12 0.616230 0.246951 0.072251 0.030488
12 0.613874 0.415396 0.108377 0.227134
12 0.500000 0.400915 0.101571 0.246951
12 0.687435 0.664634 0.010471 0.176829
12 0.587435 0.123476 0.588482 0.143293
12 0.790052 0.446503 0.170681 0.155774
12 0.946073 0.246951 0.040838 0.030488
