8 0.500000 0.500000 0.988338 0.989822
9 0.514577 0.191688 0.959184 0.373198
9 0.514577 0.686599 0.959184 0.616624
0 0.064140 0.077184 0.029155 0.025445
3 0.258503 0.077184 0.097182 0.067854
3 0.258503 0.255301 0.097182 0.067854
5 0.389699 0.255301 0.038873 0.033927
0 0.501458 0.255301 0.029155 0.025445
3 0.943635 0.331637 0.097182 0.067854
2 0.923226 0.077184 0.027211 0.023749
4 0.870748 0.225615 0.038873 0.033927
3 0.754130 0.140797 0.097182 0.067854
3 0.754130 0.225615 0.097182 0.067854
1 0.389699 0.463104 0.029155 0.025445
4 0.608358 0.463104 0.038873 0.033927
13 0.144315 0.077184 0.135083 0.008482
13 0.258503 0.166243 0.009718 0.113656
13 0.608358 0.077184 0.606414 0.008482
13 0.338678 0.255559 0.067055 0.008482
13 0.448494 0.255725 0.082604 0.008482
13 0.389937 0.361323 0.009718 0.181510
13 0.901474 0.270144 0.041687 0.058524
13 0.898193 0.148855 0.045659 0.122986
13 0.669518 0.207729 0.087334 0.069403
13 0.856171 0.102410 0.110787 0.043608
13 0.496599 0.463311 0.188533 0.008482
13 0.608844 0.359203 0.009718 0.177269
13 0.932546 0.193384 0.020622 0.212044
13 0.639532 0.367897 0.056214 0.194656
13 0.552478 0.255503 0.076774 0.008482
13 0.761419 0.290321 0.271137 0.063990
13 0.827017 0.225879 0.052478 0.008482
13 0.666667 0.243742 0.081633 0.019505
11 0.020019 0.500000 0.013605 0.073540
11 0.049174 0.686599 0.013605 0.099860
11 0.049174 0.191688 0.013605 0.059685
11 0.134531 0.038253 0.082472 0.032570
11 0.258503 0.076845 0.083293 0.024088
11 0.258503 0.254962 0.079531 0.036302
11 0.502164 0.280322 0.055834 0.021374
11 0.945100 0.331298 0.072066 0.024088
11 0.754130 0.140458 0.055749 0.024088
11 0.755592 0.225276 0.069667 0.024088
11 0.390443 0.488126 0.048135 0.021374
11 0.244685 0.100848 0.009293 0.010178
11 0.325946 0.065225 0.020211 0.010178
11 0.921033 0.194148 0.059754 0.010178
11 0.873300 0.161917 0.047863 0.010178
11 0.647473 0.184818 0.078231 0.010178
11 0.434656 0.451145 0.041323 0.010178
11 0.595117 0.385835 0.060982 0.010178
11 0.658505 0.451993 0.041986 0.010178
11 0.530286 0.231128 0.069318 0.021374
11 0.727299 0.295081 0.070730 0.010178
11 0.648103 0.215861 0.063943 0.021374
