8 0.500000 0.500000 0.991323 0.982456
11 0.033984 0.524107 0.017354 0.273214
3 0.441793 0.505848 0.072307 0.116959
11 0.441793 0.512792 0.083669 0.111842
2 0.896602 0.505848 0.020246 0.040936
11 0.896602 0.540296 0.098939 0.034174
2 0.907448 0.852339 0.020246 0.040936
11 0.907448 0.886787 0.098939 0.034174
0 0.101952 0.204678 0.021692 0.043860
11 0.101952 0.240588 0.089735 0.034174
3 0.192336 0.204678 0.072307 0.116959
11 0.192336 0.205044 0.090363 0.037281
4 0.279103 0.204678 0.028923 0.058480
11 0.283442 0.117325 0.137217 0.037281
5 0.355025 0.204678 0.028923 0.058480
3 0.441793 0.131579 0.072307 0.116959
11 0.441793 0.138523 0.089526 0.111842
4 0.608098 0.131579 0.028923 0.058480
11 0.605206 0.042763 0.111280 0.037281
3 0.691251 0.131579 0.072307 0.116959
11 0.691251 0.131944 0.091199 0.037281
3 0.691251 0.342105 0.072307 0.116959
11 0.691251 0.345760 0.074465 0.074561
4 0.792480 0.342105 0.028923 0.058480
11 0.798265 0.272295 0.087016 0.037281
2 0.925524 0.131579 0.020246 0.040936
11 0.929140 0.057840 0.098939 0.034174
5 0.528561 0.131579 0.028923 0.058480
4 0.861171 0.131579 0.028923 0.058480
1 0.861171 0.342105 0.021692 0.043860
11 0.861171 0.378015 0.174101 0.034174
12 0.608098 0.238304 0.072307 0.073099
11 0.598544 0.240497 0.071119 0.074561
13 0.134490 0.204678 0.046276 0.014620
13 0.246565 0.205133 0.039046 0.014620
13 0.380513 0.153509 0.053145 0.049708
13 0.380513 0.369883 0.053145 0.277778
13 0.317064 0.204678 0.049892 0.014620
11 0.302910 0.187500 0.016486 0.037281
13 0.638829 0.132042 0.035430 0.014620
11 0.631867 0.114936 0.015966 0.037416
13 0.591468 0.240276 0.040492 0.014620
13 0.632683 0.251462 0.047722 0.187135
13 0.752711 0.342548 0.053507 0.014620
13 0.839660 0.438596 0.096529 0.140351
11 0.782719 0.355067 0.017354 0.031156
13 0.588576 0.542987 0.620390 0.623986
11 0.269704 0.211270 0.017354 0.069502
13 0.496023 0.132034 0.039046 0.014620
13 0.503435 0.333333 0.053868 0.350877
13 0.568330 0.132310 0.053507 0.014620
13 0.828633 0.342453 0.046276 0.014620
13 0.861346 0.240497 0.007231 0.165205
13 0.894071 0.130117 0.039769 0.014620
13 0.787057 0.130869 0.122198 0.014620
