8 0.500014 0.500000 0.992494 0.980519
11 0.010672 0.524420 0.015066 0.276763
0 0.060264 0.212662 0.018832 0.048701
11 0.060264 0.264813 0.069249 0.075893
3 0.129316 0.212662 0.062775 0.129870
11 0.129316 0.213068 0.053027 0.041396
2 0.863151 0.909091 0.017577 0.045455
11 0.863151 0.959619 0.042615 0.075893
3 0.286252 0.212662 0.062775 0.129870
11 0.286252 0.216721 0.065375 0.082792
3 0.286252 0.391234 0.062775 0.129870
11 0.286252 0.395292 0.041404 0.082792
3 0.377276 0.391234 0.062775 0.129870
11 0.377276 0.398945 0.066828 0.124188
3 0.468299 0.391234 0.062775 0.129870
11 0.468299 0.398945 0.072639 0.124188
4 0.212178 0.211039 0.025110 0.064935
3 0.559322 0.391234 0.062775 0.129870
11 0.559322 0.395292 0.062470 0.082792
4 0.631513 0.391234 0.025110 0.064935
3 0.766478 0.391234 0.062775 0.129870
11 0.766478 0.395292 0.053027 0.082792
1 0.681733 0.561688 0.018832 0.048701
11 0.681733 0.613839 0.062591 0.075893
4 0.766478 0.561688 0.025110 0.064935
11 0.767106 0.510146 0.075545 0.041396
3 0.766478 0.764610 0.062775 0.129870
11 0.766478 0.772321 0.059564 0.124188
1 0.681733 0.764610 0.018832 0.048701
11 0.681733 0.816761 0.085230 0.075893
4 0.863151 0.764610 0.025110 0.064935
13 0.083804 0.212662 0.030760 0.016234
13 0.180163 0.212166 0.041431 0.016234
13 0.239799 0.212151 0.032643 0.016234
13 0.233679 0.317370 0.044884 0.154221
13 0.331764 0.391234 0.030760 0.016234
13 0.422787 0.391234 0.030760 0.016234
13 0.513810 0.391234 0.030760 0.016234
13 0.604834 0.391743 0.030760 0.016234
13 0.689579 0.391697 0.093534 0.016234
11 0.652432 0.372855 0.014330 0.041483
13 0.658192 0.562071 0.030760 0.016234
13 0.631827 0.476461 0.006277 0.112013
11 0.623038 0.398974 0.015066 0.079835
13 0.722536 0.562078 0.065286 0.016234
13 0.766661 0.646916 0.006277 0.112013
11 0.757906 0.569492 0.015124 0.080001
13 0.652072 0.679383 0.043001 0.176948
13 0.713120 0.764610 0.046453 0.016234
13 0.590543 0.472403 0.548318 0.525974
13 0.824231 0.765094 0.055242 0.016234
13 0.821223 0.647321 0.086891 0.176136
11 0.787445 0.543425 0.014313 0.041396
13 0.830651 0.561688 0.068083 0.347403
13 0.863298 0.841721 0.006277 0.095779
