8 0.500000 0.500000 0.989474 0.978723
11 0.014912 0.526928 0.021053 0.305186
0 0.071053 0.542553 0.026316 0.053191
11 0.071930 0.459109 0.072575 0.290115
3 0.364912 0.542553 0.087719 0.141844
11 0.364912 0.550975 0.099474 0.135638
1 0.465789 0.542553 0.026316 0.053191
1 0.557895 0.799645 0.026316 0.053191
11 0.557895 0.856605 0.093045 0.082890
3 0.667544 0.799645 0.087719 0.141844
11 0.667544 0.808067 0.108609 0.135638
1 0.557895 0.542553 0.026316 0.053191
11 0.557895 0.599512 0.107002 0.082890
1 0.557895 0.382979 0.026316 0.053191
11 0.557895 0.426529 0.106071 0.041445
2 0.833333 0.542553 0.024561 0.049645
11 0.833333 0.597739 0.095836 0.082890
3 0.667544 0.382979 0.087719 0.141844
11 0.667544 0.387411 0.090338 0.090426
4 0.785965 0.382979 0.035088 0.070922
11 0.786842 0.456560 0.090338 0.090426
3 0.785965 0.134752 0.087719 0.141844
11 0.785965 0.147163 0.088308 0.180851
4 0.833333 0.799645 0.035088 0.070922
11 0.834211 0.746454 0.148195 0.180851
3 0.180702 0.542553 0.087719 0.141844
11 0.180702 0.546986 0.084248 0.090426
4 0.272807 0.542553 0.035088 0.070922
11 0.273684 0.479610 0.077143 0.090426
3 0.667544 0.542553 0.087719 0.141844
11 0.667544 0.546986 0.074098 0.090426
13 0.430702 0.542553 0.047368 0.017730
13 0.597368 0.799645 0.056140 0.017730
13 0.511842 0.542553 0.069298 0.017730
13 0.505263 0.449468 0.082456 0.140071
13 0.510088 0.684397 0.072807 0.237589
13 0.597368 0.382979 0.056140 0.017730
13 0.739912 0.383518 0.060526 0.017730
13 0.818421 0.450798 0.033333 0.140957
11 0.814925 0.363032 0.019323 0.045213
13 0.786215 0.276596 0.008772 0.148936
11 0.809086 0.320992 0.021122 0.084450
13 0.866667 0.338652 0.077193 0.414894
13 0.763596 0.800158 0.107895 0.017730
13 0.239912 0.543120 0.034211 0.017730
13 0.305702 0.543126 0.034211 0.017730
11 0.301631 0.522347 0.019374 0.045393
13 0.553289 0.603723 0.563596 0.079787
11 0.260965 0.551434 0.021053 0.084290
13 0.646711 0.738475 0.377632 0.345745
13 0.880263 0.449025 0.104386 0.710106
13 0.110526 0.542553 0.056140 0.017730
13 0.597368 0.542553 0.056140 0.017730
13 0.766228 0.542553 0.113158 0.017730
