8 0.500036 0.499837 0.992289 0.981896
3 0.183528 0.145185 0.064851 0.118519
4 0.258106 0.145185 0.025940 0.059259
2 0.733598 0.145185 0.018158 0.041481
3 0.258106 0.300741 0.064851 0.118519
3 0.258106 0.499259 0.064851 0.118519
1 0.389853 0.300741 0.019455 0.044444
3 0.638904 0.145185 0.064851 0.118519
3 0.489747 0.499259 0.064851 0.118519
4 0.564326 0.499259 0.025940 0.059259
1 0.389853 0.499259 0.019455 0.044444
3 0.564326 0.689879 0.064851 0.118519
0 0.080496 0.145185 0.019455 0.044444
1 0.389853 0.689879 0.019455 0.044444
12 0.120663 0.145185 0.063473 0.014815
12 0.230545 0.145650 0.031777 0.014815
12 0.258300 0.208148 0.006485 0.072593
12 0.697924 0.145185 0.055783 0.014815
12 0.625934 0.447162 0.060960 0.491360
12 0.258106 0.400000 0.006485 0.085926
12 0.307767 0.499905 0.037064 0.014815
12 0.365534 0.499609 0.031777 0.014815
12 0.428451 0.499259 0.060336 0.014815
12 0.536764 0.499724 0.031777 0.014815
12 0.359211 0.609384 0.044423 0.166916
12 0.359211 0.385185 0.044423 0.174815
12 0.511136 0.252593 0.225705 0.102222
12 0.465740 0.689879 0.134914 0.014815
12 0.599994 0.352222 0.047990 0.301481
12 0.564514 0.579754 0.006485 0.107656
12 0.438778 0.145185 0.337996 0.014815
