8 0.500376 0.500631 0.990475 0.980757
11 0.013834 0.500631 0.009486 0.126543
3 0.201368 0.116416 0.079051 0.126183
11 0.201368 0.113261 0.065251 0.037855
1 0.460657 0.321463 0.023715 0.047319
11 0.460657 0.274933 0.051988 0.017350
4 0.292672 0.116416 0.031621 0.063091
11 0.293463 0.062788 0.039639 0.018927
3 0.292672 0.613261 0.079051 0.126183
11 0.292672 0.610106 0.056104 0.056782
1 0.460657 0.825406 0.023715 0.047319
11 0.460657 0.860895 0.055901 0.017350
3 0.578443 0.321463 0.079051 0.126183
11 0.578443 0.318308 0.044517 0.056782
3 0.578443 0.613261 0.079051 0.126183
11 0.578443 0.610106 0.054274 0.037855
4 0.686348 0.613261 0.031621 0.063091
11 0.687139 0.559633 0.109159 0.018927
3 0.686348 0.825406 0.079051 0.126183
11 0.686348 0.822252 0.049396 0.037855
1 0.461052 0.613261 0.023715 0.047319
11 0.461052 0.566731 0.115714 0.017350
0 0.088325 0.116416 0.023715 0.047319
11 0.100973 0.068308 0.089441 0.017350
4 0.825083 0.321463 0.031621 0.063091
3 0.825083 0.116416 0.079051 0.126183
11 0.825083 0.113261 0.039029 0.037855
2 0.920856 0.116416 0.022134 0.044164
11 0.920856 0.071463 0.093913 0.017350
13 0.131012 0.116416 0.064822 0.015773
13 0.418957 0.735106 0.062846 0.186908
13 0.418957 0.451589 0.062846 0.266562
13 0.258878 0.116910 0.039130 0.015773
13 0.352554 0.613751 0.043874 0.015773
13 0.505716 0.321463 0.069565 0.015773
13 0.426862 0.613638 0.047826 0.015773
13 0.505913 0.613261 0.069170 0.015773
13 0.644253 0.613740 0.055731 0.015773
13 0.292883 0.349065 0.007905 0.408517
11 0.281959 0.126845 0.009500 0.017065
13 0.760771 0.483529 0.120386 0.267350
11 0.712751 0.591968 0.008538 0.018927
13 0.776902 0.589207 0.105217 0.478707
13 0.686576 0.703561 0.007905 0.123817
11 0.675562 0.613982 0.009554 0.036573
13 0.559668 0.825406 0.177470 0.015773
13 0.713621 0.321894 0.194466 0.015773
13 0.547020 0.116828 0.480237 0.015773
13 0.825311 0.234712 0.007905 0.116719
13 0.887199 0.116416 0.048342 0.015773
