0 0.053261 0.069173 0.032609 0.045113
11 0.053261 0.106109 0.221366 0.035150
4 0.221739 0.069173 0.043478 0.060150
3 0.384783 0.069173 0.108696 0.120301
11 0.384783 0.072932 0.134581 0.076692
3 0.221739 0.287218 0.108696 0.120301
11 0.221739 0.290977 0.080497 0.076692
1 0.542391 0.069173 0.032609 0.045113
11 0.542391 0.106109 0.186778 0.035150
3 0.678261 0.069173 0.108696 0.120301
11 0.678261 0.072932 0.128292 0.076692
4 0.808696 0.069173 0.043478 0.060150
3 0.939130 0.069173 0.108696 0.120301
11 0.939130 0.072932 0.108168 0.076692
4 0.803261 0.069173 0.043478 0.060150
1 0.384783 0.287218 0.032609 0.045113
3 0.384783 0.445113 0.108696 0.120301
11 0.384783 0.448872 0.111941 0.076692
4 0.384783 0.640602 0.043478 0.060150
7 0.384783 0.828571 0.108696 0.120301
11 0.384783 0.832331 0.080497 0.076692
7 0.613043 0.445113 0.108696 0.120301
11 0.613043 0.452256 0.137096 0.115038
7 0.678261 0.242105 0.108696 0.120301
11 0.678261 0.249248 0.137096 0.115038
2 0.384783 0.969925 0.030435 0.042105
3 0.140217 0.069173 0.108696 0.120301
11 0.140217 0.069549 0.069177 0.038346
13 0.286957 0.069626 0.091304 0.015038
11 0.257506 0.052102 0.023988 0.038453
13 0.222049 0.163158 0.010870 0.133835
11 0.206920 0.076756 0.026171 0.071620
13 0.482609 0.069173 0.091304 0.015038
13 0.591304 0.069173 0.069565 0.015038
13 0.857609 0.069645 0.058696 0.015038
13 0.759783 0.069641 0.058696 0.015038
13 0.757065 0.069645 0.053261 0.015038
11 0.747840 0.051934 0.024839 0.038495
13 0.384783 0.196992 0.010870 0.141353
13 0.384783 0.347368 0.010870 0.081203
13 0.385099 0.719549 0.010870 0.103759
13 0.385095 0.557895 0.010870 0.111278
11 0.413298 0.482185 0.026193 0.081494
13 0.498913 0.445113 0.123913 0.015038
13 0.678261 0.155639 0.010870 0.058647
11 0.663043 0.107532 0.026087 0.071488
13 0.384783 0.918797 0.010870 0.066165
13 0.197283 0.069696 0.010870 0.015038
