8 0.500000 0.499757 0.989975 0.976214
11 0.014202 0.525596 0.020050 0.292843
11 0.039265 0.529248 0.020050 0.334223
0 0.080201 0.157282 0.025063 0.058252
11 0.090226 0.072087 0.109882 0.090777
3 0.147034 0.477670 0.083542 0.155340
11 0.147034 0.478155 0.104404 0.049515
4 0.226399 0.477670 0.033417 0.077670
11 0.229741 0.579612 0.058969 0.099029
3 0.401838 0.372816 0.083542 0.155340
11 0.401838 0.377670 0.113104 0.099029
3 0.401838 0.594175 0.083542 0.155340
11 0.401838 0.599029 0.096670 0.099029
5 0.303086 0.483139 0.033417 0.077670
3 0.401838 0.168932 0.083542 0.155340
11 0.401838 0.173786 0.061869 0.099029
3 0.848789 0.594175 0.083542 0.155340
11 0.848789 0.599029 0.070569 0.099029
1 0.570551 0.594175 0.025063 0.058252
11 0.570551 0.641869 0.041649 0.045388
2 0.514620 0.157282 0.023392 0.054369
11 0.514620 0.078762 0.031015 0.045388
1 0.570551 0.372816 0.025063 0.058252
11 0.570551 0.420510 0.085956 0.045388
2 0.748538 0.157282 0.023392 0.054369
11 0.739348 0.070995 0.031015 0.045388
3 0.657352 0.372816 0.083542 0.155340
11 0.657352 0.377670 0.093770 0.099029
2 0.915622 0.157282 0.023392 0.054369
11 0.913952 0.069053 0.031015 0.045388
4 0.748538 0.371689 0.033417 0.077670
11 0.748538 0.452272 0.058002 0.099029
3 0.657352 0.594175 0.083542 0.155340
11 0.657352 0.599029 0.088937 0.099029
4 0.748538 0.594175 0.033417 0.077670
11 0.748538 0.530583 0.062836 0.049515
5 0.468588 0.483139 0.033417 0.077670
2 0.850292 0.157282 0.023392 0.054369
11 0.850292 0.072937 0.031015 0.045388
3 0.850292 0.371689 0.083542 0.155340
11 0.850292 0.380913 0.098604 0.148544
2 0.748538 0.778932 0.023392 0.054369
11 0.748538 0.824684 0.031015 0.045388
13 0.199248 0.477670 0.024227 0.019417
13 0.331565 0.567783 0.059465 0.099385
13 0.332498 0.408560 0.058480 0.079255
13 0.093150 0.332039 0.027569 0.299029
13 0.473684 0.155340 0.061821 0.019417
13 0.456307 0.408560 0.028739 0.079255
13 0.456307 0.558074 0.028739 0.079968
13 0.498914 0.484110 0.030576 0.019417
13 0.543839 0.558074 0.031704 0.079968
13 0.599332 0.594175 0.035840 0.019417
13 0.715476 0.372717 0.036048 0.019417
13 0.715476 0.594791 0.036048 0.019417
13 0.599332 0.372816 0.035840 0.019417
13 0.543900 0.408560 0.031581 0.079255
13 0.903091 0.389320 0.028404 0.417476
13 0.850292 0.239243 0.008354 0.117320
13 0.264743 0.481197 0.046611 0.019417
11 0.253467 0.481683 0.019048 0.049515
13 0.293651 0.303883 0.136174 0.277670
11 0.210049 0.406621 0.029359 0.049515
13 0.749373 0.258660 0.008354 0.156155
11 0.737132 0.283192 0.019048 0.049515
13 0.786884 0.372297 0.046617 0.019417
11 0.781485 0.349568 0.029400 0.049908
13 0.786132 0.594784 0.045113 0.019417
11 0.781483 0.572049 0.029401 0.049914
13 0.748735 0.692379 0.008354 0.126505
11 0.736508 0.691270 0.019048 0.049515
