8 0.500009 0.499700 0.988006 0.982033
0 0.096096 0.073806 0.030030 0.043415
3 0.206206 0.073806 0.100100 0.115774
4 0.206206 0.211288 0.040040 0.057887
3 0.838839 0.211288 0.100100 0.115774
3 0.206206 0.353111 0.100100 0.115774
3 0.206206 0.499356 0.100100 0.115774
1 0.206206 0.624714 0.030030 0.043415
3 0.206206 0.747724 0.100100 0.115774
1 0.420505 0.574709 0.030030 0.043415
1 0.420505 0.747724 0.030030 0.043415
1 0.420477 0.894521 0.030030 0.043415
3 0.578579 0.574709 0.100100 0.115774
3 0.578579 0.747724 0.100100 0.115774
3 0.838839 0.894521 0.100100 0.115774
2 0.687688 0.747724 0.028028 0.040521
2 0.947948 0.894521 0.028028 0.040521
4 0.732276 0.574709 0.040040 0.057887
4 0.732276 0.211288 0.040040 0.057887
4 0.732276 0.894521 0.040040 0.057887
2 0.947948 0.211288 0.028028 0.040521
12 0.133634 0.073806 0.049049 0.014472
12 0.206508 0.157019 0.010010 0.056440
12 0.469241 0.212012 0.490034 0.014472
12 0.206509 0.267728 0.010010 0.060781
12 0.206206 0.426234 0.010010 0.036259
12 0.206206 0.668129 0.010010 0.049204
12 0.371163 0.646293 0.072657 0.150764
12 0.380923 0.748067 0.053138 0.014472
12 0.371149 0.835622 0.072629 0.123697
12 0.482024 0.574709 0.097013 0.014472
12 0.482024 0.747724 0.097013 0.014472
12 0.573874 0.894876 0.280768 0.014472
12 0.651151 0.747724 0.049049 0.014472
12 0.911411 0.894521 0.049049 0.014472
12 0.670442 0.575140 0.087631 0.014472
12 0.770542 0.211754 0.040497 0.014472
12 0.732776 0.392998 0.010010 0.311323
12 0.770542 0.894987 0.040497 0.014472
12 0.732776 0.734615 0.010010 0.267714
12 0.911411 0.211288 0.049049 0.014472
12 0.206206 0.580125 0.010010 0.051552
12 0.286286 0.748168 0.064064 0.014472
