0 0.038772 0.187755 0.024233 0.122449
11 0.038772 0.279592 0.066830 0.044898
3 0.151858 0.187755 0.080775 0.326531
11 0.151858 0.179592 0.067297 0.048980
3 0.394184 0.187755 0.080775 0.326531
11 0.394184 0.179592 0.066674 0.146939
4 0.244750 0.187755 0.032310 0.163265
11 0.280649 0.255102 0.054835 0.048980
3 0.551696 0.187755 0.080775 0.326531
11 0.551696 0.179592 0.062312 0.146939
2 0.538772 0.800000 0.022617 0.114286
11 0.538772 0.887755 0.086251 0.044898
1 0.765751 0.187755 0.024233 0.122449
11 0.765751 0.279592 0.049123 0.044898
3 0.394184 0.800000 0.080775 0.326531
11 0.394184 0.791837 0.044242 0.097959
3 0.868336 0.187755 0.080775 0.326531
11 0.868336 0.179592 0.044242 0.097959
2 0.970113 0.187755 0.022617 0.114286
11 0.970113 0.275510 0.086251 0.044898
1 0.765751 0.595918 0.024233 0.122449
11 0.765751 0.687755 0.109099 0.044898
13 0.081179 0.183673 0.060582 0.040816
13 0.211228 0.185746 0.037964 0.040816
13 0.307754 0.183673 0.095315 0.040816
11 0.272536 0.126531 0.008724 0.048980
13 0.473344 0.185693 0.079160 0.040816
13 0.621365 0.183673 0.060178 0.040816
13 0.717892 0.189796 0.074717 0.040816
13 0.802908 0.187755 0.053312 0.040816
13 0.933764 0.187755 0.053312 0.040816
13 0.709408 0.430612 0.090868 0.371429
13 0.299475 0.546939 0.111874 0.571429
11 0.233845 0.189504 0.009693 0.094461
13 0.480210 0.800000 0.094507 0.040816
