8 0.500048 0.499933 0.990564 0.982009
9 0.511962 0.425595 0.966736 0.833333
9 0.511962 0.916600 0.966736 0.148676
0 0.088165 0.217262 0.023828 0.044643
3 0.211279 0.217262 0.079428 0.119048
4 0.302621 0.217262 0.031771 0.059524
3 0.500397 0.217262 0.079428 0.119048
2 0.302621 0.074405 0.022240 0.041667
1 0.573471 0.388393 0.023828 0.044643
3 0.687847 0.388393 0.079428 0.119048
2 0.802224 0.388393 0.022240 0.041667
1 0.573471 0.571429 0.023828 0.044643
3 0.687847 0.571429 0.079428 0.119048
4 0.802224 0.571429 0.031771 0.059524
3 0.687847 0.735119 0.079428 0.119048
5 0.386060 0.217262 0.031771 0.059524
3 0.386060 0.388393 0.079428 0.119048
2 0.611795 0.217262 0.022240 0.041667
1 0.573471 0.735119 0.023828 0.044643
2 0.687847 0.912202 0.022240 0.041667
12 0.135822 0.217262 0.074662 0.014881
12 0.268864 0.217729 0.038920 0.014881
12 0.302806 0.141369 0.007943 0.098214
12 0.759333 0.388393 0.066720 0.014881
12 0.616759 0.388393 0.065925 0.014881
12 0.616759 0.571429 0.065925 0.014881
12 0.756950 0.571877 0.061954 0.014881
12 0.531672 0.494792 0.062947 0.159226
12 0.687847 0.843006 0.007943 0.102679
12 0.344341 0.218006 0.054845 0.014881
12 0.386457 0.287946 0.007943 0.087798
12 0.455639 0.388840 0.062907 0.014881
12 0.431315 0.217561 0.061914 0.014881
12 0.570393 0.217262 0.063741 0.014881
12 0.539416 0.388746 0.047458 0.014881
12 0.531672 0.576637 0.062947 0.322917
12 0.616759 0.735119 0.065925 0.014881
12 0.802412 0.475446 0.007943 0.138393
12 0.765091 0.668155 0.078237 0.139881
