0 0.031050 0.481159 0.027397 0.086957
3 0.145205 0.481159 0.091324 0.231884
4 0.254795 0.481159 0.036530 0.115942
3 0.378082 0.481159 0.091324 0.231884
3 0.510502 0.481159 0.091324 0.231884
1 0.610959 0.147826 0.027397 0.086957
1 0.688584 0.481159 0.027397 0.086957
1 0.610959 0.785507 0.027397 0.086957
3 0.711416 0.147826 0.091324 0.231884
2 0.810959 0.147826 0.025571 0.081159
2 0.254795 0.857971 0.025571 0.081159
3 0.789041 0.481159 0.091324 0.231884
4 0.900000 0.481159 0.036530 0.115942
2 0.972146 0.481159 0.025571 0.081159
2 0.711416 0.785507 0.025571 0.081159
2 0.900000 0.785507 0.025571 0.081159
12 0.072146 0.481159 0.058447 0.028986
12 0.213699 0.482061 0.049315 0.028986
12 0.302740 0.482048 0.063014 0.028986
12 0.444292 0.481159 0.044749 0.028986
12 0.574429 0.482078 0.040183 0.028986
12 0.611176 0.307246 0.009132 0.243478
12 0.652055 0.481845 0.049315 0.028986
12 0.611177 0.640580 0.009132 0.214493
12 0.645205 0.147826 0.044749 0.028986
12 0.777626 0.147826 0.044749 0.028986
12 0.254795 0.678261 0.009132 0.289855
12 0.722831 0.481159 0.044749 0.028986
12 0.858219 0.482059 0.050685 0.028986
12 0.938813 0.481833 0.044749 0.028986
12 0.661644 0.785507 0.077626 0.028986
12 0.900216 0.642029 0.009132 0.217391
