8 0.500164 0.499692 0.990484 0.980894
9 0.512469 0.428814 0.965874 0.839137
9 0.512469 0.919260 0.965874 0.141757
0 0.091058 0.201849 0.024610 0.046225
3 0.251025 0.201849 0.082034 0.123267
4 0.345365 0.201849 0.032814 0.061633
3 0.447908 0.201849 0.082034 0.123267
2 0.345365 0.077042 0.022970 0.043143
1 0.585726 0.382897 0.024610 0.046225
3 0.661198 0.382897 0.082034 0.123267
4 0.755537 0.382897 0.032814 0.061633
3 0.794914 0.677966 0.082034 0.123267
1 0.585726 0.654854 0.024610 0.046225
1 0.585726 0.140986 0.024610 0.046225
3 0.675964 0.140986 0.082034 0.123267
3 0.794914 0.140986 0.082034 0.123267
2 0.898687 0.140986 0.022970 0.043143
13 0.156686 0.201849 0.109926 0.015408
13 0.310500 0.202333 0.040197 0.015408
13 0.384331 0.202329 0.048400 0.015408
13 0.345554 0.134823 0.008203 0.078582
13 0.501231 0.202347 0.027892 0.015408
13 0.551887 0.307781 0.046349 0.156394
13 0.609106 0.382897 0.025431 0.015408
13 0.720673 0.383380 0.040197 0.015408
13 0.551887 0.443760 0.046349 0.428351
13 0.783429 0.499615 0.026251 0.239599
13 0.675964 0.659342 0.159147 0.015408
13 0.551887 0.156009 0.046349 0.036210
13 0.616489 0.140986 0.040197 0.015408
13 0.735439 0.140986 0.040197 0.015408
13 0.861567 0.140986 0.054553 0.015408
13 0.861567 0.409476 0.054553 0.543143
13 0.775431 0.277350 0.042248 0.155624
11 0.041509 0.919877 0.023298 0.127955
11 0.041509 0.429122 0.011485 0.126950
11 0.117245 0.262712 0.062218 0.038829
11 0.251025 0.201233 0.067571 0.021572
11 0.447908 0.201233 0.061830 0.021572
11 0.586828 0.427581 0.054707 0.038829
11 0.662431 0.381510 0.058808 0.043760
11 0.794914 0.677350 0.053896 0.043760
11 0.585848 0.690139 0.042901 0.018490
11 0.585482 0.175501 0.070063 0.018490
11 0.675964 0.139599 0.071694 0.021572
11 0.794914 0.139599 0.053348 0.043760
11 0.900104 0.184129 0.062718 0.038829
11 0.384703 0.180123 0.031096 0.018490
11 0.315096 0.126194 0.052669 0.018490
11 0.802676 0.353621 0.043417 0.038829
11 0.744522 0.234052 0.053441 0.018490
