8 0.500000 0.500000 0.986014 0.983170
11 0.019814 0.500000 0.013986 0.061671
9 0.517483 0.816269 0.951049 0.350631
11 0.054779 0.816269 0.013986 0.059507
9 0.517483 0.324684 0.951049 0.632539
11 0.054779 0.324684 0.013986 0.085474
3 0.576923 0.779804 0.116550 0.112202
11 0.576923 0.776999 0.094406 0.016830
0 0.094406 0.092567 0.034965 0.042076
11 0.094406 0.124123 0.095604 0.015428
2 0.862471 0.092567 0.032634 0.039271
11 0.862471 0.122721 0.028846 0.015428
3 0.170163 0.253857 0.116550 0.112202
11 0.170163 0.251052 0.102498 0.033661
3 0.432401 0.245442 0.116550 0.112202
11 0.432401 0.242637 0.089910 0.016830
4 0.310023 0.245442 0.046620 0.056101
4 0.566434 0.245442 0.046620 0.056101
3 0.700466 0.245442 0.116550 0.112202
11 0.700466 0.242637 0.077323 0.016830
3 0.576923 0.359046 0.116550 0.112202
11 0.576923 0.356241 0.102498 0.016830
3 0.729604 0.380084 0.116550 0.112202
11 0.729604 0.377279 0.090809 0.033661
3 0.729604 0.527349 0.116550 0.112202
11 0.729604 0.524544 0.099800 0.033661
4 0.576923 0.500701 0.046620 0.056101
13 0.334499 0.092567 0.449883 0.014025
11 0.134832 0.072931 0.026074 0.016830
13 0.129371 0.155680 0.074592 0.089762
13 0.257576 0.250000 0.062937 0.014025
13 0.578380 0.154979 0.540210 0.130435
11 0.294289 0.157483 0.013986 0.097375
13 0.353730 0.245895 0.045455 0.014025
13 0.516900 0.245882 0.057110 0.014025
13 0.615967 0.245886 0.057110 0.014025
13 0.773310 0.140954 0.150350 0.102384
13 0.570708 0.288219 0.011655 0.035063
13 0.653263 0.369565 0.040793 0.014025
13 0.817016 0.236325 0.062937 0.293128
13 0.577245 0.626227 0.011655 0.200561
13 0.635781 0.514376 0.075758 0.031557
13 0.682401 0.681627 0.099068 0.201964
13 0.577270 0.443899 0.011655 0.063114
11 0.607568 0.389119 0.014114 0.031459
13 0.748834 0.474755 0.231935 0.730715
