8 0.500000 0.500000 0.992583 0.977358
0 0.068603 0.215094 0.018541 0.056604
3 0.136588 0.215094 0.061805 0.150943
4 0.207664 0.215094 0.024722 0.075472
3 0.260198 0.441509 0.061805 0.150943
1 0.331273 0.441509 0.018541 0.056604
3 0.402349 0.441509 0.061805 0.150943
2 0.893078 0.215094 0.017305 0.052830
1 0.525958 0.441509 0.018541 0.056604
3 0.603214 0.441509 0.061805 0.150943
4 0.742274 0.215094 0.024722 0.075472
1 0.525958 0.620755 0.018541 0.056604
3 0.603214 0.620755 0.061805 0.150943
4 0.692831 0.620755 0.024722 0.075472
1 0.525958 0.847170 0.018541 0.056604
3 0.816440 0.847170 0.061805 0.150943
4 0.692831 0.847170 0.024722 0.075472
2 0.893078 0.847170 0.017305 0.052830
3 0.816440 0.215094 0.061805 0.150943
10 0.345797 0.300000 0.016687 0.092453
11 0.543881 0.300000 0.085290 0.094340
11 0.941904 0.740566 0.077874 0.069811
12 0.091780 0.215094 0.030284 0.018868
12 0.181397 0.215687 0.030284 0.018868
12 0.306551 0.441509 0.033375 0.018868
12 0.355995 0.441509 0.033375 0.018868
12 0.218634 0.347170 0.023795 0.196226
12 0.553770 0.441509 0.039555 0.018868
12 0.770087 0.215442 0.033375 0.018868
12 0.553770 0.620755 0.039555 0.018868
12 0.657293 0.621322 0.048826 0.018868
12 0.445612 0.441509 0.027194 0.018868
12 0.493665 0.550000 0.048517 0.149057
12 0.493665 0.663208 0.048517 0.375472
12 0.499691 0.441957 0.036465 0.018868
12 0.745365 0.847584 0.082818 0.018868
12 0.865884 0.847170 0.039555 0.018868
12 0.865884 0.215094 0.039555 0.018868
12 0.474969 0.215094 0.512361 0.018868
12 0.607849 0.847632 0.147713 0.018868
12 0.693140 0.733962 0.006180 0.158491
12 0.688350 0.347170 0.110939 0.196226
12 0.723888 0.437264 0.039864 0.376415
12 0.490153 0.352901 0.024639 0.109293
12 0.899327 0.783904 0.009752 0.081248
12 0.337615 0.379717 0.009347 0.074528
