8 0.498004 0.496899 0.988024 0.975194
0 0.063872 0.893023 0.019960 0.046512
3 0.176979 0.893023 0.066534 0.124031
4 0.266800 0.893023 0.026613 0.062016
2 0.971391 0.893023 0.018629 0.043411
3 0.266800 0.497674 0.066534 0.124031
3 0.885562 0.893023 0.066534 0.124031
1 0.463074 0.706977 0.019960 0.046512
3 0.566201 0.706977 0.066534 0.124031
4 0.805722 0.893023 0.026613 0.062016
1 0.463074 0.497674 0.019960 0.046512
3 0.735862 0.497674 0.066534 0.124031
1 0.463074 0.311628 0.019960 0.046512
3 0.566201 0.311628 0.066534 0.124031
4 0.656021 0.311628 0.026613 0.062016
4 0.656021 0.497674 0.026613 0.062016
12 0.108782 0.893023 0.072522 0.015504
12 0.231870 0.893495 0.045908 0.015504
12 0.940452 0.893023 0.045908 0.015504
12 0.331670 0.498131 0.065868 0.015504
12 0.415003 0.617829 0.078842 0.184496
12 0.502994 0.706977 0.062542 0.015504
12 0.702761 0.784496 0.209248 0.161240
12 0.536261 0.893798 0.514970 0.015504
12 0.835662 0.893510 0.035928 0.015504
12 0.266979 0.710853 0.006653 0.308527
12 0.421490 0.498049 0.065868 0.015504
12 0.557884 0.498055 0.172322 0.015504
12 0.787591 0.679845 0.039587 0.370543
12 0.415003 0.389147 0.078842 0.161240
12 0.502994 0.311628 0.062542 0.015504
12 0.621091 0.312100 0.045908 0.015504
12 0.737691 0.587209 0.139388 0.555814
12 0.685961 0.498161 0.035928 0.015504
12 0.656354 0.404651 0.006653 0.130233
