0 0.015000 0.177898 0.021429 0.080863
1 0.111429 0.258760 0.021429 0.080863
4 0.179286 0.177898 0.028571 0.107817
2 0.346429 0.053908 0.020000 0.075472
3 0.350714 0.447439 0.071429 0.215633
0 0.240000 0.447439 0.021429 0.080863
1 0.493571 0.447439 0.021429 0.080863
3 0.572143 0.447439 0.071429 0.215633
4 0.657857 0.447439 0.028571 0.107817
4 0.786429 0.447439 0.028571 0.107817
3 0.893571 0.690027 0.071429 0.215633
1 0.493571 0.865229 0.021429 0.080863
2 0.971429 0.690027 0.020000 0.075472
13 0.063214 0.218329 0.077857 0.091644
13 0.143571 0.219003 0.045714 0.090296
13 0.258036 0.088949 0.159643 0.080863
13 0.203750 0.336927 0.051071 0.221024
13 0.282857 0.447439 0.067143 0.026954
13 0.520357 0.447439 0.035000 0.026954
13 0.625714 0.448278 0.038571 0.026954
13 0.507321 0.223720 0.304643 0.350404
13 0.722143 0.448787 0.102857 0.026954
13 0.571607 0.223720 0.433214 0.350404
13 0.822321 0.595687 0.073929 0.199461
13 0.404286 0.447439 0.038571 0.026954
13 0.466786 0.447439 0.035000 0.026954
13 0.459821 0.683288 0.048929 0.374663
13 0.945357 0.690027 0.035000 0.026954
13 0.581250 0.683288 0.156786 0.374663
11 0.015062 0.239623 0.017267 0.032345
11 0.112455 0.391644 0.056339 0.174663
11 0.250692 0.259030 0.042813 0.103504
11 0.351789 0.446361 0.058359 0.076550
11 0.240151 0.526954 0.061730 0.067925
11 0.493588 0.509164 0.047176 0.032345
11 0.573217 0.446361 0.050993 0.076550
11 0.696833 0.492992 0.057953 0.032345
11 0.865770 0.528571 0.060112 0.103504
11 0.893571 0.688949 0.046928 0.076550
11 0.493733 0.944744 0.038895 0.067925
11 0.971183 0.749057 0.049509 0.032345
11 0.169509 0.056334 0.016161 0.032345
11 0.648080 0.325876 0.016161 0.032345
11 0.682009 0.412129 0.008304 0.032345
11 0.777009 0.358221 0.008304 0.032345
11 0.776652 0.433693 0.016161 0.032345
