8 0.500000 0.500000 0.991684 0.985560
11 0.011781 0.500000 0.008316 0.096545
9 0.510395 0.172684 0.970894 0.330927
11 0.032571 0.172684 0.008316 0.142032
9 0.510395 0.665463 0.970894 0.654633
11 0.032571 0.665463 0.008316 0.097473
0 0.066528 0.794224 0.020790 0.036101
11 0.066528 0.827918 0.031853 0.026474
3 0.173943 0.794224 0.069300 0.096270
11 0.173943 0.791817 0.040630 0.028881
4 0.277893 0.794224 0.027720 0.048135
11 0.318048 0.814079 0.065756 0.014440
3 0.413028 0.641396 0.069300 0.096270
11 0.413028 0.638989 0.053460 0.043321
2 0.949411 0.937425 0.019404 0.033694
11 0.949411 0.963297 0.082328 0.013237
1 0.575884 0.433213 0.020790 0.036101
11 0.575884 0.460289 0.061256 0.013237
3 0.662509 0.433213 0.069300 0.096270
11 0.662509 0.430806 0.045976 0.028881
1 0.575884 0.641396 0.020790 0.036101
11 0.575884 0.668472 0.055866 0.013237
3 0.662509 0.641396 0.069300 0.096270
11 0.662509 0.638989 0.047579 0.028881
4 0.756064 0.641396 0.027720 0.048135
11 0.756757 0.584838 0.055598 0.028881
3 0.756064 0.794224 0.069300 0.096270
11 0.756064 0.791817 0.047579 0.028881
1 0.575884 0.794224 0.020790 0.036101
11 0.575884 0.821300 0.098500 0.013237
2 0.855856 0.794224 0.019404 0.033694
11 0.855856 0.820096 0.067137 0.013237
1 0.305613 0.641396 0.020790 0.036101
11 0.305613 0.596871 0.076938 0.026474
13 0.108108 0.794224 0.065142 0.012034
13 0.236313 0.794584 0.058212 0.012034
13 0.286729 0.705776 0.019751 0.133574
11 0.287953 0.742600 0.007484 0.014440
13 0.608974 0.877858 0.664241 0.123947
11 0.268538 0.794740 0.008316 0.027849
13 0.347193 0.641396 0.065142 0.012034
13 0.470201 0.641762 0.047817 0.012034
13 0.536209 0.525271 0.061331 0.188929
13 0.607069 0.433213 0.044352 0.012034
13 0.542966 0.641683 0.047817 0.012034
13 0.607069 0.641396 0.044352 0.012034
13 0.823285 0.676895 0.255024 0.492178
13 0.719681 0.641762 0.047817 0.012034
13 0.859667 0.781288 0.182259 0.283394
11 0.779210 0.625150 0.007484 0.014440
13 0.756265 0.705776 0.006930 0.085439
11 0.746602 0.641947 0.008379 0.027906
13 0.536209 0.729844 0.061331 0.133574
13 0.653846 0.794224 0.137907 0.012034
13 0.818434 0.794224 0.058212 0.012034
