8 0.500000 0.500000 0.991870 0.979557
11 0.011518 0.525627 0.016260 0.290436
0 0.065041 0.541738 0.020325 0.051107
11 0.065041 0.622232 0.100610 0.159284
3 0.159892 0.541738 0.067751 0.136286
11 0.159892 0.542164 0.057230 0.043441
4 0.241192 0.541738 0.027100 0.068143
11 0.241870 0.474872 0.081533 0.130324
3 0.332656 0.541738 0.067751 0.136286
11 0.332656 0.549830 0.089373 0.130324
3 0.434282 0.541738 0.067751 0.136286
11 0.434282 0.549830 0.078397 0.130324
3 0.894986 0.814310 0.067751 0.136286
11 0.894986 0.818569 0.050174 0.086882
1 0.583333 0.814310 0.020325 0.051107
11 0.583333 0.869037 0.063959 0.079642
3 0.678184 0.814310 0.067751 0.136286
11 0.678184 0.818569 0.057230 0.086882
4 0.762873 0.814310 0.027100 0.068143
1 0.583333 0.541738 0.020325 0.051107
11 0.583333 0.596465 0.073301 0.079642
3 0.678184 0.541738 0.067751 0.136286
11 0.678184 0.545997 0.069774 0.086882
4 0.762873 0.541738 0.027100 0.068143
11 0.764905 0.469336 0.081533 0.086882
3 0.894986 0.541738 0.067751 0.136286
11 0.894986 0.549830 0.064286 0.130324
1 0.583333 0.235094 0.020325 0.051107
11 0.583333 0.302704 0.148759 0.119463
4 0.820461 0.541738 0.027100 0.068143
2 0.968835 0.541738 0.018970 0.047700
2 0.968835 0.814310 0.018970 0.047700
13 0.100610 0.541738 0.053523 0.017036
13 0.210705 0.542268 0.036585 0.017036
13 0.276762 0.542260 0.046748 0.017036
11 0.263478 0.522379 0.014955 0.043576
13 0.618902 0.814310 0.053523 0.017036
13 0.730691 0.814836 0.039973 0.017036
13 0.818767 0.814803 0.087398 0.017036
13 0.618902 0.541738 0.053523 0.017036
13 0.730691 0.542264 0.039973 0.017036
13 0.763211 0.678024 0.006775 0.211244
11 0.753726 0.556842 0.016260 0.036304
13 0.791667 0.542166 0.033198 0.017036
11 0.789291 0.522226 0.023335 0.043920
13 0.707148 0.371380 0.230014 0.279387
13 0.847561 0.541738 0.029810 0.017036
13 0.944106 0.541738 0.033198 0.017036
13 0.944106 0.814310 0.033198 0.017036
13 0.477304 0.542292 0.021003 0.017036
13 0.536755 0.371380 0.075542 0.279387
13 0.543360 0.542148 0.062331 0.017036
13 0.536755 0.695060 0.075542 0.245315
13 0.502371 0.751278 0.524390 0.357751
11 0.232046 0.550271 0.016260 0.080987
13 0.383469 0.541738 0.036585 0.017036
