8 0.491564 0.304861 0.970859 0.593056
8 0.491820 0.751389 0.970348 0.147222
8 0.500000 0.918056 0.986708 0.147222
0 0.052147 0.177778 0.030675 0.041667
3 0.164622 0.180556 0.102249 0.111111
4 0.271984 0.177778 0.040900 0.055556
3 0.379346 0.181944 0.102249 0.111111
3 0.548057 0.181944 0.102249 0.111111
2 0.940695 0.181944 0.028630 0.038889
3 0.732106 0.302778 0.102249 0.111111
3 0.900818 0.525000 0.102249 0.111111
4 0.885481 0.184722 0.040900 0.055556
1 0.548057 0.448611 0.030675 0.041667
3 0.655419 0.441667 0.102249 0.111111
4 0.796524 0.431944 0.040900 0.055556
4 0.793456 0.525000 0.040900 0.055556
1 0.604294 0.302778 0.030675 0.041667
1 0.435583 0.525000 0.030675 0.041667
12 0.379346 0.457639 0.010225 0.445833
12 0.650307 0.302778 0.065440 0.013889
12 0.900818 0.712500 0.010225 0.269444
12 0.611963 0.525000 0.326176 0.013889
12 0.463701 0.181944 0.070552 0.013889
12 0.916155 0.183502 0.024540 0.013889
12 0.741309 0.437153 0.073620 0.014583
12 0.831800 0.525000 0.039877 0.013889
12 0.090491 0.177778 0.050102 0.013889
12 0.583845 0.448611 0.044990 0.013889
12 0.622188 0.182380 0.050102 0.013889
12 0.233640 0.179223 0.039877 0.013889
12 0.635225 0.245833 0.065951 0.077778
12 0.596626 0.314268 0.101227 0.232576
12 0.540389 0.351326 0.213701 0.311237
12 0.548057 0.573611 0.010225 0.213889
12 0.834611 0.257639 0.106851 0.095833
12 0.604294 0.500694 0.010225 0.359722
12 0.579243 0.115278 0.617587 0.088889
12 0.310327 0.178596 0.039877 0.013889
12 0.856339 0.322569 0.082822 0.225694
12 0.795524 0.478472 0.010225 0.043056
