1 0.224242 0.501558 0.060606 0.093458
1 0.214141 0.143302 0.060606 0.093458
3 0.436364 0.143302 0.202020 0.249221
4 0.668687 0.143302 0.080808 0.124611
4 0.668687 0.501558 0.080808 0.124611
3 0.446465 0.844237 0.202020 0.249221
3 0.739394 0.844237 0.202020 0.249221
2 0.959596 0.844237 0.056566 0.087227
1 0.224242 0.844237 0.060606 0.093458
12 0.123737 0.353583 0.148485 0.308411
12 0.138384 0.144037 0.098990 0.031153
12 0.123737 0.524922 0.148485 0.651090
12 0.289899 0.143302 0.098990 0.031153
12 0.582828 0.144280 0.098990 0.031153
12 0.669697 0.322430 0.020202 0.246106
12 0.436364 0.498442 0.371717 0.031153
12 0.300000 0.844237 0.098990 0.031153
12 0.592929 0.844237 0.098990 0.031153
12 0.885859 0.844237 0.098990 0.031153
