0 0.023560 0.074250 0.026178 0.047393
11 0.023560 0.113053 0.052758 0.036927
3 0.119546 0.074250 0.087260 0.126382
11 0.119546 0.074645 0.109050 0.040284
4 0.219895 0.074250 0.034904 0.063191
11 0.219895 0.022512 0.105011 0.040284
3 0.219895 0.303318 0.087260 0.126382
11 0.219895 0.307267 0.115108 0.080569
3 0.385689 0.303318 0.087260 0.126382
11 0.385689 0.307267 0.092895 0.080569
3 0.586387 0.303318 0.087260 0.126382
11 0.586387 0.307267 0.089865 0.080569
3 0.385689 0.074250 0.087260 0.126382
11 0.385689 0.078199 0.073710 0.080569
2 0.917103 0.074250 0.024433 0.044234
11 0.917103 0.111473 0.155497 0.036927
3 0.586387 0.563981 0.087260 0.126382
11 0.586387 0.567930 0.089865 0.080569
3 0.636562 0.927330 0.087260 0.126382
11 0.636562 0.927725 0.113089 0.040284
4 0.686736 0.563981 0.034904 0.063191
3 0.787086 0.563981 0.087260 0.126382
11 0.787086 0.567930 0.096933 0.080569
3 0.787086 0.729858 0.087260 0.126382
11 0.787086 0.737362 0.096933 0.120853
4 0.787086 0.927330 0.034904 0.063191
3 0.887435 0.927330 0.087260 0.126382
11 0.887435 0.931280 0.092895 0.080569
2 0.982548 0.927330 0.024433 0.044234
4 0.787086 0.074250 0.034904 0.063191
1 0.540576 0.927330 0.026178 0.047393
11 0.540576 0.966133 0.052758 0.036927
13 0.056283 0.074250 0.042757 0.015798
13 0.182810 0.074745 0.042757 0.015798
13 0.220144 0.172986 0.008726 0.140600
11 0.208016 0.087929 0.020975 0.036395
13 0.302792 0.303318 0.082024 0.015798
13 0.448953 0.303813 0.042757 0.015798
13 0.523124 0.303818 0.042757 0.015798
13 0.514616 0.449447 0.059773 0.235387
13 0.649651 0.564477 0.042757 0.015798
13 0.723822 0.564481 0.042757 0.015798
13 0.715314 0.662717 0.059773 0.140600
13 0.724913 0.927792 0.092932 0.015798
13 0.824171 0.927830 0.042757 0.015798
13 0.787338 0.844392 0.008726 0.109005
13 0.950698 0.927330 0.042757 0.015798
13 0.289703 0.074708 0.108202 0.015798
11 0.254350 0.056333 0.030693 0.040489
13 0.599476 0.074670 0.343805 0.015798
13 0.854712 0.074630 0.103839 0.015798
13 0.708770 0.204581 0.160995 0.203791
13 0.506981 0.631122 0.044503 0.598736
13 0.573298 0.927330 0.042757 0.015798
13 0.787318 0.303318 0.008726 0.401264
