0 0.031496 0.255670 0.019685 0.061856
11 0.031496 0.302062 0.066817 0.022680
3 0.123360 0.255670 0.065617 0.164948
11 0.123360 0.251546 0.036952 0.024742
4 0.198819 0.255670 0.026247 0.082474
11 0.236839 0.289691 0.062261 0.024742
1 0.330052 0.255670 0.019685 0.061856
11 0.330052 0.302062 0.094657 0.022680
1 0.523622 0.843299 0.019685 0.061856
11 0.523622 0.889691 0.046400 0.022680
1 0.523622 0.255670 0.019685 0.061856
11 0.523622 0.302062 0.048256 0.022680
1 0.523622 0.554639 0.019685 0.061856
11 0.523622 0.601031 0.071921 0.022680
3 0.607283 0.554639 0.065617 0.164948
11 0.607283 0.550515 0.045051 0.049485
2 0.975722 0.256437 0.018373 0.057732
11 0.975722 0.300767 0.070065 0.022680
4 0.812336 0.255670 0.026247 0.082474
3 0.607283 0.256175 0.065617 0.164948
11 0.607283 0.252051 0.043532 0.049485
4 0.719652 0.554639 0.026247 0.082474
11 0.752864 0.601031 0.052643 0.049485
3 0.891076 0.256437 0.065617 0.164948
11 0.891076 0.252314 0.032396 0.049485
1 0.812336 0.843299 0.019685 0.061856
11 0.812336 0.901031 0.071921 0.045361
4 0.719652 0.256397 0.026247 0.082474
4 0.719652 0.843299 0.026247 0.082474
13 0.065945 0.255670 0.051837 0.020619
13 0.170932 0.256317 0.032152 0.020619
13 0.382546 0.256168 0.087927 0.020619
13 0.482612 0.256168 0.064961 0.020619
13 0.476214 0.570103 0.077756 0.554639
13 0.476214 0.425773 0.077756 0.265979
13 0.553970 0.554639 0.043635 0.020619
13 0.553970 0.255853 0.043635 0.020619
13 0.841864 0.256603 0.035433 0.020619
13 0.673310 0.256909 0.069062 0.020619
13 0.673310 0.555243 0.069062 0.020619
13 0.945210 0.256437 0.045276 0.020619
13 0.505906 0.113402 0.616142 0.210309
11 0.189961 0.174080 0.007874 0.047717
13 0.266076 0.256174 0.110892 0.020619
11 0.220682 0.227665 0.007106 0.024798
13 0.619997 0.843805 0.175689 0.020619
13 0.812006 0.554639 0.006562 0.523711
13 0.719980 0.405518 0.006562 0.224015
11 0.710794 0.485773 0.007874 0.022268
13 0.765994 0.257067 0.069062 0.020619
13 0.719980 0.698969 0.006562 0.214433
11 0.710794 0.555523 0.007874 0.047717
13 0.767634 0.843798 0.072343 0.020619
