8 0.500156 0.499763 0.992821 0.985308
11 0.010612 0.499763 0.007491 0.138016
9 0.509519 0.078969 0.974095 0.143720
11 0.029338 0.078969 0.007491 0.132532
9 0.509519 0.423519 0.974095 0.545379
11 0.029338 0.423519 0.007491 0.072207
9 0.509519 0.844313 0.974095 0.296209
11 0.029338 0.844313 0.007491 0.103284
1 0.482834 0.079384 0.018727 0.035545
3 0.598315 0.079384 0.062422 0.094787
11 0.598315 0.077014 0.046709 0.028436
0 0.059925 0.291825 0.018727 0.035545
11 0.069913 0.223104 0.056942 0.026066
3 0.128589 0.291825 0.062422 0.094787
11 0.128589 0.289455 0.052006 0.014218
4 0.200375 0.291825 0.024969 0.047393
11 0.243446 0.293009 0.059711 0.014218
3 0.274032 0.221919 0.062422 0.094787
11 0.274032 0.219550 0.051525 0.042654
1 0.482834 0.346327 0.018727 0.035545
11 0.482834 0.372986 0.052528 0.013033
1 0.482834 0.536256 0.018727 0.035545
11 0.482834 0.562915 0.067536 0.013033
3 0.598315 0.346327 0.062422 0.094787
11 0.598315 0.343957 0.035152 0.028436
4 0.768727 0.228199 0.024969 0.047393
11 0.740637 0.174882 0.095345 0.014218
3 0.892946 0.346327 0.062422 0.094787
11 0.892946 0.343957 0.030819 0.028436
3 0.768727 0.536256 0.062422 0.094787
11 0.768727 0.533886 0.056822 0.028436
3 0.598315 0.228199 0.062422 0.094787
11 0.598315 0.225829 0.046709 0.028436
2 0.968477 0.346327 0.017478 0.033175
3 0.768727 0.841706 0.062422 0.094787
11 0.768727 0.839336 0.046228 0.028436
2 0.836767 0.841706 0.017478 0.033175
13 0.083333 0.291825 0.030587 0.011848
13 0.173845 0.292197 0.030587 0.011848
13 0.447722 0.346612 0.053995 0.011848
13 0.221754 0.245024 0.044632 0.050948
11 0.191948 0.252708 0.007491 0.011882
13 0.441635 0.453140 0.066167 0.170972
13 0.692884 0.228527 0.129213 0.011848
13 0.941948 0.346327 0.038077 0.011848
13 0.768895 0.370379 0.006242 0.241706
11 0.760253 0.229180 0.007518 0.026534
13 0.529650 0.346327 0.077403 0.011848
13 0.614856 0.536256 0.247815 0.011848
13 0.745630 0.346327 0.234707 0.011848
13 0.837079 0.264396 0.114232 0.073815
11 0.789014 0.213270 0.006742 0.014218
13 0.768727 0.688981 0.006242 0.215403
13 0.813983 0.841706 0.030587 0.011848
13 0.547967 0.488803 0.697682 0.351303
11 0.191635 0.292226 0.007491 0.026506
13 0.351124 0.284419 0.094257 0.129739
11 0.345194 0.281991 0.048154 0.014218
13 0.529650 0.079384 0.077403 0.011848
13 0.441479 0.201007 0.066479 0.247986
11 0.400749 0.232397 0.007491 0.162695
13 0.598315 0.153791 0.006242 0.058768
