8 0.249317 0.069086 0.468634 0.126496
0 0.045000 0.081667 0.010000 0.010000
3 0.086667 0.081667 0.033333 0.026667
4 0.125000 0.081667 0.013333 0.013333
3 0.163333 0.081667 0.033333 0.026667
3 0.211667 0.081667 0.033333 0.026667
1 0.276667 0.053333 0.010000 0.010000
1 0.276667 0.115000 0.010000 0.010000
1 0.276667 0.081667 0.010000 0.010000
3 0.313333 0.053333 0.033333 0.026667
4 0.351667 0.053333 0.013333 0.013333
3 0.390167 0.025000 0.033333 0.026667
3 0.390000 0.081667 0.033333 0.026667
3 0.313333 0.115000 0.033333 0.026667
2 0.426333 0.081667 0.009333 0.009333
3 0.390000 0.115000 0.033333 0.026667
2 0.426333 0.115000 0.009333 0.009333
2 0.426333 0.025000 0.009333 0.009333
4 0.351833 0.025000 0.013333 0.013333
4 0.351833 0.081667 0.013333 0.013333
3 0.390167 0.081667 0.033333 0.026667
