8 0.500000 0.500000 0.992836 0.975855
11 0.010149 0.500000 0.007164 0.161426
0 0.102090 0.257545 0.017910 0.060362
11 0.130746 0.125755 0.186601 0.022133
3 0.173433 0.257545 0.071045 0.160966
11 0.173433 0.253521 0.053885 0.048290
4 0.257313 0.257545 0.023881 0.080483
2 0.333134 0.257545 0.016716 0.056338
3 0.257313 0.488934 0.088358 0.160966
11 0.257313 0.484909 0.072307 0.048290
3 0.372537 0.488934 0.059701 0.160966
11 0.372537 0.484909 0.046055 0.072435
3 0.605373 0.273642 0.059701 0.160966
11 0.605373 0.269618 0.050200 0.024145
2 0.709254 0.273642 0.016716 0.056338
3 0.605373 0.488934 0.059701 0.160966
11 0.605373 0.484909 0.040989 0.048290
4 0.693731 0.488934 0.023881 0.080483
2 0.771940 0.488934 0.016716 0.056338
3 0.820299 0.700201 0.059701 0.160966
11 0.820299 0.696177 0.040529 0.048290
1 0.500299 0.736419 0.017910 0.060362
11 0.500299 0.781690 0.087812 0.022133
2 0.888358 0.700201 0.016716 0.056338
1 0.500299 0.273642 0.017910 0.060362
11 0.500299 0.318913 0.053194 0.022133
1 0.500299 0.489626 0.017910 0.060362
11 0.500299 0.534897 0.063326 0.022133
13 0.124478 0.257545 0.029254 0.020121
13 0.227164 0.258187 0.038806 0.020121
13 0.322090 0.488934 0.043582 0.020121
13 0.417313 0.489560 0.032239 0.020121
13 0.668060 0.273642 0.068060 0.020121
13 0.658507 0.489537 0.048955 0.020121
13 0.734627 0.489415 0.060299 0.020121
11 0.749180 0.412471 0.091190 0.024145
13 0.467911 0.632797 0.049254 0.215292
13 0.865075 0.700201 0.032239 0.020121
13 0.467910 0.361167 0.049254 0.183099
13 0.542388 0.273642 0.068657 0.020121
13 0.473732 0.489775 0.037612 0.020121
13 0.542388 0.489348 0.068656 0.020121
13 0.297015 0.258026 0.057910 0.020121
11 0.312680 0.187060 0.069544 0.024145
13 0.257489 0.353119 0.005970 0.118712
11 0.289859 0.346076 0.054345 0.024145
13 0.649851 0.737359 0.283582 0.020121
13 0.742239 0.594567 0.098806 0.138833
11 0.750165 0.541845 0.109151 0.024145
