8 0.236333 0.140000 0.472667 0.250000
9 0.241333 0.056667 0.462667 0.083333
9 0.241333 0.140000 0.462667 0.083333
9 0.241333 0.223333 0.462667 0.083333
0 0.025000 0.045000 0.010000 0.010000
3 0.061667 0.045000 0.033333 0.026667
4 0.100000 0.045000 0.013333 0.013333
1 0.198333 0.070000 0.010000 0.010000
1 0.278333 0.049000 0.010000 0.010000
3 0.150000 0.070000 0.033333 0.026667
3 0.406667 0.036667 0.033333 0.026667
2 0.443333 0.036667 0.009333 0.009333
1 0.406667 0.070000 0.010000 0.010000
1 0.278333 0.081667 0.010000 0.010000
1 0.316667 0.081667 0.010000 0.010000
4 0.316667 0.049000 0.013333 0.013333
1 0.316667 0.126667 0.010000 0.010000
3 0.348667 0.126667 0.033333 0.026667
2 0.386667 0.126667 0.009333 0.009333
1 0.225000 0.223333 0.010000 0.010000
3 0.397000 0.223333 0.033333 0.026667
4 0.251667 0.223333 0.013333 0.013333
