3 0.090961 0.354271 0.057571 0.201005
11 0.090961 0.354899 0.071947 0.064070
4 0.157168 0.354271 0.023028 0.100503
3 0.925567 0.115578 0.057571 0.201005
11 0.925567 0.121859 0.042635 0.128141
2 0.988319 0.115578 0.016120 0.070352
3 0.223374 0.567839 0.057571 0.201005
11 0.223374 0.574121 0.071281 0.128141
1 0.452028 0.567839 0.017271 0.075377
11 0.452028 0.629554 0.076332 0.058731
3 0.515355 0.806533 0.057571 0.201005
11 0.515355 0.807161 0.052628 0.064070
1 0.452028 0.354271 0.017271 0.075377
11 0.452028 0.434987 0.059234 0.117462
3 0.515355 0.354271 0.057571 0.201005
11 0.515355 0.360553 0.070614 0.128141
4 0.581561 0.354271 0.023028 0.100503
3 0.669849 0.354271 0.057571 0.201005
11 0.669849 0.366206 0.075278 0.192211
4 0.743744 0.354271 0.023028 0.100503
4 0.768347 0.115578 0.023028 0.100503
0 0.027634 0.354271 0.017271 0.075377
11 0.027634 0.415986 0.079996 0.058731
3 0.312313 0.568480 0.057571 0.201005
11 0.312313 0.569109 0.051295 0.064070
1 0.452077 0.806533 0.017271 0.075377
11 0.452077 0.887249 0.066562 0.117462
13 0.049223 0.354271 0.028210 0.025126
13 0.132700 0.355060 0.028210 0.025126
13 0.967305 0.115578 0.028210 0.025126
13 0.267843 0.568160 0.033671 0.025126
13 0.426121 0.568437 0.036845 0.025126
13 0.473641 0.806533 0.028160 0.025126
13 0.473617 0.354271 0.028210 0.025126
13 0.557094 0.355060 0.028210 0.025126
13 0.838321 0.115578 0.119223 0.025126
13 0.715432 0.354271 0.035899 0.025126
13 0.614764 0.366834 0.310504 0.412060
13 0.617069 0.355025 0.050291 0.025126
11 0.614377 0.450196 0.063953 0.128141
13 0.176022 0.486181 0.039436 0.173367
11 0.161673 0.635530 0.076610 0.064070
13 0.457144 0.209799 0.601680 0.198492
11 0.177622 0.052548 0.061954 0.064070
13 0.762034 0.260050 0.015854 0.198492
13 0.663168 0.266332 0.164940 0.085427
11 0.665499 0.198925 0.065285 0.064070
13 0.454331 0.801508 0.124352 0.376884
13 0.420533 0.716080 0.048121 0.206030
13 0.420508 0.435930 0.048071 0.173367
13 0.363460 0.568849 0.047027 0.025126
