8 0.500000 0.500000 0.989691 0.977143
1 0.056701 0.125714 0.025773 0.057143
3 0.151203 0.125714 0.085911 0.152381
4 0.250000 0.125714 0.034364 0.076190
2 0.945017 0.723810 0.024055 0.053333
4 0.872852 0.723810 0.034364 0.076190
3 0.250000 0.344762 0.085911 0.152381
1 0.410653 0.344762 0.025773 0.057143
3 0.507732 0.344762 0.085911 0.152381
1 0.410653 0.525714 0.025773 0.057143
1 0.410653 0.754286 0.025773 0.057143
3 0.505155 0.754286 0.085911 0.152381
4 0.603952 0.754286 0.034364 0.076190
3 0.756873 0.723810 0.085911 0.152381
4 0.653780 0.659048 0.034364 0.076190
13 0.088918 0.125714 0.042096 0.019048
13 0.213488 0.126312 0.042096 0.019048
13 0.911512 0.724254 0.046392 0.019048
13 0.569588 0.406190 0.608247 0.566667
13 0.250253 0.216190 0.008591 0.112381
13 0.444158 0.344762 0.044674 0.019048
13 0.711985 0.515238 0.326031 0.348571
13 0.310137 0.346145 0.037801 0.019048
13 0.378624 0.344762 0.041720 0.019048
13 0.371349 0.454286 0.056271 0.150476
13 0.371349 0.568571 0.056271 0.379048
13 0.442869 0.754286 0.042096 0.019048
13 0.567440 0.754884 0.042096 0.019048
13 0.738675 0.840594 0.271442 0.162622
13 0.538875 0.573333 0.234107 0.102857
13 0.684064 0.710476 0.063144 0.034286
13 0.620490 0.688095 0.035653 0.063810
13 0.830326 0.723810 0.064433 0.019048
11 0.017698 0.500000 0.012027 0.050164
11 0.056787 0.169333 0.067183 0.022857
11 0.152492 0.124952 0.054432 0.054095
11 0.285935 0.157905 0.047815 0.022857
11 0.944990 0.765524 0.070393 0.022857
11 0.250000 0.344000 0.070307 0.081524
11 0.410398 0.388381 0.073373 0.022857
11 0.507732 0.344000 0.068774 0.054095
11 0.410903 0.569333 0.077820 0.022857
11 0.410975 0.797905 0.053909 0.022857
11 0.506447 0.753524 0.061587 0.054095
11 0.647048 0.786476 0.060419 0.022857
11 0.756873 0.723048 0.071343 0.054095
11 0.283847 0.100762 0.017867 0.022857
11 0.592267 0.670286 0.017867 0.022857
