8 0.500000 0.500000 0.990984 0.983914
9 0.511270 0.824397 0.968445 0.335121
9 0.511270 0.332440 0.968445 0.648794
3 0.154771 0.175603 0.075131 0.107239
0 0.072126 0.175603 0.022539 0.040214
4 0.241172 0.175603 0.030053 0.053619
3 0.327573 0.175603 0.075131 0.107239
3 0.327573 0.356568 0.075131 0.107239
1 0.474080 0.175603 0.022539 0.040214
3 0.556724 0.175603 0.075131 0.107239
1 0.474080 0.356568 0.022539 0.040214
3 0.556724 0.356568 0.075131 0.107239
4 0.643125 0.356568 0.030053 0.053619
3 0.729527 0.356568 0.075131 0.107239
3 0.729527 0.500000 0.075131 0.107239
1 0.474080 0.500000 0.022539 0.040214
2 0.398197 0.356568 0.021037 0.037534
2 0.643125 0.175603 0.021037 0.037534
2 0.826446 0.356568 0.021037 0.037534
2 0.826446 0.500000 0.021037 0.037534
13 0.100301 0.175603 0.036814 0.013405
13 0.209241 0.176024 0.036814 0.013405
13 0.273103 0.176028 0.036814 0.013405
13 0.265778 0.279491 0.051465 0.159517
13 0.382044 0.176024 0.036814 0.013405
13 0.445905 0.175919 0.036814 0.013405
13 0.502254 0.175603 0.036814 0.013405
13 0.438580 0.279491 0.051465 0.159517
13 0.502254 0.356568 0.036814 0.013405
13 0.611195 0.356989 0.036814 0.013405
13 0.675056 0.356993 0.036814 0.013405
13 0.667731 0.441689 0.051465 0.121984
13 0.438580 0.351206 0.051465 0.302949
13 0.588655 0.500000 0.209617 0.013405
13 0.376409 0.356568 0.025545 0.013405
13 0.613449 0.175603 0.041322 0.013405
13 0.791510 0.356568 0.051841 0.013405
13 0.791510 0.500000 0.051841 0.013405
11 0.015477 0.500000 0.010518 0.109519
11 0.038017 0.332440 0.010518 0.110443
11 0.154771 0.175067 0.061885 0.018767
11 0.083766 0.258043 0.056337 0.033780
11 0.327573 0.175067 0.061486 0.057373
11 0.327573 0.356032 0.060393 0.038070
11 0.473857 0.206300 0.064167 0.016086
11 0.556724 0.175067 0.060393 0.038070
11 0.473754 0.387265 0.060957 0.016086
11 0.557854 0.356032 0.053860 0.038070
11 0.729527 0.356032 0.060393 0.038070
11 0.729527 0.499464 0.049361 0.038070
11 0.405393 0.429625 0.045948 0.033780
11 0.642809 0.213807 0.045948 0.033780
11 0.826129 0.394772 0.045948 0.033780
11 0.826188 0.529357 0.052076 0.016086
11 0.265801 0.156702 0.007184 0.016086
11 0.227196 0.278686 0.015625 0.016086
11 0.667755 0.337668 0.007184 0.016086
11 0.629901 0.443566 0.015625 0.016086
