8 0.500028 0.499147 0.991006 0.689323
11 0.012820 0.527258 0.018100 0.318599
8 0.500028 0.941024 0.991006 0.099668
11 0.500028 0.942270 0.231254 0.070598
8 0.500028 0.059801 0.991006 0.099668
11 0.500028 0.061047 0.029089 0.070598
0 0.072398 0.498339 0.022624 0.049834
11 0.072398 0.539140 0.093592 0.038829
3 0.166667 0.498339 0.075415 0.132890
11 0.166667 0.498754 0.091629 0.042359
4 0.268477 0.498339 0.030166 0.066445
11 0.269231 0.567276 0.090756 0.084718
3 0.356712 0.498339 0.075415 0.132890
11 0.356712 0.506229 0.082030 0.127076
2 0.268477 0.662791 0.021116 0.046512
11 0.268477 0.701931 0.120790 0.038829
3 0.472097 0.498339 0.075415 0.132890
11 0.472097 0.506229 0.087266 0.127076
3 0.709653 0.498339 0.075415 0.132890
11 0.709653 0.502492 0.075048 0.084718
1 0.626697 0.662791 0.022624 0.049834
11 0.626697 0.716154 0.102392 0.077658
1 0.626697 0.313287 0.022624 0.049834
11 0.626697 0.366650 0.077594 0.077658
3 0.709653 0.313287 0.075415 0.132890
11 0.709653 0.317439 0.084648 0.084718
4 0.809800 0.313287 0.030166 0.066445
11 0.809800 0.368519 0.092502 0.042359
2 0.809800 0.498339 0.021116 0.046512
11 0.809800 0.537479 0.120790 0.038829
2 0.920508 0.662791 0.021116 0.046512
11 0.920508 0.727056 0.073594 0.116487
1 0.626697 0.498339 0.022624 0.049834
11 0.626697 0.539140 0.099992 0.038829
13 0.106335 0.498339 0.048265 0.016611
13 0.228884 0.498845 0.052036 0.016611
13 0.356712 0.270764 0.007541 0.328904
13 0.268655 0.585548 0.007541 0.114618
11 0.254471 0.620017 0.026503 0.042359
13 0.301282 0.498863 0.038462 0.016611
11 0.293560 0.479432 0.017233 0.042522
13 0.414404 0.498339 0.042986 0.016611
13 0.528658 0.498856 0.040724 0.016611
13 0.596531 0.498732 0.040724 0.016611
13 0.589178 0.389201 0.055430 0.158474
13 0.589178 0.597176 0.055430 0.137874
13 0.654977 0.498339 0.036953 0.016611
13 0.626697 0.199002 0.007541 0.185380
13 0.654977 0.313287 0.036953 0.016611
13 0.771039 0.313794 0.050373 0.016611
13 0.773301 0.498339 0.054898 0.016611
13 0.773980 0.662791 0.274958 0.016611
13 0.916989 0.788619 0.007541 0.211789
13 0.809979 0.410796 0.007541 0.135218
11 0.799095 0.419929 0.017195 0.042359
13 0.872771 0.476826 0.098793 0.332062
11 0.858651 0.296096 0.026503 0.042359
