8 0.500000 0.500000 0.991984 0.963303
0 0.074148 0.437309 0.020040 0.091743
3 0.167669 0.437309 0.066800 0.244648
4 0.237809 0.437309 0.026720 0.122324
3 0.317969 0.437309 0.066800 0.244648
3 0.408150 0.437309 0.066800 0.244648
1 0.535070 0.140673 0.020040 0.091743
1 0.535070 0.721713 0.020040 0.091743
3 0.748831 0.721713 0.066800 0.244648
1 0.535070 0.437309 0.020040 0.091743
2 0.875084 0.437309 0.018704 0.085627
3 0.658651 0.437309 0.066800 0.244648
3 0.658651 0.140673 0.066800 0.244648
4 0.748831 0.437309 0.026720 0.122324
11 0.407816 0.737003 0.110220 0.152905
11 0.828991 0.828746 0.066800 0.152905
12 0.212759 0.438287 0.026052 0.030581
12 0.267869 0.438269 0.036072 0.030581
12 0.363059 0.437309 0.026052 0.030581
12 0.453240 0.438287 0.026052 0.030581
12 0.501837 0.258410 0.049098 0.247706
12 0.501837 0.610092 0.049098 0.235474
12 0.630261 0.721713 0.173013 0.030581
12 0.508350 0.438033 0.036072 0.030581
12 0.109218 0.437309 0.052772 0.030581
12 0.493988 0.724485 0.064796 0.030581
12 0.585170 0.437309 0.082832 0.030581
12 0.713761 0.437309 0.046092 0.030581
12 0.585170 0.140673 0.082832 0.030581
12 0.813961 0.438051 0.106212 0.030581
12 0.749035 0.548930 0.006680 0.113150
12 0.813961 0.437309 0.106212 0.030581
12 0.783567 0.267584 0.185705 0.266055
12 0.556613 0.711009 0.639613 0.474006
12 0.825414 0.600917 0.089038 0.253823
12 0.788911 0.845552 0.016032 0.053512
