8 0.500000 0.500000 0.991952 0.986681
0 0.074447 0.224195 0.020121 0.033296
3 0.148223 0.224195 0.067069 0.088790
4 0.225352 0.224195 0.026828 0.044395
3 0.311201 0.224195 0.084507 0.088790
3 0.698860 0.716981 0.067069 0.088790
3 0.417170 0.224195 0.067069 0.088790
2 0.855801 0.716981 0.018779 0.031077
3 0.718981 0.367370 0.067069 0.088790
4 0.749162 0.500555 0.026828 0.044395
3 0.855801 0.224195 0.067069 0.088790
2 0.928907 0.224195 0.018779 0.031077
1 0.510396 0.224195 0.020121 0.033296
1 0.564051 0.406215 0.020121 0.033296
1 0.627767 0.224195 0.020121 0.033296
1 0.657948 0.156493 0.020121 0.033296
12 0.099598 0.224195 0.032864 0.011099
12 0.196848 0.224544 0.032864 0.011099
12 0.253856 0.224567 0.032864 0.011099
12 0.445506 0.481687 0.442321 0.475028
12 0.368545 0.224195 0.032864 0.011099
12 0.789403 0.716981 0.116700 0.011099
12 0.727364 0.456437 0.019450 0.093785
12 0.724178 0.597669 0.053320 0.154273
12 0.809188 0.384850 0.095909 0.236959
12 0.904427 0.224195 0.032864 0.011099
12 0.475520 0.224195 0.052314 0.011099
12 0.535547 0.224454 0.032864 0.011099
12 0.564214 0.317980 0.006707 0.147614
12 0.619718 0.561598 0.093897 0.315205
12 0.597586 0.224750 0.042924 0.011099
12 0.661636 0.295782 0.050302 0.147614
12 0.606137 0.179245 0.086184 0.049945
12 0.745137 0.190344 0.156942 0.072142
