8 0.500000 0.500000 0.991118 0.987055
9 0.511103 0.095469 0.968912 0.177994
9 0.511103 0.858684 0.968912 0.269687
9 0.511103 0.454153 0.968912 0.539374
2 0.430052 0.096009 0.020725 0.030205
2 0.870466 0.858684 0.020725 0.030205
0 0.093264 0.370011 0.022206 0.032362
3 0.174685 0.370011 0.074019 0.086300
4 0.259808 0.370011 0.029608 0.043150
3 0.344930 0.370011 0.074019 0.086300
3 0.526277 0.370011 0.074019 0.086300
1 0.693190 0.233010 0.022206 0.032362
1 0.693190 0.361381 0.022206 0.032362
3 0.774611 0.233010 0.074019 0.086300
3 0.774611 0.361381 0.074019 0.086300
4 0.870466 0.361381 0.029608 0.043150
4 0.870466 0.500539 0.029608 0.043150
1 0.693190 0.500539 0.022206 0.032362
5 0.430052 0.370011 0.029608 0.043150
2 0.924500 0.610572 0.020725 0.030205
12 0.121021 0.370011 0.036269 0.010787
12 0.228349 0.370349 0.036269 0.010787
12 0.291266 0.370352 0.036269 0.010787
12 0.659882 0.286408 0.047372 0.111111
12 0.720947 0.233010 0.036269 0.010787
12 0.720947 0.361381 0.036269 0.010787
12 0.667098 0.361634 0.032939 0.010787
12 0.833642 0.361712 0.047002 0.010787
12 0.904885 0.478695 0.042191 0.237864
12 0.870648 0.682848 0.007402 0.325782
12 0.659882 0.441748 0.047372 0.121899
12 0.870836 0.430960 0.007402 0.100324
12 0.886195 0.421791 0.152110 0.381877
12 0.592894 0.365965 0.062176 0.012406
12 0.398594 0.370349 0.036269 0.010787
12 0.467061 0.370344 0.047372 0.010787
12 0.430232 0.229773 0.007402 0.241640
12 0.586973 0.501079 0.657291 0.223301
12 0.779978 0.500539 0.154330 0.010787
