8 0.271667 0.123333 0.513333 0.196667
0 0.060000 0.052000 0.010000 0.010000
3 0.096667 0.052000 0.033333 0.026667
4 0.141667 0.052000 0.013333 0.013333
1 0.290000 0.052000 0.010000 0.010000
2 0.141667 0.130333 0.009333 0.009333
1 0.175000 0.052105 0.010000 0.010000
1 0.290000 0.095333 0.010000 0.010000
3 0.336667 0.095333 0.033333 0.026667
1 0.290000 0.130333 0.010000 0.010000
3 0.336667 0.130333 0.033333 0.026667
4 0.391667 0.130333 0.013333 0.013333
3 0.391667 0.173333 0.033333 0.026667
2 0.514667 0.130333 0.009333 0.009333
3 0.336667 0.052000 0.033333 0.026667
4 0.388333 0.052000 0.013333 0.013333
3 0.436667 0.052000 0.033333 0.026667
2 0.514667 0.095333 0.009333 0.009333
2 0.514667 0.173333 0.009333 0.009333
3 0.211667 0.052054 0.033333 0.026667
4 0.426667 0.095333 0.013333 0.013333
3 0.141741 0.095333 0.033333 0.026667
2 0.514667 0.052000 0.009333 0.009333
3 0.481667 0.052000 0.033333 0.026667
3 0.470000 0.095333 0.033333 0.026667
3 0.470000 0.130333 0.033333 0.026667
