8 0.500000 0.494431 0.989547 0.974010
0 0.083624 0.471535 0.026132 0.037129
3 0.179443 0.471535 0.087108 0.099010
4 0.279617 0.471535 0.034843 0.049505
3 0.379791 0.471535 0.087108 0.099010
1 0.613824 0.471535 0.026132 0.037129
2 0.762195 0.938861 0.024390 0.034653
1 0.188153 0.890681 0.026132 0.037129
1 0.188153 0.649752 0.026132 0.037129
1 0.188153 0.767135 0.026132 0.037129
3 0.323171 0.649752 0.087108 0.099010
3 0.323171 0.767135 0.087108 0.099010
4 0.423345 0.767135 0.034843 0.049505
1 0.613824 0.890681 0.026132 0.037129
1 0.135889 0.649752 0.026132 0.037129
3 0.513066 0.890681 0.087108 0.099010
13 0.116289 0.471535 0.042683 0.012376
13 0.242596 0.471923 0.042683 0.012376
13 0.512051 0.471535 0.180897 0.012376
13 0.316638 0.471535 0.042683 0.012376
13 0.374856 0.560644 0.481420 0.146040
13 0.162021 0.649752 0.029617 0.012376
13 0.155488 0.717726 0.042683 0.103769
13 0.155488 0.779499 0.042683 0.227314
13 0.240418 0.649752 0.081882 0.012376
13 0.240418 0.767135 0.081882 0.012376
13 0.386324 0.767523 0.042683 0.012376
13 0.694543 0.906108 0.138789 0.035804
13 0.521124 0.650557 0.485627 0.546905
13 0.564460 0.785644 0.398955 0.276733
13 0.601481 0.844644 0.324913 0.158731
13 0.446646 0.841284 0.049216 0.103744
13 0.334902 0.890681 0.270850 0.012376
13 0.578689 0.890681 0.047622 0.012376
11 0.017944 0.494431 0.012195 0.101115
11 0.044077 0.494431 0.012195 0.087091
11 0.084046 0.508045 0.053109 0.031188
11 0.179443 0.471040 0.049670 0.017327
11 0.279195 0.517946 0.047937 0.031188
11 0.381103 0.471040 0.061996 0.052970
11 0.613622 0.435520 0.059996 0.014851
11 0.761930 0.974629 0.063929 0.031188
11 0.188541 0.919431 0.068720 0.014851
11 0.188242 0.678094 0.073348 0.014851
11 0.188574 0.795668 0.068785 0.014851
11 0.323171 0.649257 0.049970 0.035149
11 0.324481 0.766832 0.062446 0.035149
11 0.433070 0.715223 0.061261 0.014851
11 0.615221 0.927599 0.052741 0.031188
11 0.514376 0.890594 0.057532 0.052970
11 0.308172 0.454084 0.008330 0.014851
11 0.267769 0.416955 0.018116 0.014851
11 0.451900 0.749876 0.008330 0.014851
11 0.411497 0.761015 0.018116 0.014851
