8 0.500252 0.499663 0.990970 0.968475
0 0.055639 0.267779 0.022173 0.078329
3 0.136940 0.267779 0.073910 0.208877
3 0.332905 0.390476 0.107228 0.208877
4 0.203206 0.267779 0.029564 0.104439
3 0.332905 0.155077 0.107228 0.208877
3 0.440414 0.390476 0.073910 0.208877
1 0.584936 0.183701 0.022173 0.078329
1 0.594438 0.445385 0.022173 0.078329
1 0.594743 0.773239 0.022173 0.078329
3 0.676044 0.773239 0.073910 0.208877
3 0.701576 0.445385 0.073910 0.208877
4 0.786572 0.445385 0.029564 0.104439
2 0.885066 0.773239 0.020695 0.073107
3 0.871569 0.267779 0.073910 0.208877
2 0.952130 0.267779 0.020695 0.073107
2 0.430125 0.155077 0.020695 0.073107
12 0.083355 0.267779 0.036216 0.026110
12 0.181159 0.268645 0.017486 0.026110
12 0.241433 0.355237 0.078671 0.080922
12 0.241253 0.183286 0.079032 0.066861
12 0.394989 0.390476 0.019897 0.026110
12 0.494078 0.392369 0.036375 0.026110
12 0.549895 0.260769 0.050867 0.167102
12 0.554798 0.608763 0.060674 0.340896
12 0.561852 0.419099 0.045957 0.063396
12 0.622459 0.773239 0.036216 0.026110
12 0.635073 0.445385 0.062053 0.026110
12 0.755161 0.446204 0.036216 0.026110
12 0.793859 0.773239 0.164676 0.026110
12 0.830830 0.635421 0.090733 0.286078
12 0.810778 0.330472 0.050628 0.135831
12 0.715318 0.225740 0.241547 0.094521
12 0.925153 0.267779 0.036216 0.026110
12 0.403148 0.155077 0.036216 0.026110
