8 0.500000 0.500000 0.991848 0.976562
3 0.224185 0.500000 0.067935 0.156250
4 0.302310 0.500000 0.027174 0.078125
3 0.449728 0.500000 0.067935 0.156250
3 0.449728 0.871094 0.067935 0.156250
2 0.523777 0.871094 0.019022 0.054688
1 0.574049 0.734375 0.020380 0.058594
3 0.726223 0.734375 0.067935 0.156250
4 0.790761 0.734375 0.027174 0.078125
2 0.950408 0.734375 0.019022 0.054688
1 0.582201 0.304688 0.020380 0.058594
3 0.734375 0.304688 0.067935 0.156250
2 0.849185 0.304688 0.019022 0.054688
3 0.790761 0.500000 0.067935 0.156250
2 0.864810 0.500000 0.019022 0.054688
1 0.616168 0.500000 0.020380 0.058594
0 0.105978 0.500000 0.020380 0.058594
12 0.273438 0.500613 0.033288 0.019531
12 0.359205 0.705078 0.115829 0.339844
12 0.365829 0.500557 0.102582 0.019531
12 0.498981 0.871094 0.033288 0.019531
12 0.498981 0.500613 0.033288 0.019531
12 0.546026 0.636719 0.038383 0.203125
12 0.638247 0.734375 0.110734 0.019531
12 0.768682 0.735014 0.019701 0.019531
12 0.872622 0.734852 0.139266 0.019531
12 0.550102 0.382812 0.046535 0.164062
12 0.646399 0.304688 0.110734 0.019531
12 0.804008 0.304688 0.074049 0.019531
12 0.840014 0.500000 0.033288 0.019531
12 0.573709 0.500471 0.067255 0.019531
12 0.790958 0.636719 0.006793 0.125000
12 0.691576 0.500000 0.133152 0.019531
12 0.153193 0.500000 0.076766 0.019531
