8 0.292139 0.170417 0.524277 0.240835
0 0.055000 0.093000 0.010000 0.010000
3 0.096500 0.093000 0.043000 0.026667
4 0.139667 0.093000 0.013333 0.013333
3 0.209003 0.093000 0.048333 0.026667
3 0.368051 0.228510 0.033333 0.026667
2 0.524422 0.268205 0.009333 0.009333
1 0.311130 0.134667 0.010000 0.010000
1 0.311130 0.093000 0.010000 0.010000
1 0.311130 0.177422 0.010000 0.010000
3 0.368051 0.177422 0.033333 0.026667
3 0.441256 0.093000 0.033333 0.026667
2 0.524422 0.093000 0.009333 0.009333
3 0.368051 0.134667 0.033333 0.026667
4 0.441256 0.134667 0.013333 0.013333
