0 0.077581 0.218433 0.019724 0.060901
3 0.149901 0.218433 0.065746 0.162404
4 0.225510 0.218433 0.026298 0.081202
3 0.225510 0.421437 0.065746 0.162404
3 0.566963 0.421437 0.065746 0.162404
3 0.614957 0.620382 0.065746 0.162404
3 0.764201 0.898498 0.065746 0.162404
4 0.690565 0.620382 0.026298 0.081202
3 0.862821 0.533090 0.065746 0.162404
1 0.484780 0.421437 0.019724 0.060901
1 0.484780 0.624442 0.019724 0.060901
1 0.484780 0.898498 0.019724 0.060901
2 0.987081 0.723914 0.018409 0.056841
3 0.343294 0.421437 0.065746 0.162404
13 0.102235 0.218433 0.032216 0.020300
13 0.197567 0.219070 0.032216 0.020300
13 0.225710 0.299635 0.006575 0.089322
13 0.662623 0.621019 0.032216 0.020300
13 0.760421 0.556435 0.141683 0.054811
13 0.711111 0.779740 0.043064 0.245635
13 0.714892 0.477264 0.232742 0.119773
13 0.453550 0.421922 0.045365 0.020300
13 0.447140 0.543240 0.058185 0.170524
13 0.447140 0.680268 0.058185 0.444580
13 0.514366 0.421437 0.042078 0.020300
13 0.538363 0.622412 0.090072 0.020300
13 0.612985 0.898498 0.239316 0.020300
13 0.936785 0.628502 0.084813 0.198944
13 0.887475 0.811206 0.183432 0.182704
13 0.544329 0.232034 0.639612 0.447828
13 0.284402 0.421437 0.054668 0.020300
13 0.391026 0.422074 0.032347 0.020300
11 0.031842 0.234064 0.055795 0.104750
11 0.150778 0.217621 0.043855 0.057653
11 0.269857 0.214170 0.051878 0.024361
11 0.225510 0.420625 0.053805 0.086886
11 0.567721 0.420625 0.046937 0.057653
11 0.615716 0.619570 0.047132 0.057653
11 0.764360 0.897686 0.041555 0.057653
11 0.746810 0.629517 0.043259 0.051157
11 0.862590 0.532278 0.033980 0.057653
11 0.485084 0.481324 0.041831 0.051157
11 0.485942 0.684328 0.043547 0.051157
11 0.485397 0.958384 0.056922 0.051157
11 0.344185 0.420625 0.049330 0.086886
11 0.216819 0.234470 0.006287 0.024361
11 0.681644 0.555217 0.006287 0.024361
11 0.681393 0.612058 0.013673 0.024361
11 0.216567 0.128908 0.013673 0.024361
