8 0.500286 0.500000 0.990862 0.991736
0 0.079812 0.038567 0.021416 0.020661
3 0.179754 0.038567 0.071388 0.055096
4 0.426042 0.038567 0.028555 0.027548
3 0.510994 0.148760 0.071388 0.055096
2 0.571673 0.038567 0.019989 0.019284
1 0.443889 0.148760 0.021416 0.020661
3 0.358224 0.148760 0.071388 0.055096
4 0.211879 0.148760 0.028555 0.027548
3 0.136922 0.148760 0.071388 0.055096
4 0.136922 0.217631 0.028555 0.027548
3 0.231867 0.217631 0.089949 0.055096
3 0.152627 0.355372 0.102798 0.055096
4 0.358224 0.217631 0.028555 0.027548
13 0.117290 0.039514 0.056396 0.006887
13 0.313606 0.038754 0.199172 0.006887
13 0.500999 0.038735 0.124215 0.006887
13 0.464949 0.148760 0.023558 0.006887
13 0.413549 0.148760 0.042119 0.006887
13 0.274343 0.148958 0.099229 0.006887
13 0.237043 0.110537 0.052470 0.051653
13 0.185109 0.148981 0.027841 0.006887
13 0.137135 0.190083 0.007139 0.030303
13 0.169046 0.217860 0.038549 0.006887
13 0.452456 0.067149 0.241291 0.040634
13 0.463260 0.086777 0.055893 0.071625
13 0.498858 0.131088 0.255568 0.168512
13 0.310394 0.217631 0.069960 0.006887
13 0.406411 0.201791 0.407624 0.309917
13 0.139050 0.279614 0.007139 0.099174
13 0.255604 0.279614 0.208809 0.099174
11 0.004997 0.500000 0.009994 0.041568
11 0.036693 0.500000 0.009994 0.092101
11 0.079510 0.054339 0.059363 0.008264
11 0.179754 0.038292 0.058801 0.009642
11 0.510994 0.148485 0.058422 0.019559
11 0.571372 0.058196 0.043658 0.017355
11 0.443861 0.164532 0.051343 0.008264
11 0.359297 0.148485 0.050964 0.029477
11 0.137997 0.148485 0.063089 0.029477
11 0.232944 0.217355 0.069268 0.029477
11 0.152627 0.350138 0.089272 0.019559
11 0.454168 0.028857 0.014846 0.008264
11 0.184322 0.139050 0.014846 0.008264
11 0.160324 0.207920 0.006826 0.008264
11 0.453013 0.046763 0.006826 0.008264
11 0.375201 0.202410 0.006826 0.008264
11 0.127212 0.214807 0.014846 0.008264
11 0.321387 0.269904 0.014846 0.008264
