8 0.500093 0.501110 0.991382 0.984222
0 0.070433 0.059618 0.022010 0.033746
3 0.151137 0.059618 0.073368 0.089989
11 0.151137 0.059899 0.101027 0.028684
4 0.283199 0.059618 0.029347 0.044994
3 0.283199 0.201003 0.073368 0.089989
11 0.283199 0.203816 0.096782 0.057368
1 0.467718 0.160855 0.022010 0.033746
11 0.467718 0.188484 0.072374 0.026294
2 0.444974 0.059618 0.020543 0.031496
11 0.444974 0.086122 0.117511 0.026294
3 0.593232 0.160855 0.073368 0.089989
11 0.593232 0.163667 0.073011 0.057368
2 0.711833 0.160855 0.020543 0.031496
1 0.395084 0.160855 0.022010 0.033746
3 0.395084 0.450246 0.073368 0.089989
11 0.395084 0.453058 0.075558 0.057368
4 0.619560 0.450246 0.029347 0.044994
3 0.641570 0.645668 0.073368 0.089989
11 0.641570 0.648480 0.074709 0.057368
1 0.283199 0.437210 0.022010 0.033746
2 0.711833 0.450246 0.020543 0.031496
13 0.097946 0.059618 0.035950 0.011249
13 0.228173 0.059945 0.083639 0.011249
13 0.366288 0.059892 0.139765 0.011249
11 0.329157 0.046838 0.076437 0.029061
13 0.283412 0.119062 0.007337 0.078394
11 0.273128 0.052550 0.017780 0.140255
13 0.517636 0.160855 0.080760 0.011249
13 0.665739 0.160855 0.074581 0.011249
13 0.431401 0.160855 0.053558 0.011249
13 0.395084 0.291490 0.007337 0.232023
13 0.518327 0.450554 0.176053 0.011249
13 0.630748 0.536708 0.024578 0.132430
11 0.609656 0.428763 0.017608 0.237872
13 0.351981 0.181941 0.067131 0.041773
13 0.667898 0.450515 0.070263 0.011249
