0 0.028357 0.114713 0.025021 0.074813
3 0.140117 0.114713 0.083403 0.199501
4 0.236030 0.114713 0.033361 0.099751
2 0.958299 0.114713 0.023353 0.069825
3 0.867389 0.114713 0.083403 0.199501
3 0.331943 0.376559 0.083403 0.199501
1 0.433695 0.376559 0.025021 0.074813
1 0.567139 0.875312 0.025021 0.074813
1 0.567139 0.376559 0.025021 0.074813
1 0.567139 0.625935 0.025021 0.074813
3 0.675563 0.625935 0.083403 0.199501
3 0.675563 0.376559 0.083403 0.199501
4 0.771476 0.625935 0.033361 0.099751
3 0.771476 0.875312 0.083403 0.199501
4 0.824437 0.376559 0.033361 0.099751
2 0.958299 0.875312 0.023353 0.069825
13 0.069641 0.114713 0.060884 0.024938
13 0.200584 0.115496 0.040867 0.024938
13 0.927857 0.114713 0.040867 0.024938
13 0.539199 0.115362 0.576314 0.024938
13 0.263344 0.270574 0.057131 0.221945
13 0.397415 0.376559 0.050876 0.024938
13 0.464971 0.377139 0.040867 0.024938
13 0.527731 0.650873 0.057131 0.458853
13 0.535863 0.377147 0.040867 0.024938
13 0.527731 0.526185 0.057131 0.209476
13 0.606756 0.625935 0.057548 0.024938
13 0.606756 0.376559 0.057548 0.024938
13 0.736030 0.626718 0.040867 0.024938
13 0.654712 0.875312 0.153461 0.024938
13 0.771728 0.725686 0.008340 0.109726
13 0.762510 0.377285 0.093828 0.024938
13 0.854254 0.296135 0.029608 0.173317
13 0.806505 0.526808 0.040033 0.210723
13 0.879900 0.875312 0.136781 0.024938
11 0.028214 0.204738 0.046419 0.095761
11 0.141372 0.113716 0.044516 0.070823
11 0.284423 0.156858 0.073434 0.029925
11 0.958323 0.169327 0.068440 0.029925
11 0.867389 0.095761 0.043106 0.070823
11 0.333199 0.375561 0.059359 0.106733
11 0.435141 0.450125 0.056271 0.062843
11 0.567778 0.948878 0.059659 0.062843
11 0.567107 0.433666 0.074997 0.029925
11 0.568071 0.699501 0.055241 0.062843
11 0.676817 0.624938 0.059789 0.070823
11 0.675563 0.375561 0.047844 0.070823
11 0.837280 0.684539 0.054876 0.062843
11 0.771476 0.856359 0.055634 0.106733
11 0.957949 0.946384 0.072694 0.062843
11 0.268818 0.079551 0.018870 0.029925
11 0.225031 0.131920 0.009696 0.029925
11 0.760060 0.613217 0.018870 0.029925
11 0.799677 0.593267 0.009696 0.029925
