8 0.182000 0.094667 0.364000 0.139333
0 0.024000 0.063667 0.010000 0.010000
3 0.060667 0.063667 0.033333 0.026667
4 0.100667 0.063667 0.013333 0.013333
1 0.127333 0.063667 0.010000 0.010000
3 0.164000 0.063667 0.033333 0.026667
1 0.229000 0.063667 0.010000 0.010000
1 0.228667 0.093667 0.010000 0.010000
3 0.265667 0.093667 0.033333 0.026667
3 0.265667 0.063667 0.033333 0.026667
2 0.329333 0.063667 0.009333 0.009333
1 0.228667 0.138333 0.010000 0.010000
3 0.265333 0.138333 0.033333 0.026667
4 0.304000 0.138333 0.013333 0.013333
2 0.329333 0.138333 0.009333 0.009333
2 0.329333 0.093667 0.009333 0.009333
2 0.329333 0.039667 0.009333 0.009333
