0 0.052795 0.063536 0.031056 0.041436
3 0.166667 0.063536 0.103520 0.110497
4 0.285714 0.063536 0.041408 0.055249
3 0.803313 0.077348 0.103520 0.110497
2 0.947205 0.077348 0.028986 0.038674
3 0.285714 0.222376 0.103520 0.110497
1 0.285714 0.546961 0.031056 0.041436
1 0.404762 0.429558 0.031056 0.041436
3 0.518634 0.429558 0.103520 0.110497
2 0.641822 0.429558 0.028986 0.038674
1 0.487578 0.284530 0.031056 0.041436
3 0.601449 0.284530 0.103520 0.110497
4 0.720497 0.284530 0.041408 0.055249
3 0.725673 0.740331 0.103520 0.110497
3 0.446170 0.636740 0.103520 0.110497
4 0.565217 0.636740 0.041408 0.055249
3 0.565217 0.823204 0.103520 0.110497
2 0.565217 0.932320 0.028986 0.038674
2 0.838509 0.740331 0.028986 0.038674
13 0.091615 0.063536 0.050725 0.013812
13 0.241718 0.063969 0.050725 0.013812
13 0.528986 0.070787 0.449275 0.018646
13 0.893892 0.076692 0.081781 0.013812
13 0.286019 0.129144 0.010352 0.081492
13 0.347308 0.428177 0.087992 0.013812
13 0.287785 0.491713 0.010352 0.074586
13 0.443582 0.429558 0.050725 0.013812
13 0.598861 0.429558 0.061077 0.013812
13 0.526398 0.284530 0.050725 0.013812
13 0.389234 0.352818 0.169772 0.120535
13 0.676501 0.284964 0.050725 0.013812
13 0.769360 0.194751 0.070570 0.129834
13 0.285714 0.339779 0.010352 0.129834
13 0.723344 0.498619 0.010352 0.378453
13 0.347826 0.591851 0.097308 0.095304
13 0.521222 0.637174 0.050725 0.013812
13 0.637733 0.661257 0.107765 0.053177
13 0.565516 0.716160 0.010352 0.109116
13 0.565217 0.895718 0.010352 0.040055
13 0.800725 0.740331 0.050725 0.013812
11 0.052765 0.113398 0.093107 0.053039
11 0.166667 0.062983 0.062482 0.039227
11 0.287122 0.016436 0.083560 0.016575
11 0.804870 0.076796 0.073887 0.039227
11 0.947245 0.125829 0.091178 0.053039
11 0.286116 0.221823 0.085522 0.118785
11 0.285674 0.596823 0.074453 0.053039
11 0.404647 0.470304 0.090868 0.034807
11 0.520194 0.429006 0.079775 0.098895
11 0.643512 0.478039 0.092407 0.053039
11 0.487861 0.325276 0.075100 0.034807
11 0.601449 0.283978 0.071097 0.039227
11 0.721702 0.246547 0.072803 0.034807
11 0.725673 0.739779 0.088398 0.059116
11 0.446170 0.636188 0.060775 0.098895
11 0.572221 0.578591 0.094753 0.016575
11 0.566775 0.822652 0.073887 0.039227
11 0.564806 0.971685 0.081994 0.034807
11 0.838244 0.770580 0.063651 0.016575
11 0.326499 0.045442 0.021529 0.016575
11 0.272030 0.074448 0.009899 0.016575
11 0.758573 0.194613 0.009899 0.016575
11 0.706417 0.278867 0.021529 0.016575
11 0.606003 0.618646 0.021529 0.016575
11 0.551533 0.647652 0.009899 0.016575
