8 0.500000 0.500000 0.993818 0.973970
3 0.152499 0.240781 0.051520 0.173536
0 0.072643 0.240781 0.015456 0.065076
4 0.206595 0.240781 0.020608 0.086768
3 0.326121 0.555315 0.079341 0.173536
2 0.971149 0.108460 0.014426 0.060738
3 0.500258 0.555315 0.051520 0.173536
1 0.592993 0.338395 0.015456 0.065076
1 0.592993 0.848156 0.015456 0.065076
3 0.670273 0.338395 0.051520 0.173536
3 0.848016 0.108460 0.051520 0.173536
1 0.592993 0.555315 0.015456 0.065076
3 0.670273 0.555315 0.051520 0.173536
4 0.757857 0.555315 0.020608 0.086768
3 0.886656 0.707158 0.051520 0.173536
4 0.757857 0.108460 0.020608 0.086768
4 0.835137 0.707158 0.020608 0.086768
1 0.412674 0.555315 0.015456 0.065076
1 0.938176 0.707158 0.015456 0.065076
13 0.103555 0.240781 0.048429 0.021692
13 0.187275 0.241475 0.020093 0.021692
13 0.532457 0.556024 0.014941 0.021692
13 0.567362 0.425163 0.037867 0.182213
13 0.567362 0.723427 0.037867 0.258134
13 0.622617 0.338395 0.045853 0.021692
13 0.918856 0.108460 0.092221 0.021692
13 0.572385 0.555828 0.027821 0.021692
13 0.622617 0.555315 0.045853 0.021692
13 0.721793 0.555951 0.053581 0.021692
13 0.758114 0.331887 0.005152 0.368764
13 0.795209 0.109097 0.056157 0.021692
13 0.853168 0.707867 0.017517 0.021692
13 0.921432 0.707158 0.020093 0.021692
13 0.791473 0.653471 0.068779 0.118221
13 0.718702 0.799349 0.238022 0.106291
13 0.721793 0.223970 0.053581 0.237527
13 0.477202 0.155098 0.542761 0.093275
13 0.246651 0.419740 0.081659 0.279826
13 0.447450 0.555315 0.056157 0.021692
13 0.385368 0.555315 0.041216 0.021692
13 0.951056 0.391540 0.027821 0.574837
11 0.010613 0.500000 0.007213 0.177226
11 0.026069 0.500000 0.007213 0.178722
11 0.152888 0.239913 0.025689 0.092842
11 0.073243 0.304772 0.047567 0.054664
11 0.326899 0.554447 0.062621 0.061605
11 0.500258 0.554447 0.040543 0.061605
11 0.593629 0.402386 0.045579 0.054664
11 0.592757 0.912148 0.044865 0.054664
11 0.670273 0.337527 0.029554 0.061605
11 0.848016 0.107592 0.026627 0.061605
11 0.593661 0.619306 0.044613 0.054664
11 0.671048 0.554447 0.036933 0.061605
11 0.770777 0.650976 0.043357 0.083297
11 0.886921 0.706291 0.034377 0.061605
11 0.412711 0.604989 0.041290 0.026030
11 0.938901 0.771150 0.033391 0.054664
11 0.751046 0.485683 0.004927 0.026030
11 0.766305 0.737310 0.010715 0.026030
11 0.250982 0.157267 0.036225 0.054664
11 0.240578 0.524729 0.042206 0.026030
