8 0.499783 0.500502 0.989140 0.976908
11 0.040834 0.500502 0.010426 0.181239
0 0.089922 0.263052 0.026064 0.060241
11 0.089922 0.308233 0.089084 0.022088
3 0.213727 0.263052 0.086881 0.160643
11 0.213727 0.259036 0.048926 0.024096
4 0.313640 0.263052 0.034752 0.080321
11 0.350912 0.296185 0.056299 0.024096
2 0.313640 0.070281 0.024327 0.056225
3 0.439618 0.263052 0.086881 0.160643
11 0.439618 0.259036 0.071714 0.048193
2 0.705473 0.160643 0.024327 0.056225
1 0.578627 0.263052 0.026064 0.060241
11 0.578627 0.308233 0.073110 0.022088
1 0.578627 0.373494 0.026064 0.060241
11 0.578627 0.418675 0.054679 0.022088
3 0.674196 0.373494 0.086881 0.160643
11 0.674196 0.369478 0.059650 0.048193
4 0.774109 0.373494 0.034752 0.080321
11 0.774109 0.291165 0.069703 0.048193
2 0.842745 0.373494 0.024327 0.056225
4 0.774109 0.570281 0.034752 0.080321
1 0.578627 0.570281 0.026064 0.060241
11 0.578627 0.615462 0.126561 0.022088
3 0.874023 0.570281 0.086881 0.160643
11 0.874023 0.566265 0.054288 0.048193
2 0.968723 0.565863 0.024327 0.056225
13 0.136620 0.263052 0.070808 0.020080
13 0.276716 0.263682 0.042572 0.020080
13 0.313843 0.160643 0.008688 0.132530
11 0.336483 0.183658 0.010530 0.046596
13 0.363597 0.263660 0.068636 0.020080
11 0.342561 0.235716 0.009419 0.024171
13 0.491746 0.263718 0.020851 0.020080
13 0.550391 0.263052 0.033884 0.020080
13 0.541920 0.338353 0.050825 0.078313
13 0.611208 0.373494 0.042572 0.020080
13 0.737185 0.374124 0.042572 0.020080
13 0.811034 0.373961 0.042572 0.020080
11 0.802613 0.345973 0.008779 0.024224
13 0.773241 0.471888 0.008688 0.124498
11 0.761077 0.372264 0.010426 0.044923
13 0.541920 0.436747 0.050825 0.275100
13 0.674196 0.570771 0.168549 0.020080
13 0.811034 0.570917 0.042572 0.020080
13 0.937011 0.568072 0.042572 0.020080
13 0.642485 0.200170 0.105126 0.086142
