3 0.274764 0.075908 0.117925 0.132013
4 0.433962 0.075908 0.047170 0.066007
3 0.674528 0.075908 0.117925 0.132013
2 0.948113 0.075908 0.033019 0.046205
3 0.674528 0.587459 0.117925 0.132013
3 0.433962 0.257426 0.117925 0.132013
1 0.544811 0.587459 0.035377 0.049505
3 0.433962 0.422442 0.117925 0.132013
1 0.544811 0.744224 0.035377 0.049505
3 0.709906 0.744224 0.117925 0.132013
4 0.831368 0.744224 0.047170 0.066007
3 0.831368 0.917492 0.117925 0.132013
1 0.544811 0.917492 0.035377 0.049505
0 0.056604 0.075908 0.035377 0.049505
12 0.145047 0.075908 0.146226 0.016502
12 0.372052 0.076410 0.081368 0.016502
12 0.832547 0.075908 0.202830 0.016502
12 0.536557 0.076382 0.162736 0.016502
12 0.674528 0.331683 0.011792 0.386139
12 0.434180 0.150165 0.011792 0.089109
12 0.589033 0.587459 0.057783 0.016502
12 0.492335 0.587851 0.074292 0.016502
12 0.434314 0.521452 0.011792 0.072607
12 0.480837 0.682343 0.097288 0.130363
12 0.788325 0.744755 0.043632 0.016502
12 0.753243 0.426568 0.162146 0.575908
12 0.831721 0.814356 0.011792 0.080858
12 0.667453 0.917492 0.214623 0.016502
12 0.480837 0.768977 0.097288 0.303630
12 0.919222 0.508251 0.062500 0.825083
12 0.433962 0.339934 0.011792 0.039604
12 0.606722 0.744224 0.093160 0.016502
