8 0.352000 0.125167 0.644000 0.180333
3 0.121667 0.076667 0.033333 0.026667
0 0.073333 0.076667 0.010000 0.010000
3 0.221667 0.076757 0.033333 0.026667
3 0.275833 0.076667 0.033333 0.026667
4 0.171667 0.076667 0.013333 0.013333
1 0.403333 0.076667 0.010000 0.010000
3 0.451667 0.076667 0.033333 0.026667
3 0.571667 0.076667 0.033333 0.026667
1 0.403333 0.125333 0.010000 0.010000
3 0.451667 0.125333 0.033333 0.026667
4 0.499167 0.125333 0.013333 0.013333
3 0.571667 0.174000 0.033333 0.026667
3 0.330000 0.076667 0.033333 0.026667
1 0.403333 0.174000 0.010000 0.010000
2 0.628000 0.076667 0.009333 0.009333
2 0.628000 0.174000 0.009333 0.009333
4 0.527500 0.076757 0.013333 0.013333
4 0.499167 0.174000 0.013333 0.013333
