8 0.278514 0.134545 0.527029 0.159089
0 0.057747 0.130000 0.010000 0.010000
3 0.094413 0.130000 0.033333 0.026667
4 0.132747 0.130000 0.013333 0.013333
3 0.171080 0.130000 0.033333 0.026667
1 0.290651 0.148333 0.010000 0.010000
1 0.290651 0.108333 0.010000 0.010000
3 0.327318 0.108333 0.033333 0.026667
3 0.465625 0.130000 0.033333 0.026667
2 0.503625 0.130000 0.009333 0.009333
3 0.327318 0.148333 0.033333 0.026667
4 0.365651 0.148333 0.013333 0.013333
4 0.408424 0.130000 0.013333 0.013333
1 0.290651 0.178333 0.010000 0.010000
3 0.465625 0.178333 0.033333 0.026667
4 0.365651 0.178333 0.013333 0.013333
2 0.503625 0.178333 0.009333 0.009333
3 0.222972 0.130088 0.033333 0.026667
