8 0.500099 0.500000 0.993997 0.984273
3 0.114212 0.171691 0.051680 0.104849
4 0.173643 0.171691 0.020672 0.052425
3 0.233075 0.171691 0.051680 0.104849
3 0.308010 0.171691 0.051680 0.104849
3 0.465633 0.171691 0.051680 0.104849
1 0.408786 0.302752 0.015504 0.039318
3 0.540568 0.302752 0.051680 0.104849
4 0.600000 0.302752 0.020672 0.052425
3 0.659432 0.440367 0.051680 0.104849
1 0.408786 0.442988 0.015504 0.039318
3 0.540568 0.442988 0.051680 0.104849
4 0.450129 0.442988 0.020672 0.052425
3 0.910276 0.604849 0.051680 0.104849
4 0.850646 0.604194 0.020672 0.052425
4 0.718863 0.302752 0.020672 0.052425
4 0.540568 0.604849 0.020672 0.052425
2 0.966607 0.604849 0.014470 0.036697
1 0.408786 0.171691 0.015504 0.039318
0 0.057364 0.171691 0.015504 0.039318
13 0.076744 0.171691 0.025323 0.013106
13 0.151680 0.172102 0.025323 0.013106
13 0.195607 0.172106 0.025323 0.013106
13 0.270543 0.171691 0.025323 0.013106
13 0.345478 0.172102 0.025323 0.013106
13 0.384367 0.250328 0.035401 0.110092
13 0.578036 0.303164 0.025323 0.013106
13 0.616925 0.384666 0.035401 0.116645
13 0.384367 0.320446 0.035401 0.250328
13 0.465633 0.302752 0.100258 0.013106
13 0.428165 0.443293 0.025323 0.013106
13 0.487597 0.443373 0.056331 0.013106
13 0.490310 0.537314 0.081912 0.141470
13 0.872709 0.604849 0.025521 0.013106
13 0.702196 0.384666 0.035917 0.116645
13 0.790052 0.440695 0.123773 0.279817
13 0.659432 0.302752 0.100258 0.013106
13 0.671189 0.374836 0.361499 0.411533
13 0.695607 0.605177 0.291473 0.013106
13 0.540718 0.537025 0.005168 0.088467
13 0.512403 0.467235 0.679070 0.543906
13 0.947744 0.604849 0.025323 0.013106
13 0.389406 0.172000 0.025323 0.013106
13 0.428165 0.171691 0.025323 0.013106
11 0.010646 0.500000 0.007235 0.092227
11 0.026150 0.500000 0.007235 0.107982
11 0.114212 0.171166 0.042568 0.018349
11 0.174790 0.119921 0.028133 0.033028
11 0.233075 0.171166 0.042293 0.056094
11 0.308788 0.171166 0.042224 0.056094
11 0.465633 0.171166 0.029646 0.037221
11 0.409363 0.341415 0.034230 0.033028
11 0.541346 0.302228 0.037048 0.037221
11 0.608826 0.249148 0.043492 0.050328
11 0.659602 0.430406 0.033609 0.056094
11 0.409484 0.481651 0.047909 0.033028
11 0.541171 0.442464 0.035845 0.056094
11 0.462984 0.404325 0.036047 0.033028
11 0.910078 0.604980 0.033608 0.037221
11 0.966768 0.642857 0.037928 0.033028
11 0.408765 0.201704 0.046471 0.015727
11 0.057896 0.219004 0.026903 0.050328
11 0.190585 0.153211 0.004942 0.015727
11 0.592971 0.297379 0.010748 0.015727
11 0.470490 0.424509 0.010748 0.015727
11 0.443298 0.453342 0.004942 0.015727
11 0.616941 0.284273 0.004942 0.015727
