8 0.500000 0.287967 0.991118 0.561916
8 0.288675 0.789136 0.566987 0.407710
0 0.085862 0.129673 0.022206 0.035047
3 0.185788 0.129673 0.074019 0.093458
4 0.270910 0.129673 0.029608 0.046729
3 0.874167 0.129673 0.074019 0.093458
3 0.270910 0.264019 0.113990 0.093458
2 0.958549 0.129673 0.020725 0.032710
3 0.526277 0.386682 0.074019 0.093458
3 0.797927 0.503505 0.099186 0.093458
3 0.522576 0.264019 0.099186 0.093458
4 0.689119 0.386682 0.029608 0.046729
4 0.689119 0.129673 0.029608 0.046729
4 0.622502 0.264019 0.029608 0.046729
4 0.689119 0.503505 0.029608 0.046729
1 0.427091 0.264019 0.022206 0.035047
4 0.797927 0.129673 0.029608 0.046729
1 0.376018 0.386682 0.022206 0.035047
0 0.071799 0.772196 0.022206 0.035047
4 0.142117 0.772196 0.029608 0.046729
3 0.238342 0.649533 0.074019 0.093458
3 0.376018 0.772196 0.074019 0.093458
4 0.461140 0.772196 0.029608 0.046729
2 0.519615 0.772196 0.020725 0.032710
10 0.395633 0.943341 0.116210 0.073598
13 0.122872 0.129673 0.054774 0.011682
13 0.239452 0.130040 0.036269 0.011682
13 0.271129 0.185164 0.007402 0.068925
13 0.142857 0.509346 0.145078 0.495327
13 0.105107 0.772471 0.047372 0.011682
13 0.171910 0.699182 0.061806 0.103972
13 0.247964 0.772517 0.185048 0.011682
13 0.618801 0.387013 0.113990 0.011682
13 0.589933 0.264411 0.038490 0.011682
13 0.689489 0.258178 0.007402 0.214953
13 0.726129 0.503891 0.047372 0.011682
13 0.429682 0.772563 0.036269 0.011682
13 0.368431 0.699182 0.189119 0.103972
13 0.492598 0.772468 0.036269 0.011682
13 0.455588 0.264019 0.037750 0.011682
13 0.929682 0.129673 0.039970 0.011682
13 0.743523 0.130257 0.082161 0.011682
13 0.824944 0.130052 0.027387 0.011682
13 0.798124 0.304907 0.007402 0.308411
13 0.689489 0.445093 0.007402 0.074766
13 0.648594 0.395736 0.054404 0.221379
13 0.648409 0.185456 0.054774 0.115070
13 0.480385 0.082360 0.421170 0.052570
13 0.344560 0.264427 0.036269 0.011682
13 0.376195 0.328271 0.007402 0.086449
13 0.438194 0.386682 0.105107 0.011682
13 0.403405 0.264292 0.028127 0.011682
13 0.376018 0.564836 0.007402 0.325935
13 0.349314 0.889019 0.032844 0.039720
13 0.301999 0.833528 0.321984 0.080607
11 0.015248 0.287967 0.010363 0.163643
11 0.086863 0.164136 0.059736 0.029439
11 0.186905 0.129206 0.062708 0.050000
11 0.309059 0.127220 0.034847 0.014019
11 0.874167 0.129206 0.058493 0.016355
11 0.272029 0.263551 0.089968 0.033178
11 0.958526 0.155257 0.060650 0.014019
11 0.527390 0.386215 0.053063 0.033178
11 0.798795 0.503037 0.080484 0.050000
11 0.523694 0.263551 0.071371 0.033178
11 0.735435 0.384930 0.048219 0.029439
11 0.657944 0.262266 0.030174 0.029439
11 0.427307 0.290771 0.067049 0.014019
11 0.322649 0.393107 0.048702 0.029439
11 0.261126 0.138902 0.007078 0.014019
11 0.679335 0.349182 0.007078 0.014019
11 0.679051 0.381893 0.015394 0.014019
11 0.612434 0.259229 0.015394 0.014019
11 0.613458 0.180958 0.007078 0.014019
11 0.260843 0.078154 0.015394 0.014019
11 0.015988 0.789136 0.010363 0.137540
11 0.072990 0.806659 0.039392 0.029439
11 0.239457 0.649065 0.042966 0.033178
11 0.377131 0.771729 0.053063 0.033178
11 0.395656 0.949883 0.065923 0.044860
