8 0.476437 0.500000 0.941565 0.979021
0 0.104618 0.115385 0.028275 0.052448
6 0.194156 0.115385 0.037700 0.069930
3 0.335533 0.115385 0.094251 0.139860
1 0.458058 0.622378 0.028275 0.052448
3 0.458058 0.115385 0.094251 0.139860
1 0.458058 0.797203 0.028275 0.052448
6 0.646560 0.403846 0.037700 0.069930
2 0.895382 0.034965 0.026390 0.048951
1 0.458058 0.902098 0.028275 0.052448
3 0.773798 0.229021 0.094251 0.139860
3 0.335533 0.421329 0.094251 0.139860
12 0.147031 0.115797 0.060320 0.017483
12 0.250707 0.114510 0.079171 0.017483
12 0.458058 0.390734 0.009425 0.417832
12 0.560320 0.618007 0.180019 0.365385
12 0.335533 0.268357 0.009425 0.173077
12 0.399152 0.622799 0.093308 0.017483
12 0.696041 0.087413 0.385485 0.062937
12 0.784166 0.230769 0.241282 0.349650
12 0.537229 0.055944 0.693685 0.055944
12 0.688501 0.298951 0.080113 0.146853
12 0.859095 0.144231 0.080113 0.176573
12 0.390669 0.727273 0.110273 0.146853
12 0.611216 0.599650 0.281810 0.608392
12 0.335745 0.539336 0.009425 0.103147
12 0.390049 0.779720 0.111514 0.251748
