0 0.038095 0.238095 0.023810 0.084034
3 0.125397 0.238095 0.079365 0.224090
4 0.216667 0.238095 0.031746 0.112045
3 0.307937 0.532213 0.079365 0.224090
1 0.486508 0.238095 0.023810 0.084034
1 0.486508 0.532213 0.023810 0.084034
1 0.486508 0.826331 0.023810 0.084034
3 0.839683 0.826331 0.079365 0.224090
3 0.595635 0.532213 0.079365 0.224090
4 0.732540 0.532213 0.031746 0.112045
4 0.732540 0.826331 0.031746 0.112045
4 0.732540 0.238095 0.031746 0.112045
3 0.839683 0.238095 0.079365 0.224090
3 0.595635 0.238715 0.079365 0.224090
2 0.965873 0.826331 0.022222 0.078431
2 0.965873 0.238715 0.022222 0.078431
12 0.067857 0.238095 0.038889 0.028011
12 0.182937 0.238974 0.038889 0.028011
12 0.242659 0.413165 0.054365 0.249300
12 0.371429 0.533071 0.050794 0.028011
12 0.443056 0.707283 0.066270 0.249300
12 0.443056 0.357143 0.066270 0.249300
12 0.450794 0.532880 0.050794 0.028011
12 0.527183 0.532213 0.060714 0.028011
12 0.675992 0.533033 0.084524 0.028011
12 0.607540 0.827018 0.221429 0.028011
12 0.774206 0.827190 0.054762 0.028011
12 0.732937 0.385154 0.007937 0.193277
12 0.527182 0.238326 0.060714 0.028011
12 0.732937 0.679272 0.007937 0.193277
12 0.774206 0.238954 0.054762 0.028011
12 0.675992 0.239172 0.084524 0.028011
12 0.475000 0.099440 0.519048 0.176471
12 0.917063 0.826331 0.078571 0.028011
12 0.917063 0.238476 0.078571 0.028011
