8 0.500000 0.500000 0.989140 0.979203
11 0.015385 0.526071 0.021719 0.295469
9 0.513575 0.126516 0.961991 0.232236
11 0.042534 0.149579 0.021719 0.261377
9 0.513575 0.616118 0.961991 0.746967
11 0.042534 0.658984 0.021719 0.485820
0 0.100452 0.126516 0.027149 0.051993
4 0.172851 0.126516 0.036199 0.069324
11 0.241629 0.054159 0.246089 0.044194
2 0.941176 0.126516 0.025339 0.048527
3 0.172851 0.372617 0.090498 0.138648
11 0.172851 0.373050 0.076445 0.044194
4 0.295023 0.372617 0.036199 0.069324
11 0.380995 0.303726 0.375941 0.044194
5 0.295023 0.545927 0.036199 0.069324
3 0.295023 0.885615 0.090498 0.138648
11 0.295023 0.893847 0.104719 0.132582
1 0.371946 0.545927 0.027149 0.051993
11 0.409955 0.588497 0.267818 0.040511
1 0.525792 0.885615 0.027149 0.051993
11 0.525792 0.928185 0.107511 0.040511
3 0.797285 0.372617 0.090498 0.138648
11 0.797285 0.376950 0.074350 0.088388
4 0.715837 0.694974 0.036199 0.069324
11 0.809955 0.659012 0.207343 0.044194
3 0.620814 0.694974 0.090498 0.138648
11 0.620814 0.699307 0.093200 0.088388
1 0.715837 0.885615 0.027149 0.051993
11 0.715837 0.928185 0.223662 0.040511
13 0.134389 0.126920 0.044344 0.017331
13 0.559729 0.126947 0.741176 0.017331
11 0.208295 0.106985 0.031112 0.044243
13 0.173110 0.232236 0.009050 0.149047
11 0.160530 0.141942 0.021751 0.037090
13 0.247511 0.373145 0.062443 0.017331
13 0.295475 0.459272 0.009050 0.110919
11 0.282805 0.387983 0.021719 0.036934
13 0.295273 0.698440 0.009050 0.242634
13 0.335747 0.546337 0.048869 0.017331
13 0.426244 0.885615 0.175566 0.017331
13 0.532579 0.373034 0.442534 0.017331
11 0.330456 0.353061 0.031116 0.044276
13 0.620814 0.546358 0.157466 0.017331
11 0.555334 0.525703 0.019961 0.044282
13 0.446606 0.546347 0.125792 0.017331
13 0.734163 0.441941 0.039367 0.145581
13 0.681900 0.695528 0.035294 0.017331
13 0.716290 0.620451 0.009050 0.086655
11 0.703620 0.641016 0.021719 0.036934
13 0.526244 0.620451 0.009050 0.086655
11 0.538914 0.554608 0.021719 0.082391
13 0.620814 0.885615 0.166516 0.017331
13 0.716054 0.794627 0.009050 0.136915
11 0.703461 0.703732 0.021812 0.082592
13 0.828959 0.506066 0.202715 0.766031
13 0.885520 0.250000 0.089593 0.253899
13 0.559729 0.695534 0.035294 0.017331
11 0.555529 0.675223 0.019987 0.044370
13 0.526009 0.794627 0.009050 0.136915
11 0.513416 0.703732 0.021812 0.082592
