8 0.500000 0.500000 0.989130 0.972093
0 0.070652 0.283721 0.027174 0.069767
3 0.170290 0.283721 0.090580 0.186047
4 0.278986 0.283721 0.036232 0.093023
1 0.351449 0.283721 0.027174 0.069767
3 0.451087 0.283721 0.090580 0.186047
1 0.627717 0.283721 0.027174 0.069767
1 0.626812 0.493023 0.027174 0.069767
3 0.727355 0.493023 0.090580 0.186047
3 0.727355 0.283721 0.090580 0.186047
2 0.900362 0.283721 0.025362 0.065116
1 0.626812 0.804651 0.027174 0.069767
3 0.726449 0.804651 0.090580 0.186047
4 0.831522 0.804651 0.036232 0.093023
2 0.900362 0.804651 0.025362 0.065116
2 0.900362 0.493023 0.025362 0.065116
2 0.900362 0.116279 0.025362 0.065116
12 0.238225 0.284445 0.048913 0.023256
12 0.385417 0.283721 0.044384 0.023256
12 0.516757 0.284451 0.044384 0.023256
12 0.593750 0.284269 0.044384 0.023256
12 0.584466 0.411628 0.061141 0.172093
12 0.661685 0.283721 0.044384 0.023256
12 0.830163 0.283721 0.118659 0.023256
12 0.584466 0.567442 0.061141 0.483721
12 0.660779 0.804651 0.044384 0.023256
12 0.104620 0.283721 0.044384 0.023256
12 0.661232 0.493023 0.045290 0.023256
12 0.792572 0.805380 0.045290 0.023256
12 0.830163 0.493023 0.118659 0.023256
12 0.317482 0.284269 0.044384 0.023256
12 0.583560 0.176744 0.611866 0.130233
12 0.779665 0.672093 0.108243 0.181395
12 0.868659 0.805190 0.041667 0.023256
