8 0.500000 0.500000 0.990840 0.977401
0 0.075573 0.195857 0.022901 0.056497
3 0.170992 0.195857 0.076336 0.150659
4 0.274046 0.195857 0.030534 0.075330
3 0.362595 0.355932 0.096183 0.150659
1 0.525191 0.355932 0.022901 0.056497
3 0.813740 0.195857 0.076336 0.150659
4 0.722137 0.196050 0.030534 0.075330
3 0.630534 0.355932 0.076336 0.150659
1 0.525191 0.570621 0.022901 0.056497
3 0.630534 0.570621 0.076336 0.150659
4 0.722137 0.570621 0.030534 0.075330
3 0.722137 0.798493 0.076336 0.150659
1 0.525191 0.798493 0.022901 0.056497
2 0.908397 0.798493 0.021374 0.052731
2 0.908397 0.195857 0.021374 0.052731
13 0.109924 0.195857 0.048855 0.018832
13 0.233969 0.196430 0.052672 0.018832
13 0.427863 0.356559 0.037405 0.018832
13 0.494656 0.356378 0.041221 0.018832
13 0.756489 0.196569 0.041221 0.018832
13 0.564504 0.355932 0.058779 0.018832
13 0.487214 0.482109 0.056107 0.184557
13 0.564504 0.570621 0.058779 0.018832
13 0.687786 0.571208 0.041221 0.018832
13 0.722519 0.383336 0.007634 0.306775
13 0.695611 0.294824 0.056870 0.129750
13 0.722361 0.665725 0.007634 0.122411
13 0.487214 0.596045 0.056107 0.412429
13 0.610305 0.798493 0.150382 0.018832
13 0.829008 0.798493 0.140458 0.018832
13 0.874809 0.195857 0.048855 0.018832
13 0.294466 0.294727 0.043130 0.129944
13 0.498092 0.196895 0.420611 0.018832
11 0.015725 0.500000 0.010687 0.132522
11 0.075608 0.251412 0.064194 0.047458
11 0.172138 0.195104 0.048366 0.053484
11 0.274195 0.133898 0.064420 0.072316
11 0.363745 0.355179 0.054330 0.080603
11 0.525161 0.399058 0.068643 0.022599
11 0.813740 0.195104 0.039453 0.053484
11 0.630534 0.355179 0.043790 0.053484
11 0.526044 0.626177 0.050561 0.047458
11 0.631682 0.569868 0.054723 0.053484
11 0.771881 0.567797 0.053686 0.047458
11 0.722137 0.797740 0.049146 0.053484
11 0.525413 0.854049 0.069147 0.047458
11 0.909584 0.877024 0.069549 0.097175
11 0.908164 0.249529 0.056023 0.047458
11 0.731894 0.457439 0.007300 0.022599
11 0.736945 0.651412 0.015875 0.022599
11 0.283802 0.282298 0.007300 0.022599
11 0.355266 0.171186 0.015875 0.022599
