8 0.499913 0.562298 0.992845 0.864811
11 0.009889 0.575801 0.013962 0.153039
8 0.512216 0.032316 0.589296 0.053860
11 0.512216 0.032989 0.095363 0.038151
0 0.082024 0.617864 0.017452 0.026930
11 0.082024 0.639912 0.115389 0.020983
4 0.244910 0.617864 0.023269 0.035907
11 0.278617 0.634695 0.082797 0.022890
3 0.178010 0.617864 0.058173 0.071813
11 0.178010 0.622127 0.052506 0.068671
3 0.313554 0.562208 0.058173 0.071813
11 0.313554 0.566472 0.061930 0.068671
1 0.413613 0.562208 0.017452 0.026930
11 0.413613 0.584257 0.057386 0.020983
2 0.905119 0.562208 0.016289 0.025135
11 0.911518 0.590541 0.079600 0.020983
1 0.413613 0.368941 0.017452 0.026930
11 0.413613 0.390990 0.064174 0.020983
3 0.485166 0.368941 0.058173 0.071813
11 0.485166 0.371185 0.049140 0.045781
4 0.860617 0.562208 0.023269 0.035907
1 0.413613 0.455835 0.017452 0.026930
11 0.413613 0.477884 0.093175 0.020983
3 0.791681 0.562208 0.058173 0.071813
11 0.791681 0.566472 0.049140 0.068671
3 0.791681 0.455835 0.058173 0.071813
11 0.791681 0.458079 0.059910 0.045781
4 0.860617 0.455835 0.023269 0.035907
11 0.905543 0.472666 0.116455 0.022890
3 0.860617 0.149013 0.058173 0.071813
11 0.860617 0.155296 0.070681 0.091562
1 0.620422 0.247756 0.017452 0.026930
11 0.620422 0.269805 0.064174 0.020983
4 0.860617 0.247756 0.023269 0.035907
1 0.620422 0.315081 0.017452 0.026930
11 0.620422 0.337130 0.093175 0.020983
1 0.620422 0.368941 0.017452 0.026930
11 0.620422 0.390990 0.057386 0.020983
4 0.693818 0.455835 0.023269 0.035907
4 0.652123 0.562208 0.023269 0.035907
12 0.907446 0.509246 0.058173 0.044883
11 0.906266 0.510592 0.076739 0.045781
13 0.119837 0.617864 0.060500 0.008977
13 0.220186 0.618145 0.028505 0.008977
13 0.264834 0.581059 0.041594 0.041293
11 0.237056 0.589916 0.013962 0.019130
13 0.531414 0.562430 0.220477 0.008977
13 0.439209 0.368941 0.036067 0.008977
13 0.884613 0.562416 0.027051 0.008977
13 0.524782 0.368941 0.023386 0.008977
13 0.389034 0.500045 0.034031 0.092011
13 0.834875 0.562488 0.030541 0.008977
13 0.552261 0.455835 0.262171 0.008977
13 0.834875 0.456115 0.030541 0.008977
13 0.869633 0.490511 0.019779 0.037036
13 0.860907 0.509022 0.005817 0.074057
11 0.852763 0.463794 0.013962 0.019130
13 0.860907 0.351795 0.005817 0.175763
11 0.852763 0.424424 0.013962 0.042674
13 0.351949 0.562497 0.020942 0.008977
13 0.394706 0.562665 0.022688 0.008977
13 0.389034 0.456598 0.034031 0.178905
13 0.579466 0.299532 0.066786 0.106501
13 0.860788 0.207361 0.005817 0.048474
13 0.739065 0.247977 0.222161 0.008977
13 0.553054 0.630630 0.618034 0.104527
11 0.237056 0.622360 0.013962 0.042674
13 0.585138 0.369157 0.055442 0.008977
13 0.579466 0.333034 0.066786 0.039497
13 0.734023 0.455835 0.059469 0.008977
13 0.640781 0.456598 0.025593 0.178905
13 0.713176 0.562461 0.101163 0.008977
13 0.661628 0.376481 0.067288 0.126391
13 0.323250 0.292774 0.005817 0.470646
13 0.303859 0.292774 0.005817 0.470646
13 0.475470 0.196140 0.005817 0.277379
13 0.494861 0.196140 0.005817 0.277379
