3 0.136458 0.290816 0.068918 0.136054
11 0.136458 0.291241 0.086128 0.043367
3 0.298415 0.290816 0.068918 0.136054
11 0.298415 0.298895 0.085330 0.130102
3 0.434873 0.290816 0.068918 0.136054
11 0.434873 0.298895 0.079748 0.130102
4 0.215713 0.290816 0.027567 0.068027
2 0.215713 0.799320 0.019297 0.047619
11 0.215713 0.839392 0.122812 0.039753
1 0.550655 0.035714 0.020675 0.051020
11 0.550655 0.077487 0.111847 0.039753
3 0.215885 0.545919 0.068918 0.136054
11 0.215885 0.550171 0.079748 0.086735
1 0.651964 0.290816 0.020675 0.051020
11 0.651964 0.332589 0.120619 0.039753
4 0.840110 0.290816 0.027567 0.068027
3 0.840110 0.894558 0.068918 0.136054
11 0.840110 0.898810 0.070178 0.086735
1 0.550655 0.894558 0.020675 0.051020
11 0.550655 0.936331 0.132315 0.039753
2 0.968298 0.035714 0.019297 0.047619
11 0.968298 0.075787 0.179832 0.039753
2 0.968298 0.894558 0.019297 0.047619
11 0.968298 0.934630 0.225886 0.039753
3 0.760855 0.290816 0.068918 0.136054
11 0.760855 0.295068 0.077356 0.086735
0 0.029635 0.290816 0.020675 0.051020
11 0.029635 0.332589 0.147667 0.039753
13 0.366644 0.290816 0.070296 0.017007
13 0.186423 0.291350 0.033770 0.017007
13 0.246726 0.291350 0.037216 0.017007
11 0.238373 0.271467 0.015216 0.043519
13 0.215983 0.401361 0.006892 0.159865
11 0.206365 0.299362 0.016566 0.080922
13 0.215784 0.694728 0.006892 0.168367
13 0.840293 0.575680 0.006892 0.508503
11 0.830729 0.255901 0.016642 0.376427
13 0.683322 0.894558 0.247416 0.017007
13 0.694349 0.290816 0.066850 0.017007
13 0.550825 0.596939 0.006892 0.551020
13 0.603032 0.291228 0.079945 0.017007
13 0.550821 0.159014 0.006892 0.202381
13 0.503101 0.291316 0.070296 0.017007
13 0.916609 0.894558 0.086837 0.017007
13 0.759821 0.035714 0.400414 0.017007
13 0.810820 0.290816 0.033770 0.017007
13 0.070986 0.290816 0.064783 0.017007
13 0.899552 0.146259 0.120951 0.227891
11 0.830806 0.203839 0.016540 0.267638
