0 0.020000 0.053333 0.010000 0.010000
3 0.056667 0.053333 0.033333 0.026667
4 0.095000 0.053333 0.013333 0.013333
3 0.141667 0.053333 0.033333 0.026667
1 0.220000 0.018333 0.010000 0.010000
1 0.220000 0.089667 0.010000 0.010000
1 0.220000 0.053333 0.010000 0.010000
3 0.256667 0.089667 0.033333 0.026667
3 0.256667 0.053333 0.033333 0.026667
4 0.295000 0.053333 0.013333 0.013333
3 0.370000 0.053333 0.033333 0.026667
2 0.434667 0.089667 0.009333 0.009333
4 0.325000 0.053333 0.013333 0.013333
4 0.408333 0.089667 0.013333 0.013333
