8 0.500145 0.500129 0.991619 0.969409
11 0.012283 0.538799 0.017341 0.438267
0 0.054191 0.488432 0.021676 0.077121
11 0.054913 0.411632 0.044452 0.120180
3 0.133671 0.488432 0.072254 0.205656
11 0.133671 0.489075 0.061034 0.065553
4 0.220376 0.488432 0.028902 0.102828
11 0.220376 0.404242 0.054346 0.065553
3 0.317919 0.722365 0.072254 0.205656
11 0.317919 0.734576 0.076920 0.196658
3 0.426301 0.722365 0.072254 0.205656
11 0.426301 0.734576 0.083609 0.196658
3 0.673772 0.466581 0.072254 0.205656
11 0.673772 0.473008 0.095314 0.131105
1 0.576228 0.466581 0.021676 0.077121
11 0.576228 0.529724 0.111130 0.060090
4 0.772760 0.466581 0.028902 0.102828
11 0.837066 0.478149 0.086953 0.131105
3 0.867413 0.191517 0.072254 0.205656
11 0.867413 0.203727 0.092806 0.196658
1 0.577673 0.191517 0.021676 0.077121
11 0.577673 0.254659 0.085838 0.060090
1 0.578035 0.722365 0.021676 0.077121
11 0.578035 0.785508 0.095802 0.060090
2 0.946532 0.785347 0.020231 0.071979
3 0.674133 0.722365 0.072254 0.205656
11 0.674133 0.723008 0.071067 0.065553
3 0.867775 0.785347 0.072254 0.205656
11 0.867775 0.791774 0.059362 0.131105
2 0.946532 0.191517 0.020231 0.071979
13 0.081286 0.488432 0.035405 0.025707
13 0.187861 0.489232 0.039017 0.025707
13 0.734104 0.467362 0.051301 0.025707
13 0.802204 0.303342 0.061055 0.233933
11 0.763006 0.376630 0.017341 0.122209
13 0.372110 0.722365 0.039017 0.025707
13 0.612356 0.466581 0.053468 0.025707
13 0.475072 0.723187 0.028179 0.025707
13 0.541004 0.595116 0.051662 0.267352
13 0.541908 0.722980 0.053468 0.025707
13 0.613439 0.722365 0.052023 0.025707
13 0.541727 0.457584 0.053107 0.542416
13 0.919978 0.191517 0.035766 0.025707
13 0.920159 0.785347 0.035405 0.025707
13 0.709899 0.191517 0.245665 0.025707
13 0.802204 0.651671 0.061777 0.277635
11 0.762644 0.488150 0.017341 0.054783
13 0.276373 0.554627 0.085983 0.140103
11 0.268074 0.461560 0.015917 0.065553
13 0.526012 0.730077 0.614162 0.390746
11 0.207236 0.691897 0.024835 0.065553
13 0.770954 0.753856 0.124277 0.073265
