8 0.500014 0.499622 0.991613 0.980316
11 0.011921 0.499622 0.008415 0.143578
0 0.090975 0.577074 0.021038 0.047319
11 0.090975 0.612563 0.091244 0.017350
3 0.192523 0.577074 0.070126 0.126183
11 0.192523 0.573919 0.060048 0.018927
3 0.331130 0.577074 0.070126 0.126183
11 0.331130 0.573919 0.049770 0.056782
3 0.423535 0.577074 0.070126 0.126183
11 0.423535 0.573919 0.054097 0.056782
4 0.263890 0.577074 0.028050 0.063091
1 0.644027 0.577074 0.021038 0.047319
11 0.644027 0.612563 0.061987 0.017350
1 0.645403 0.281484 0.021038 0.047319
11 0.645403 0.316973 0.090748 0.017350
3 0.717525 0.281484 0.070126 0.126183
11 0.717525 0.278330 0.048147 0.037855
3 0.900959 0.577074 0.070126 0.126183
11 0.900959 0.573919 0.034622 0.037855
2 0.968118 0.577074 0.019635 0.044164
4 0.787516 0.281484 0.028050 0.063091
3 0.854756 0.198435 0.070126 0.126183
11 0.854756 0.195280 0.055720 0.037855
2 0.968118 0.198435 0.019635 0.044164
3 0.719578 0.577074 0.070126 0.126183
11 0.719578 0.573919 0.046524 0.037855
6 0.792588 0.577074 0.028050 0.063091
1 0.645403 0.124120 0.021038 0.047319
11 0.645403 0.159609 0.102154 0.017350
13 0.129477 0.577074 0.058771 0.015773
13 0.238725 0.577074 0.025083 0.015773
13 0.377332 0.577074 0.025083 0.015773
13 0.286991 0.577074 0.020957 0.015773
13 0.669192 0.281484 0.029345 0.015773
13 0.947161 0.577074 0.025083 0.015773
13 0.763039 0.281995 0.023708 0.015773
13 0.803780 0.224187 0.034631 0.057813
13 0.924060 0.198435 0.071286 0.015773
13 0.669531 0.577074 0.032774 0.015773
13 0.766602 0.577074 0.026726 0.015773
13 0.582600 0.674500 0.639523 0.138071
13 0.836254 0.577074 0.062088 0.015773
13 0.789940 0.429279 0.007013 0.238807
13 0.737702 0.163523 0.166366 0.076133
13 0.573767 0.577459 0.122288 0.015773
13 0.567617 0.413506 0.137338 0.270353
13 0.472286 0.577574 0.030182 0.015773
13 0.564893 0.334824 0.142788 0.427717
