8 0.500093 0.501110 0.991382 0.984222
0 0.070433 0.059618 0.022010 0.033746
3 0.151137 0.059618 0.073368 0.089989
4 0.283199 0.059618 0.029347 0.044994
3 0.283199 0.201003 0.073368 0.089989
1 0.467718 0.160855 0.022010 0.033746
2 0.444974 0.059618 0.020543 0.031496
3 0.593232 0.160855 0.073368 0.089989
2 0.711833 0.160855 0.020543 0.031496
1 0.395084 0.160855 0.022010 0.033746
3 0.395084 0.450246 0.073368 0.089989
4 0.619560 0.450246 0.029347 0.044994
3 0.641570 0.645668 0.073368 0.089989
1 0.283199 0.437210 0.022010 0.033746
2 0.711833 0.450246 0.020543 0.031496
13 0.097946 0.059618 0.035950 0.011249
13 0.228173 0.059945 0.083639 0.011249
13 0.366288 0.059892 0.139765 0.011249
13 0.283412 0.119062 0.007337 0.078394
13 0.517636 0.160855 0.080760 0.011249
13 0.665739 0.160855 0.074581 0.011249
13 0.431401 0.160855 0.053558 0.011249
13 0.395084 0.291490 0.007337 0.232023
13 0.518327 0.450554 0.176053 0.011249
13 0.630748 0.536708 0.024578 0.132430
13 0.351981 0.181941 0.067131 0.041773
13 0.667898 0.450515 0.070263 0.011249
11 0.152238 0.059168 0.042083 0.031946
11 0.283199 0.200900 0.060042 0.048144
11 0.467369 0.186614 0.048457 0.013498
11 0.445032 0.091676 0.044869 0.028346
11 0.594647 0.160405 0.052378 0.031946
11 0.395821 0.449494 0.052595 0.031946
11 0.641233 0.645219 0.048202 0.031946
11 0.328942 0.043757 0.047465 0.013498
11 0.272772 0.013386 0.040776 0.013498
11 0.609824 0.358718 0.064842 0.013498
