8 0.316333 0.187500 0.532667 0.245000
3 0.131667 0.158667 0.033333 0.026667
4 0.170000 0.158667 0.013333 0.013333
3 0.266500 0.246000 0.048333 0.032000
5 0.220667 0.137833 0.013333 0.013333
3 0.266500 0.117000 0.048333 0.026667
3 0.266500 0.158667 0.048333 0.026667
2 0.499667 0.246000 0.009333 0.009333
5 0.312333 0.137833 0.013333 0.013333
1 0.367333 0.098333 0.010000 0.010000
1 0.367333 0.138094 0.010000 0.010000
1 0.367333 0.178333 0.010000 0.010000
3 0.411500 0.178333 0.048333 0.026667
3 0.411500 0.138094 0.048333 0.026667
4 0.457333 0.138094 0.013333 0.013333
3 0.413667 0.098333 0.052667 0.026667
2 0.508667 0.078000 0.009333 0.009333
4 0.220667 0.246000 0.013333 0.013333
0 0.085000 0.158667 0.010000 0.010000
