8 0.500000 0.500012 0.991465 0.986690
9 0.510669 0.320111 0.970128 0.626889
9 0.510669 0.903406 0.970128 0.179901
9 0.510669 0.723506 0.970128 0.179901
0 0.047653 0.145556 0.021337 0.033333
3 0.157895 0.145556 0.071124 0.088889
4 0.271693 0.145556 0.028450 0.044444
3 0.332516 0.245556 0.071124 0.088889
3 0.615932 0.245556 0.071124 0.088889
1 0.537696 0.245556 0.021337 0.033333
2 0.959673 0.145556 0.019915 0.031111
1 0.484353 0.495556 0.021337 0.033333
1 0.537696 0.356667 0.021337 0.033333
3 0.615932 0.356667 0.071124 0.088889
4 0.697724 0.356667 0.028450 0.044444
4 0.830832 0.245556 0.028450 0.044444
4 0.891287 0.145556 0.028450 0.044444
1 0.697724 0.500000 0.021337 0.033333
12 0.090327 0.145556 0.066856 0.011111
12 0.225462 0.145884 0.066856 0.011111
12 0.284501 0.206667 0.027751 0.082222
12 0.394565 0.245890 0.055820 0.011111
12 0.488265 0.245825 0.080370 0.011111
12 0.564367 0.245556 0.034851 0.011111
12 0.734050 0.245860 0.167959 0.011111
12 0.454659 0.381667 0.040896 0.232222
12 0.564367 0.356667 0.034851 0.011111
12 0.667496 0.357015 0.034851 0.011111
12 0.698080 0.431111 0.007112 0.108889
12 0.591038 0.497778 0.194879 0.011111
12 0.483558 0.312222 0.089782 0.093333
12 0.868350 0.206944 0.049431 0.082778
12 0.927614 0.145817 0.047048 0.011111
12 0.771568 0.312500 0.122084 0.093889
12 0.773334 0.383889 0.132727 0.236667
12 0.581490 0.146111 0.593990 0.011111
