0 0.036782 0.358447 0.022989 0.068493
3 0.121073 0.358447 0.076628 0.182648
3 0.293487 0.358447 0.076628 0.182648
4 0.213027 0.358447 0.030651 0.091324
1 0.508046 0.358447 0.022989 0.068493
1 0.508046 0.563927 0.022989 0.068493
3 0.593870 0.358447 0.076628 0.182648
3 0.592337 0.563927 0.076628 0.182648
4 0.768582 0.563927 0.030651 0.091324
3 0.768582 0.894977 0.076628 0.182648
1 0.508046 0.141553 0.022989 0.068493
3 0.593870 0.141553 0.076628 0.182648
4 0.680460 0.358447 0.030651 0.091324
3 0.859004 0.566210 0.076628 0.182648
2 0.967050 0.566210 0.021456 0.063927
2 0.852107 0.894977 0.021456 0.063927
3 0.385441 0.359112 0.076628 0.182648
12 0.065517 0.358447 0.037548 0.022831
12 0.178544 0.359158 0.041379 0.022831
12 0.339464 0.358780 0.018391 0.022831
12 0.483142 0.358981 0.029885 0.022831
12 0.475670 0.484018 0.044828 0.168950
12 0.537548 0.358447 0.039080 0.022831
12 0.536782 0.563927 0.037548 0.022831
12 0.691954 0.564571 0.125670 0.022831
12 0.475670 0.227169 0.044828 0.180365
12 0.537548 0.141553 0.039080 0.022831
12 0.648659 0.359167 0.036015 0.022831
12 0.705556 0.649543 0.052490 0.500000
12 0.241762 0.360731 0.029885 0.022831
12 0.768966 0.706621 0.007663 0.203196
12 0.926820 0.566210 0.062069 0.022831
12 0.745594 0.308219 0.229885 0.342466
12 0.777395 0.417237 0.166284 0.124429
12 0.802299 0.565491 0.039847 0.022831
12 0.536207 0.244292 0.648659 0.470320
12 0.824138 0.894977 0.037548 0.022831
12 0.431418 0.359428 0.018391 0.022831
