8 0.500000 0.500000 0.992904 0.986030
9 0.508870 0.180442 0.975163 0.346915
9 0.508870 0.527939 0.975163 0.348079
9 0.508870 0.847497 0.975163 0.291036
0 0.059728 0.088475 0.017741 0.034924
3 0.124778 0.088475 0.059137 0.093132
4 0.219397 0.088475 0.023655 0.046566
3 0.287404 0.088475 0.059137 0.093132
3 0.712005 0.158324 0.059137 0.093132
2 0.776464 0.158324 0.016558 0.032596
1 0.530455 0.210710 0.017741 0.034924
3 0.595506 0.210710 0.059137 0.093132
1 0.530455 0.088475 0.017741 0.034924
3 0.595506 0.088475 0.059137 0.093132
3 0.337670 0.210710 0.059137 0.093132
4 0.405677 0.210710 0.023655 0.046566
1 0.287995 0.486612 0.017741 0.034924
4 0.338261 0.486612 0.023655 0.046566
3 0.455352 0.486612 0.059137 0.093132
3 0.509166 0.824214 0.059137 0.093132
12 0.081904 0.088475 0.028977 0.011641
12 0.244530 0.088844 0.028977 0.011641
12 0.754879 0.158324 0.028977 0.011641
12 0.380544 0.088796 0.129509 0.011641
12 0.488912 0.161234 0.067711 0.103609
12 0.552632 0.210710 0.028977 0.011641
12 0.521585 0.191502 0.150207 0.164144
12 0.494678 0.088756 0.056180 0.011641
12 0.552632 0.088475 0.028977 0.011641
12 0.653755 0.123399 0.059728 0.074505
12 0.287700 0.302095 0.005914 0.338766
12 0.311650 0.486885 0.031934 0.011641
12 0.387936 0.486948 0.078060 0.011641
12 0.180958 0.088475 0.055588 0.011641
12 0.338114 0.360303 0.005914 0.210710
12 0.380544 0.211075 0.028977 0.011641
12 0.465849 0.206054 0.494678 0.193248
12 0.558989 0.252619 0.308397 0.100116
12 0.442785 0.529104 0.075991 0.594878
