0 0.030222 0.568245 0.026667 0.041783
3 0.128000 0.568245 0.088889 0.111421
4 0.230222 0.568245 0.035556 0.055710
2 0.230222 0.671309 0.024889 0.038997
3 0.332444 0.568245 0.088889 0.111421
3 0.461333 0.568245 0.088889 0.111421
1 0.541333 0.671309 0.026667 0.041783
3 0.541333 0.802228 0.088889 0.111421
2 0.541333 0.931755 0.024889 0.038997
1 0.608000 0.568245 0.026667 0.041783
3 0.705778 0.568245 0.088889 0.111421
4 0.808000 0.568245 0.035556 0.055710
2 0.808000 0.706128 0.024889 0.038997
3 0.950222 0.568245 0.088889 0.111421
2 0.950222 0.706128 0.024889 0.038997
1 0.541333 0.428969 0.026667 0.041783
3 0.541333 0.289694 0.088889 0.111421
2 0.541333 0.089136 0.024889 0.038997
12 0.063556 0.568245 0.043556 0.013928
12 0.192444 0.568682 0.043556 0.013928
12 0.268000 0.568686 0.043556 0.013928
12 0.230428 0.623955 0.008889 0.061281
12 0.396889 0.568245 0.043556 0.013928
12 0.514667 0.568707 0.021333 0.013928
12 0.541542 0.623259 0.008889 0.059889
12 0.541333 0.719359 0.008889 0.059889
12 0.541333 0.885097 0.008889 0.059889
12 0.576889 0.568942 0.039111 0.013928
12 0.641333 0.568245 0.043556 0.013928
12 0.770222 0.568682 0.043556 0.013928
12 0.950222 0.655292 0.008889 0.068245
12 0.808444 0.641365 0.008889 0.096100
12 0.865778 0.568660 0.083556 0.013928
12 0.541543 0.495125 0.008889 0.096100
12 0.541333 0.376741 0.008889 0.068245
12 0.541333 0.171309 0.008889 0.130919
