8 0.500000 0.500000 0.990902 0.976879
3 0.179682 0.175337 0.075815 0.154143
11 0.179682 0.180154 0.058778 0.098266
4 0.282032 0.175337 0.030326 0.077071
11 0.282032 0.093449 0.091238 0.098266
3 0.360879 0.531792 0.075815 0.154143
11 0.360879 0.545279 0.080710 0.196532
3 0.805155 0.333333 0.075815 0.154143
11 0.805155 0.338150 0.064042 0.098266
3 0.702047 0.533719 0.075815 0.154143
11 0.702047 0.538536 0.078079 0.098266
4 0.805155 0.533719 0.030326 0.077071
11 0.814253 0.459538 0.078079 0.098266
2 0.924943 0.533719 0.021228 0.053950
11 0.963159 0.537813 0.069160 0.090077
3 0.805155 0.782274 0.075815 0.154143
11 0.805155 0.787091 0.085974 0.098266
1 0.595906 0.782274 0.022745 0.057803
11 0.595906 0.844171 0.104543 0.090077
0 0.073541 0.175337 0.022745 0.057803
11 0.073541 0.237235 0.102131 0.090077
1 0.595906 0.333333 0.022745 0.057803
11 0.595906 0.380660 0.074789 0.045039
1 0.595906 0.533719 0.022745 0.057803
11 0.595906 0.595617 0.091677 0.090077
13 0.242229 0.172447 0.052312 0.019268
13 0.687263 0.333333 0.163002 0.019268
13 0.764973 0.533719 0.053071 0.019268
13 0.867324 0.534184 0.097043 0.019268
11 0.830107 0.511855 0.016730 0.049263
13 0.302691 0.372832 0.043594 0.325626
11 0.271797 0.192420 0.018196 0.041061
13 0.635709 0.533719 0.059894 0.019268
13 0.113343 0.175337 0.059894 0.019268
13 0.805375 0.638728 0.007582 0.140655
11 0.794807 0.543442 0.018262 0.091788
13 0.687263 0.782274 0.163002 0.019268
13 0.880584 0.420039 0.078075 0.181118
13 0.884003 0.671484 0.084913 0.229287
13 0.429492 0.531792 0.064443 0.019268
13 0.530136 0.676301 0.111827 0.219653
13 0.530190 0.676301 0.111934 0.219653
13 0.537528 0.533251 0.097043 0.019268
13 0.530136 0.413295 0.111827 0.167630
13 0.611069 0.341522 0.630781 0.338150
11 0.311740 0.153661 0.026059 0.049133
