8 0.500040 0.500063 0.991384 0.989016
11 0.012319 0.507697 0.017391 0.086518
9 0.510909 0.356699 0.969645 0.702287
11 0.034058 0.370762 0.017391 0.159375
9 0.510909 0.735466 0.969645 0.055247
11 0.034058 0.738145 0.017391 0.030357
9 0.510909 0.878831 0.969645 0.231481
11 0.034058 0.898786 0.017391 0.226161
3 0.138406 0.121296 0.072464 0.074074
11 0.138406 0.121528 0.061211 0.023611
4 0.221739 0.121296 0.028986 0.037037
11 0.222464 0.091898 0.103137 0.023611
5 0.312319 0.121296 0.028986 0.037037
3 0.410145 0.116667 0.072464 0.074074
11 0.410145 0.121065 0.083851 0.070833
3 0.218116 0.232407 0.072464 0.074074
11 0.218116 0.234722 0.053665 0.047222
2 0.218116 0.310185 0.020290 0.025926
11 0.218116 0.332002 0.116064 0.021644
0 0.058696 0.121296 0.021739 0.027778
11 0.060870 0.074595 0.244425 0.021644
1 0.410145 0.325000 0.021739 0.027778
11 0.410145 0.347743 0.163719 0.021644
1 0.526087 0.325000 0.021739 0.027778
11 0.526087 0.347743 0.096079 0.021644
3 0.312319 0.232407 0.072464 0.074074
11 0.312319 0.234722 0.089720 0.047222
3 0.605797 0.325000 0.072464 0.074074
11 0.605797 0.327315 0.085528 0.047222
3 0.710870 0.325000 0.072464 0.074074
11 0.710870 0.327315 0.053665 0.047222
2 0.789855 0.325000 0.020290 0.025926
11 0.789855 0.346817 0.116064 0.021644
3 0.605797 0.435398 0.072464 0.074074
11 0.605797 0.437713 0.074627 0.047222
3 0.772464 0.435398 0.072464 0.074074
11 0.772464 0.437713 0.053665 0.047222
2 0.921598 0.435398 0.020290 0.025926
11 0.921598 0.457215 0.116064 0.021644
4 0.671320 0.435398 0.028986 0.037037
11 0.672045 0.406000 0.099783 0.023611
3 0.671320 0.638745 0.072464 0.074074
11 0.671320 0.643143 0.073789 0.070833
1 0.526087 0.435398 0.021739 0.027778
11 0.526087 0.458141 0.087624 0.021644
13 0.085870 0.121296 0.035507 0.009259
13 0.190942 0.121587 0.035507 0.009259
13 0.267029 0.121529 0.064493 0.009259
11 0.271003 0.110685 0.087257 0.024245
13 0.221247 0.167593 0.007246 0.059259
13 0.218116 0.283333 0.007246 0.031481
13 0.350362 0.120756 0.050000 0.009259
13 0.312319 0.167593 0.007246 0.059259
13 0.373913 0.278704 0.053623 0.096296
13 0.553261 0.325000 0.035507 0.009259
13 0.658333 0.325000 0.035507 0.009259
13 0.553261 0.435398 0.035507 0.009259
13 0.649428 0.435705 0.017697 0.009259
13 0.436268 0.325215 0.033406 0.009259
13 0.497862 0.325219 0.037609 0.009259
13 0.490797 0.389458 0.051739 0.095583
13 0.763406 0.325000 0.035507 0.009259
13 0.860074 0.435398 0.105656 0.009259
13 0.671518 0.527812 0.007246 0.151495
11 0.661474 0.440057 0.017428 0.044072
13 0.711022 0.435680 0.053318 0.009259
11 0.695159 0.424880 0.015994 0.023682
