0 0.015000 0.048333 0.010000 0.010000
3 0.116667 0.048333 0.033333 0.026667
1 0.240000 0.048333 0.010000 0.010000
3 0.286667 0.048333 0.033333 0.026667
1 0.240000 0.085000 0.010000 0.010000
4 0.301667 0.085000 0.013333 0.013333
3 0.376667 0.123333 0.033333 0.026667
2 0.444667 0.085000 0.009333 0.009333
4 0.066667 0.048333 0.013333 0.013333
2 0.413000 0.123333 0.009333 0.009333
1 0.240000 0.155000 0.010000 0.010000
3 0.166667 0.048333 0.033333 0.026667
3 0.201667 0.015000 0.033333 0.026667
2 0.238000 0.015000 0.009333 0.009333
3 0.337333 0.048667 0.033333 0.026667
2 0.376667 0.048667 0.009333 0.009333
3 0.406667 0.085000 0.033333 0.026667
