8 0.500000 0.500000 0.990204 0.965015
11 0.013878 0.500000 0.009796 0.206914
0 0.066122 0.381924 0.024490 0.087464
11 0.066122 0.463557 0.038676 0.064140
3 0.155918 0.381924 0.081633 0.233236
11 0.155918 0.376093 0.045971 0.034985
4 0.249796 0.381924 0.032653 0.116618
11 0.279464 0.465015 0.042192 0.104956
3 0.361633 0.381924 0.081633 0.233236
11 0.361633 0.376093 0.057936 0.104956
1 0.531429 0.192420 0.024490 0.087464
11 0.531429 0.290087 0.032904 0.096210
1 0.531429 0.731778 0.024490 0.087464
11 0.531429 0.797376 0.081971 0.032070
3 0.621224 0.192420 0.081633 0.233236
11 0.621224 0.186589 0.045971 0.069971
1 0.531429 0.454810 0.024490 0.087464
11 0.531429 0.520408 0.065808 0.032070
3 0.621224 0.454810 0.081633 0.233236
11 0.621224 0.448980 0.056047 0.069971
3 0.735510 0.731778 0.081633 0.233236
11 0.735510 0.725948 0.051638 0.104956
4 0.735510 0.454810 0.032653 0.116618
11 0.776828 0.520408 0.065493 0.069971
3 0.862041 0.454810 0.081633 0.233236
11 0.862041 0.448980 0.040303 0.069971
2 0.951020 0.454810 0.022857 0.081633
13 0.096735 0.381924 0.040000 0.029155
13 0.215102 0.382839 0.040000 0.029155
13 0.293469 0.382816 0.057959 0.029155
13 0.430204 0.382808 0.058776 0.029155
13 0.496939 0.258017 0.047755 0.142857
13 0.496939 0.586006 0.047755 0.303207
13 0.562041 0.192420 0.040000 0.029155
13 0.504898 0.404215 0.031837 0.053328
13 0.562041 0.454810 0.040000 0.029155
13 0.619184 0.731778 0.154286 0.029155
13 0.690612 0.455692 0.060408 0.029155
13 0.735759 0.564140 0.008163 0.113703
13 0.786531 0.455683 0.072653 0.029155
13 0.921224 0.454810 0.040000 0.029155
13 0.863673 0.612974 0.177959 0.246356
13 0.806939 0.303207 0.293061 0.233236
13 0.600612 0.673469 0.704082 0.478134
