8 0.500000 0.500000 0.991826 0.966387
0 0.065395 0.310924 0.020436 0.084034
11 0.065395 0.373950 0.091524 0.030812
3 0.170981 0.310924 0.068120 0.224090
11 0.170981 0.305322 0.040989 0.033613
4 0.262943 0.310924 0.027248 0.112045
11 0.238420 0.179272 0.073569 0.033613
2 0.381471 0.182073 0.019074 0.078431
11 0.381471 0.242297 0.080926 0.030812
3 0.344687 0.464986 0.068120 0.224090
11 0.344687 0.459384 0.059907 0.100840
1 0.535422 0.182073 0.020436 0.084034
11 0.535422 0.245098 0.068402 0.030812
2 0.902589 0.182073 0.019074 0.078431
11 0.902589 0.242297 0.080926 0.030812
3 0.620572 0.182073 0.068120 0.224090
11 0.620572 0.176471 0.038361 0.100840
1 0.535422 0.773109 0.020436 0.084034
11 0.535422 0.836134 0.087670 0.030812
1 0.535422 0.464986 0.020436 0.084034
11 0.535422 0.528011 0.061177 0.030812
4 0.718665 0.464986 0.027248 0.112045
3 0.620572 0.773109 0.068120 0.224090
11 0.620572 0.767507 0.046769 0.067227
4 0.718665 0.773109 0.027248 0.112045
11 0.712534 0.876751 0.090385 0.033613
2 0.902589 0.773109 0.019074 0.078431
11 0.902589 0.833333 0.080926 0.030812
3 0.804496 0.464986 0.068120 0.224090
11 0.804496 0.459384 0.046244 0.067227
2 0.902589 0.464986 0.019074 0.078431
11 0.902589 0.525210 0.084780 0.030812
13 0.106267 0.310924 0.064033 0.028011
13 0.227180 0.311777 0.047003 0.028011
13 0.324251 0.247199 0.098093 0.141457
11 0.308291 0.221289 0.015765 0.033613
13 0.411104 0.465811 0.067439 0.028011
13 0.491315 0.295518 0.070504 0.238095
13 0.566076 0.182073 0.043597 0.028011
13 0.773842 0.182073 0.241144 0.028011
13 0.491315 0.647059 0.070504 0.263305
13 0.497956 0.465659 0.057221 0.028011
13 0.625341 0.465672 0.162125 0.028011
13 0.566076 0.773109 0.043597 0.028011
13 0.679837 0.773952 0.053134 0.028011
13 0.812670 0.773795 0.163488 0.028011
11 0.741376 0.735124 0.007372 0.033670
13 0.719005 0.619048 0.006812 0.207283
11 0.709469 0.662265 0.008174 0.064826
13 0.751362 0.465856 0.040872 0.028011
13 0.865804 0.464986 0.057221 0.028011
13 0.286955 0.415966 0.050068 0.109244
11 0.253747 0.329412 0.008174 0.030252
