0 0.037037 0.376494 0.030030 0.059761
11 0.037037 0.421315 0.063707 0.021912
3 0.147147 0.376494 0.100100 0.159363
11 0.147147 0.372510 0.056371 0.023904
1 0.352352 0.376494 0.030030 0.059761
11 0.352352 0.432271 0.111133 0.043825
4 0.257257 0.376494 0.040040 0.079681
11 0.257257 0.306773 0.094981 0.023904
1 0.512513 0.673307 0.030030 0.059761
11 0.512513 0.718127 0.088481 0.021912
1 0.512513 0.376494 0.030030 0.059761
11 0.512513 0.421315 0.062999 0.021912
3 0.622623 0.673307 0.100100 0.159363
11 0.622623 0.669323 0.066409 0.047809
2 0.889890 0.673307 0.028028 0.055777
11 0.962352 0.670319 0.106885 0.021912
1 0.512513 0.079681 0.030030 0.059761
11 0.512513 0.124502 0.065122 0.021912
3 0.622623 0.376494 0.100100 0.159363
11 0.622623 0.372510 0.068726 0.047809
4 0.737738 0.376494 0.040040 0.079681
11 0.763764 0.440239 0.152896 0.023904
2 0.889890 0.079681 0.028028 0.055777
11 0.889890 0.022908 0.140154 0.021912
13 0.217217 0.377125 0.044044 0.019920
13 0.307307 0.376968 0.064064 0.019920
11 0.290518 0.349256 0.010874 0.024018
13 0.389890 0.376958 0.049049 0.019920
13 0.465215 0.208167 0.068569 0.264940
13 0.474975 0.376964 0.049049 0.019920
13 0.465215 0.544821 0.068569 0.264940
13 0.550050 0.673307 0.049049 0.019920
13 0.774274 0.673307 0.207207 0.019920
13 0.550050 0.376494 0.049049 0.019920
13 0.695195 0.377119 0.049049 0.019920
13 0.701702 0.079681 0.352352 0.019920
13 0.814064 0.222112 0.155656 0.237052
11 0.724224 0.297666 0.012012 0.046101
13 0.823824 0.511454 0.136136 0.275896
11 0.771171 0.349602 0.010811 0.023904
13 0.573574 0.702191 0.636637 0.579681
11 0.243243 0.376500 0.012012 0.046101
13 0.074575 0.376494 0.049049 0.019920
