0 0.024818 0.358140 0.021898 0.046512
3 0.127007 0.358140 0.072993 0.124031
4 0.214599 0.358140 0.029197 0.062016
2 0.264964 0.201550 0.020438 0.043411
3 0.291241 0.520930 0.072993 0.124031
3 0.411679 0.520930 0.072993 0.124031
3 0.499270 0.234109 0.072993 0.124031
2 0.499270 0.031008 0.020438 0.043411
3 0.835036 0.520930 0.072993 0.124031
4 0.499270 0.520930 0.029197 0.062016
4 0.922628 0.520930 0.029197 0.062016
3 0.922628 0.234109 0.072993 0.124031
2 0.747445 0.968992 0.020438 0.043411
3 0.747445 0.823256 0.072993 0.124031
4 0.703650 0.520930 0.029197 0.062016
4 0.747445 0.652713 0.029197 0.062016
2 0.922628 0.031008 0.020438 0.043411
3 0.630657 0.519380 0.072993 0.124031
1 0.550365 0.520930 0.021898 0.046512
12 0.063139 0.357412 0.057664 0.015504
12 0.181752 0.358140 0.039416 0.015504
12 0.235766 0.264341 0.040876 0.131783
12 0.235401 0.455039 0.041606 0.137984
12 0.351460 0.520247 0.050365 0.015504
12 0.466423 0.520930 0.039416 0.015504
12 0.499270 0.112403 0.007299 0.125581
12 0.499627 0.393023 0.007299 0.200000
12 0.889781 0.520930 0.039416 0.015504
12 0.923697 0.393023 0.007299 0.200000
12 0.577737 0.520155 0.035766 0.015504
12 0.758394 0.521692 0.083212 0.015504
12 0.841606 0.602326 0.162044 0.106977
12 0.748100 0.722481 0.007299 0.083721
12 0.747445 0.916279 0.007299 0.068217
12 0.922628 0.112403 0.007299 0.125581
12 0.526642 0.521293 0.028467 0.015504
12 0.718248 0.603101 0.032117 0.108527
12 0.678102 0.519380 0.024818 0.015504
