8 0.500000 0.500000 0.992814 0.983673
0 0.075449 0.178231 0.017964 0.040816
3 0.141317 0.178231 0.059880 0.108844
4 0.210180 0.178231 0.023952 0.054422
3 0.279042 0.178231 0.059880 0.108844
3 0.365868 0.178231 0.059880 0.108844
3 0.596407 0.123810 0.059880 0.108844
1 0.518563 0.123810 0.017964 0.040816
1 0.518563 0.244898 0.017964 0.040816
3 0.596407 0.244898 0.059880 0.108844
4 0.665269 0.244898 0.023952 0.054422
3 0.734132 0.327891 0.059880 0.108844
1 0.518563 0.346939 0.017964 0.040816
4 0.832934 0.247619 0.023952 0.054422
3 0.895808 0.244898 0.059880 0.108844
2 0.961078 0.244898 0.016766 0.038095
12 0.097904 0.178231 0.029341 0.013605
12 0.184731 0.178658 0.029341 0.013605
12 0.322455 0.178231 0.029341 0.013605
12 0.235629 0.178662 0.029341 0.013605
12 0.547006 0.123810 0.041317 0.013605
12 0.547006 0.244898 0.041317 0.013605
12 0.418862 0.178639 0.048503 0.013605
12 0.481886 0.137415 0.057784 0.032653
12 0.481886 0.225170 0.057784 0.044898
12 0.639820 0.245325 0.029341 0.013605
12 0.939222 0.244898 0.029341 0.013605
12 0.481886 0.276190 0.057784 0.146939
12 0.749102 0.245915 0.146108 0.013605
12 0.553144 0.443537 0.687725 0.481633
12 0.761078 0.156225 0.271856 0.070272
12 0.855389 0.248299 0.023353 0.013605
12 0.800000 0.301361 0.074251 0.058503
12 0.615569 0.346939 0.178443 0.013605
12 0.685123 0.288435 0.041504 0.038095
