8 0.500080 0.500313 0.993793 0.985589
11 0.009019 0.511914 0.012732 0.131472
9 0.508037 0.836466 0.977878 0.313283
11 0.024934 0.864198 0.012732 0.314299
9 0.508037 0.343672 0.977878 0.672306
11 0.024934 0.362704 0.012732 0.215695
0 0.317507 0.836466 0.015915 0.037594
11 0.317507 0.867246 0.123234 0.029292
3 0.388594 0.836466 0.053050 0.100251
11 0.388594 0.839599 0.066298 0.063910
4 0.439257 0.836466 0.021220 0.050125
3 0.500265 0.770050 0.053050 0.100251
11 0.500265 0.770363 0.038674 0.031955
3 0.500265 0.914787 0.053050 0.100251
11 0.500265 0.915100 0.064456 0.031955
1 0.571353 0.914787 0.015915 0.037594
11 0.571353 0.945567 0.088909 0.029292
1 0.619761 0.770050 0.015915 0.037594
11 0.619761 0.800830 0.065837 0.029292
4 0.670292 0.836466 0.021220 0.050125
2 0.712202 0.836466 0.014854 0.035088
3 0.125199 0.274202 0.053050 0.100251
11 0.125199 0.274516 0.033763 0.031955
0 0.125199 0.428571 0.015915 0.037594
11 0.125199 0.459351 0.111417 0.029292
4 0.186207 0.274202 0.021220 0.050125
2 0.241379 0.153902 0.014854 0.035088
3 0.252520 0.274202 0.053050 0.100251
11 0.252520 0.280155 0.065684 0.095865
3 0.738727 0.500000 0.053050 0.100251
11 0.738727 0.503133 0.052793 0.063910
3 0.642440 0.273810 0.053050 0.100251
11 0.642440 0.276942 0.054634 0.063910
4 0.729973 0.273810 0.021220 0.050125
11 0.729973 0.315476 0.063842 0.031955
2 0.929708 0.273810 0.014854 0.035088
11 0.929708 0.303336 0.119295 0.029292
4 0.862865 0.273810 0.021220 0.050125
1 0.571353 0.274202 0.015915 0.037594
11 0.571353 0.239820 0.102977 0.029292
3 0.729973 0.081454 0.053050 0.100251
11 0.729973 0.084586 0.048496 0.063910
1 0.571353 0.081454 0.015915 0.037594
11 0.571353 0.112234 0.063024 0.029292
1 0.317507 0.273810 0.015915 0.037594
1 0.619828 0.500000 0.015915 0.037594
11 0.619828 0.465617 0.070339 0.029292
13 0.163660 0.274596 0.025995 0.012531
13 0.210212 0.201521 0.049602 0.100251
11 0.179045 0.211926 0.012732 0.184882
13 0.211406 0.274592 0.031300 0.012531
13 0.294297 0.273950 0.032626 0.012531
13 0.694164 0.274179 0.052520 0.012531
13 0.897878 0.274109 0.050928 0.012531
13 0.814191 0.399436 0.100000 0.206140
13 0.809814 0.165100 0.108753 0.172306
13 0.523044 0.399887 0.179775 0.205238
13 0.669993 0.500000 0.086538 0.012531
13 0.504111 0.275024 0.120690 0.012531
13 0.597613 0.274057 0.038727 0.012531
13 0.641379 0.081454 0.126260 0.012531
13 0.317507 0.555138 0.005305 0.530075
13 0.343767 0.836466 0.038727 0.012531
13 0.421883 0.836876 0.015650 0.012531
13 0.456631 0.790727 0.036340 0.046366
13 0.456631 0.888158 0.036340 0.058271
13 0.545093 0.914987 0.038727 0.012531
13 0.571353 0.594495 0.005305 0.608003
13 0.569297 0.770424 0.087135 0.012531
13 0.649138 0.790727 0.044960 0.046366
13 0.624934 0.888158 0.093369 0.058271
13 0.692838 0.836757 0.025995 0.012531
13 0.619828 0.635025 0.005305 0.237469
13 0.730123 0.190163 0.005305 0.122180
11 0.743974 0.234830 0.012749 0.026809
13 0.796419 0.274436 0.113793 0.012531
11 0.750762 0.259712 0.018234 0.031955
13 0.125199 0.367051 0.005305 0.090459
13 0.498806 0.165552 0.131300 0.173208
13 0.374536 0.274251 0.100265 0.012531
