0 0.055000 0.065000 0.010000 0.010000
3 0.101667 0.065000 0.033333 0.026667
3 0.150000 0.065000 0.033333 0.026667
3 0.270667 0.065000 0.033333 0.026667
0 0.055000 0.151589 0.010000 0.010000
3 0.319000 0.065000 0.033333 0.026667
4 0.191667 0.065000 0.013333 0.013333
0 0.055000 0.112766 0.010000 0.010000
3 0.098333 0.112766 0.033333 0.026667
0 0.055000 0.203056 0.010000 0.010000
3 0.150000 0.203056 0.033333 0.026667
4 0.190000 0.203056 0.013333 0.013333
3 0.420262 0.112766 0.033333 0.026667
3 0.325123 0.176389 0.033333 0.026667
4 0.098333 0.151589 0.013333 0.013333
4 0.150000 0.151589 0.013333 0.013333
2 0.471011 0.112766 0.009333 0.009333
2 0.355333 0.065000 0.009333 0.009333
