8 0.500000 0.500000 0.992547 0.983936
11 0.010559 0.532336 0.014907 0.366480
3 0.155901 0.384203 0.062112 0.107095
11 0.155901 0.384538 0.052467 0.034137
4 0.227329 0.384203 0.024845 0.053548
11 0.270311 0.384538 0.080497 0.034137
3 0.407143 0.734940 0.090062 0.128514
11 0.407143 0.735274 0.070435 0.034137
5 0.321739 0.300535 0.024845 0.053548
3 0.407143 0.216867 0.090062 0.107095
11 0.407143 0.220214 0.112839 0.068273
3 0.407143 0.384203 0.090062 0.107095
11 0.407143 0.384538 0.109246 0.034137
2 0.841615 0.734940 0.017391 0.037483
11 0.842236 0.781208 0.074448 0.031292
5 0.492547 0.300535 0.024845 0.053548
1 0.595031 0.141901 0.018634 0.040161
11 0.573913 0.091784 0.137695 0.031292
1 0.595031 0.301581 0.018634 0.040161
11 0.591925 0.254142 0.081695 0.031292
1 0.595031 0.463186 0.018634 0.040161
11 0.590062 0.418424 0.078401 0.031292
3 0.677329 0.463186 0.090062 0.107095
11 0.677329 0.466533 0.086247 0.068273
3 0.677329 0.301581 0.090062 0.107095
11 0.677329 0.301916 0.086247 0.034137
4 0.762733 0.301581 0.024845 0.053548
11 0.811899 0.326682 0.127933 0.034137
3 0.681366 0.141901 0.098137 0.107095
11 0.681366 0.142236 0.115714 0.034137
2 0.858385 0.060241 0.017391 0.037483
11 0.858385 0.091784 0.079059 0.031292
4 0.321739 0.734940 0.024845 0.053548
0 0.068944 0.384203 0.018634 0.040161
11 0.077640 0.314006 0.128472 0.031292
13 0.101553 0.384203 0.049068 0.013387
13 0.200932 0.384624 0.030435 0.013387
13 0.342081 0.355756 0.042547 0.062249
13 0.472516 0.245315 0.043168 0.062249
13 0.472516 0.355756 0.043168 0.062249
13 0.342081 0.245315 0.042547 0.062249
13 0.518944 0.301542 0.030435 0.013387
13 0.565683 0.208256 0.042547 0.137035
13 0.571739 0.301948 0.030435 0.013387
13 0.565683 0.395415 0.042547 0.140897
13 0.268478 0.329317 0.084161 0.061580
11 0.218944 0.342202 0.014907 0.030723
13 0.618323 0.463186 0.030435 0.013387
13 0.618323 0.301581 0.030435 0.013387
13 0.736335 0.302042 0.030435 0.013387
13 0.618323 0.141901 0.030435 0.013387
13 0.746739 0.208354 0.035093 0.138261
11 0.754348 0.254739 0.014907 0.063640
13 0.765528 0.074297 0.170807 0.033467
13 0.348137 0.734940 0.030435 0.013387
13 0.499689 0.612450 0.357764 0.196787
13 0.642547 0.734940 0.383230 0.013387
13 0.268478 0.572959 0.084161 0.329317
11 0.218944 0.390909 0.014907 0.063640
13 0.542547 0.518261 0.443478 0.385166
11 0.754348 0.313450 0.014907 0.028528
