8 0.500000 0.500000 0.988495 0.976424
11 0.016299 0.565359 0.034516 0.740738
3 0.226270 0.178782 0.095877 0.157171
11 0.226270 0.179273 0.049925 0.050098
4 0.341323 0.178782 0.038351 0.078585
11 0.342282 0.109037 0.084317 0.100196
2 0.890700 0.178782 0.026846 0.055010
11 0.891659 0.104371 0.065087 0.091847
3 0.672100 0.444658 0.095877 0.157171
11 0.672100 0.449569 0.113163 0.100196
3 0.341323 0.444008 0.095877 0.157171
11 0.341323 0.453340 0.118710 0.150295
3 0.672100 0.650295 0.095877 0.157171
11 0.672100 0.655206 0.107615 0.100196
4 0.824545 0.650295 0.038351 0.078585
11 0.885714 0.655206 0.108725 0.100196
1 0.514861 0.866405 0.028763 0.058939
11 0.514861 0.929519 0.127123 0.091847
2 0.824545 0.866405 0.026846 0.055010
11 0.824545 0.912696 0.144412 0.045923
1 0.514861 0.444658 0.028763 0.058939
11 0.514861 0.507772 0.066104 0.091847
1 0.514861 0.650295 0.028763 0.058939
11 0.514861 0.713409 0.098647 0.091847
0 0.106424 0.178782 0.028763 0.058939
11 0.106424 0.241896 0.061019 0.091847
4 0.824545 0.179092 0.038351 0.078585
13 0.298178 0.179393 0.051774 0.019646
13 0.341599 0.291749 0.009588 0.155206
11 0.328264 0.196273 0.023046 0.042054
13 0.582934 0.179919 0.448706 0.019646
11 0.378895 0.156706 0.032958 0.050127
13 0.413231 0.444619 0.051774 0.019646
13 0.488015 0.444812 0.028763 0.019646
13 0.478667 0.566798 0.047459 0.174853
13 0.762704 0.650877 0.089166 0.019646
13 0.670182 0.866405 0.285714 0.019646
13 0.824772 0.764244 0.009588 0.157171
11 0.811433 0.660223 0.023108 0.093625
13 0.576702 0.650295 0.098754 0.019646
13 0.478667 0.674853 0.047459 0.390963
13 0.149569 0.178782 0.061361 0.019646
13 0.860499 0.179376 0.037392 0.019646
13 0.576702 0.444658 0.098754 0.019646
13 0.772531 0.331521 0.108821 0.234132
13 0.825024 0.414693 0.009588 0.400476
