8 0.500072 0.373125 0.993276 0.729923
12 0.122421 0.890243 0.118912 0.202485
0 0.054951 0.308844 0.017172 0.040816
3 0.122496 0.308844 0.075558 0.108844
4 0.188323 0.308844 0.022896 0.054422
3 0.256819 0.308844 0.075558 0.108844
3 0.350887 0.308844 0.075558 0.108844
1 0.461935 0.308844 0.017172 0.040816
1 0.461935 0.480952 0.017172 0.040816
3 0.684409 0.308844 0.075558 0.108844
2 0.745278 0.308844 0.016027 0.038095
3 0.546079 0.480952 0.075558 0.108844
4 0.514024 0.308844 0.022896 0.054422
4 0.615341 0.480952 0.022896 0.054422
3 0.684409 0.617687 0.075558 0.108844
2 0.745278 0.617687 0.016027 0.038095
1 0.461935 0.102721 0.017172 0.040816
3 0.529479 0.102721 0.075558 0.108844
2 0.761878 0.102721 0.016027 0.038095
3 0.630796 0.102721 0.075558 0.108844
4 0.615341 0.617687 0.022896 0.054422
12 0.880421 0.273778 0.169542 0.181570
13 0.039312 0.810324 0.049596 0.149917
13 0.074127 0.308844 0.023469 0.013605
13 0.168575 0.309318 0.018890 0.013605
13 0.209405 0.309316 0.021558 0.013605
13 0.440469 0.309164 0.028048 0.013605
13 0.434888 0.408503 0.039210 0.150340
13 0.434888 0.192177 0.039210 0.184354
13 0.481110 0.102721 0.023469 0.013605
13 0.489410 0.480952 0.040069 0.013605
13 0.586051 0.309237 0.123447 0.013605
13 0.593875 0.481420 0.022324 0.013605
13 0.396680 0.308844 0.018317 0.013605
13 0.486548 0.308844 0.034345 0.013605
13 0.729726 0.308844 0.017366 0.013605
13 0.564969 0.394898 0.103606 0.123129
13 0.303853 0.308844 0.020800 0.013605
13 0.396108 0.477211 0.417859 0.287755
13 0.729726 0.617687 0.017366 0.013605
13 0.580137 0.102721 0.028048 0.013605
13 0.711219 0.102721 0.087579 0.013605
13 0.780781 0.191956 0.032027 0.145817
13 0.636709 0.618159 0.022131 0.013605
13 0.615627 0.549320 0.005724 0.087755
11 0.011792 0.372789 0.008014 0.095740
11 0.028964 0.372789 0.008014 0.212830
11 0.066878 0.244490 0.044460 0.070204
11 0.122496 0.308299 0.047149 0.019048
11 0.190894 0.237415 0.048646 0.034286
11 0.257874 0.308299 0.040739 0.058231
11 0.351750 0.308299 0.065854 0.038639
11 0.460853 0.253741 0.043628 0.034286
11 0.462673 0.438776 0.049558 0.034286
11 0.684602 0.308299 0.047159 0.058231
11 0.747227 0.251020 0.037099 0.034286
11 0.546079 0.481088 0.060698 0.019048
11 0.666227 0.474150 0.037663 0.034286
11 0.684602 0.617143 0.057083 0.019048
11 0.762580 0.684490 0.043763 0.052245
11 0.460195 0.051565 0.051472 0.016327
11 0.530340 0.102857 0.040865 0.038639
11 0.776791 0.065442 0.045855 0.052245
11 0.630796 0.102857 0.057083 0.019048
11 0.881077 0.241633 0.163986 0.097415
11 0.207087 0.289660 0.005474 0.016327
11 0.607555 0.420272 0.011904 0.016327
11 0.180537 0.301905 0.011904 0.016327
11 0.607774 0.491020 0.005474 0.016327
11 0.122630 0.847075 0.112461 0.097415
