8 0.280113 0.132671 0.460225 0.205342
0 0.070000 0.071667 0.010000 0.010000
3 0.106667 0.071667 0.033333 0.026667
3 0.155000 0.071667 0.033333 0.026667
4 0.193333 0.071667 0.013333 0.013333
3 0.231667 0.071667 0.033333 0.026667
3 0.306333 0.113333 0.033333 0.026667
3 0.354667 0.113333 0.033333 0.026667
3 0.231667 0.113333 0.033333 0.026667
3 0.306333 0.161667 0.033333 0.026667
3 0.306333 0.210000 0.033333 0.026667
3 0.442333 0.161667 0.033333 0.026667
2 0.489667 0.161667 0.009333 0.009333
4 0.344667 0.210000 0.013333 0.013333
3 0.383000 0.210000 0.033333 0.026667
2 0.489667 0.210000 0.009333 0.009333
2 0.489667 0.113333 0.009333 0.009333
2 0.489667 0.071667 0.009333 0.009333
1 0.269667 0.161667 0.010000 0.010000
