8 0.495253 0.500000 0.977848 0.979695
9 0.511076 0.882403 0.946203 0.214890
9 0.511076 0.392555 0.946203 0.764805
3 0.582278 0.883249 0.105485 0.135364
1 0.523207 0.187817 0.031646 0.050761
3 0.670886 0.187817 0.105485 0.135364
2 0.822785 0.187817 0.029536 0.047377
1 0.523207 0.335025 0.031646 0.050761
1 0.416667 0.678511 0.031646 0.050761
3 0.672996 0.526227 0.105485 0.135364
4 0.822785 0.526227 0.042194 0.067682
1 0.582278 0.678511 0.031646 0.050761
1 0.950422 0.340102 0.031646 0.050761
4 0.196203 0.336717 0.042194 0.067682
1 0.317511 0.335025 0.031646 0.050761
0 0.095992 0.336717 0.031646 0.050761
12 0.462289 0.244501 0.094409 0.120135
12 0.765823 0.187817 0.088608 0.016920
12 0.416925 0.510998 0.010549 0.291032
12 0.472574 0.335429 0.073840 0.016920
12 0.579641 0.430626 0.085443 0.197970
12 0.763713 0.526737 0.080169 0.016920
12 0.499473 0.678511 0.138186 0.016920
12 0.582278 0.759729 0.010549 0.118443
12 0.786392 0.391194 0.235232 0.278158
12 0.792722 0.624365 0.319620 0.524535
12 0.710707 0.619289 0.229430 0.125212
12 0.364451 0.335424 0.066456 0.016920
12 0.143460 0.337116 0.067511 0.016920
12 0.407437 0.228426 0.425633 0.155668
12 0.578586 0.187817 0.083333 0.016920
12 0.259494 0.337563 0.088608 0.016920
12 0.810654 0.185279 0.283755 0.265651
