8 0.500000 0.500000 0.990107 0.972028
11 0.014015 0.535065 0.019786 0.397403
11 0.038747 0.535402 0.019786 0.401224
0 0.091509 0.531475 0.024732 0.069930
4 0.157461 0.531475 0.032976 0.093240
11 0.158285 0.439983 0.119244 0.178322
1 0.252267 0.531475 0.024732 0.069930
11 0.252267 0.606358 0.102311 0.108974
2 0.157461 0.825175 0.023083 0.065268
11 0.157461 0.880099 0.112805 0.054487
3 0.355317 0.531475 0.082440 0.186480
11 0.355317 0.542547 0.095395 0.178322
1 0.549052 0.265734 0.024732 0.069930
11 0.549052 0.322990 0.104935 0.054487
3 0.652102 0.265734 0.082440 0.186480
11 0.652102 0.271562 0.107796 0.118881
2 0.770816 0.265734 0.023083 0.065268
11 0.824906 0.267045 0.112805 0.054487
1 0.549052 0.531475 0.024732 0.069930
11 0.549052 0.588730 0.077827 0.054487
3 0.652102 0.531475 0.082440 0.186480
11 0.652102 0.542547 0.089671 0.178322
4 0.770816 0.531475 0.032976 0.093240
11 0.825321 0.532058 0.099211 0.059441
1 0.549052 0.825175 0.024732 0.069930
11 0.549052 0.900058 0.097939 0.108974
2 0.770816 0.825175 0.023083 0.065268
11 0.770816 0.880099 0.111056 0.054487
13 0.122424 0.532018 0.040396 0.023310
13 0.289365 0.531475 0.052762 0.023310
13 0.586150 0.265734 0.052762 0.023310
13 0.499588 0.375295 0.077494 0.228445
13 0.421270 0.532189 0.052762 0.023310
13 0.726298 0.265734 0.069250 0.023310
13 0.507832 0.532033 0.061006 0.023310
13 0.586150 0.531475 0.052762 0.023310
13 0.723825 0.532177 0.064303 0.023310
13 0.499794 0.701635 0.077082 0.256404
13 0.771228 0.391612 0.008244 0.195811
11 0.782370 0.410839 0.018160 0.059441
13 0.660346 0.825175 0.201154 0.023310
13 0.771013 0.685318 0.008244 0.223770
11 0.787457 0.683566 0.028336 0.059441
13 0.157658 0.685318 0.008244 0.223770
11 0.142468 0.688228 0.028336 0.059441
13 0.206925 0.532035 0.069250 0.023310
11 0.204448 0.506417 0.018160 0.059441
