0 0.019726 0.193989 0.025729 0.081967
11 0.041166 0.340164 0.107951 0.030055
3 0.114065 0.193989 0.085763 0.218579
11 0.114065 0.188525 0.073438 0.032787
4 0.212693 0.193989 0.034305 0.109290
11 0.211835 0.071038 0.081377 0.032787
3 0.311321 0.193989 0.085763 0.218579
11 0.311321 0.188525 0.042343 0.065574
3 0.212693 0.535519 0.085763 0.218579
11 0.212693 0.530055 0.070791 0.065574
3 0.377358 0.535519 0.085763 0.218579
11 0.377358 0.530055 0.066160 0.065574
1 0.584906 0.535519 0.025729 0.081967
11 0.608919 0.609290 0.077628 0.060109
1 0.516295 0.808743 0.025729 0.081967
11 0.516295 0.870219 0.104919 0.030055
1 0.516295 0.193989 0.025729 0.081967
11 0.508576 0.113388 0.087332 0.030055
3 0.610635 0.193989 0.085763 0.218579
11 0.610635 0.188525 0.058883 0.065574
4 0.709262 0.193989 0.034305 0.109290
11 0.719554 0.032787 0.125704 0.032787
3 0.807890 0.193989 0.085763 0.218579
11 0.807890 0.188525 0.042343 0.065574
3 0.807890 0.480874 0.085763 0.218579
11 0.807890 0.475410 0.058221 0.098361
2 0.873070 0.808743 0.024014 0.076503
11 0.960549 0.804645 0.106132 0.030055
3 0.640652 0.808743 0.085763 0.218579
11 0.640652 0.803279 0.076746 0.032787
3 0.765009 0.808743 0.085763 0.218579
11 0.765009 0.803279 0.053590 0.065574
13 0.051887 0.193989 0.042024 0.027322
13 0.176244 0.194847 0.042024 0.027322
13 0.295026 0.535519 0.082333 0.027322
13 0.459691 0.536326 0.082333 0.027322
13 0.552744 0.536164 0.042024 0.027322
13 0.516500 0.678962 0.008576 0.188525
13 0.516500 0.357923 0.008576 0.256831
13 0.548456 0.193989 0.042024 0.027322
13 0.672813 0.194847 0.042024 0.027322
13 0.737350 0.364754 0.058748 0.243169
11 0.697684 0.196214 0.010292 0.061124
13 0.745712 0.194854 0.042024 0.027322
11 0.737455 0.156717 0.008646 0.032906
13 0.681389 0.508197 0.170669 0.065574
13 0.807890 0.337432 0.008576 0.079235
13 0.861894 0.482240 0.025676 0.587432
13 0.563465 0.808743 0.072041 0.027322
13 0.249142 0.194854 0.042024 0.027322
11 0.246178 0.156643 0.019231 0.033053
13 0.592196 0.643443 0.565180 0.691257
13 0.212943 0.337432 0.008576 0.188525
11 0.201003 0.213159 0.010326 0.027532
13 0.702830 0.808743 0.042024 0.027322
13 0.834477 0.808743 0.056604 0.027322
