8 0.500000 0.500000 0.991004 0.976562
11 0.012744 0.500000 0.008996 0.043694
9 0.511244 0.744141 0.968516 0.488281
11 0.035232 0.744141 0.008996 0.230525
9 0.511244 0.255859 0.968516 0.488281
11 0.035232 0.255859 0.008996 0.155190
1 0.401799 0.744141 0.022489 0.058594
11 0.401799 0.788086 0.083224 0.021484
1 0.589205 0.685547 0.022489 0.058594
11 0.589205 0.729492 0.048768 0.021484
3 0.682909 0.685547 0.074963 0.156250
11 0.682909 0.681641 0.061876 0.046875
0 0.094453 0.255859 0.022489 0.058594
11 0.094453 0.299805 0.075803 0.021484
3 0.205397 0.255859 0.064468 0.156250
11 0.205397 0.251953 0.043949 0.046875
3 0.311844 0.255859 0.074963 0.156250
11 0.311844 0.251953 0.040480 0.046875
2 0.734633 0.255859 0.020990 0.054688
4 0.401799 0.255859 0.029985 0.078125
1 0.589205 0.392578 0.022489 0.058594
11 0.589205 0.436523 0.063611 0.021484
13 0.139430 0.255859 0.070465 0.019531
13 0.255997 0.255859 0.039730 0.019531
13 0.368066 0.256467 0.040480 0.019531
13 0.401983 0.504883 0.007496 0.427734
11 0.391629 0.267273 0.009014 0.024154
13 0.570465 0.256342 0.310345 0.019531
11 0.432592 0.229403 0.019672 0.023495
13 0.546477 0.393048 0.065967 0.019531
13 0.456709 0.587891 0.090330 0.320312
13 0.662294 0.324219 0.126687 0.144531
13 0.546477 0.539551 0.065967 0.299805
13 0.622939 0.685547 0.047976 0.019531
13 0.597356 0.663086 0.174104 0.470703
