0 0.021489 0.095967 0.023024 0.041725
11 0.021489 0.134910 0.034733 0.030598
4 0.082886 0.095967 0.030698 0.055633
11 0.084421 0.025035 0.078149 0.033380
3 0.222563 0.360223 0.076746 0.111266
11 0.222563 0.357441 0.067493 0.050070
1 0.535687 0.760779 0.023024 0.041725
11 0.535687 0.799722 0.055356 0.030598
3 0.354566 0.360223 0.076746 0.111266
11 0.354566 0.357441 0.054468 0.050070
1 0.539524 0.930459 0.023024 0.041725
11 0.539524 0.969402 0.041245 0.030598
4 0.635457 0.760779 0.030698 0.055633
11 0.636224 0.705146 0.061572 0.033380
3 0.906239 0.760779 0.076746 0.111266
11 0.906239 0.757997 0.047955 0.033380
3 0.739064 0.930459 0.076746 0.111266
11 0.739064 0.927677 0.048547 0.050070
4 0.635457 0.930459 0.030698 0.055633
4 0.739064 0.760779 0.030698 0.055633
2 0.976209 0.760779 0.021489 0.038943
11 0.976209 0.805981 0.038532 0.045897
3 0.635457 0.515994 0.076746 0.111266
11 0.635457 0.513213 0.043219 0.033380
1 0.535687 0.515994 0.023024 0.041725
11 0.535687 0.554937 0.039075 0.030598
4 0.804298 0.760779 0.030698 0.055633
13 0.050269 0.096291 0.037606 0.013908
13 0.133730 0.242003 0.103991 0.242003
11 0.133294 0.342142 0.007697 0.016690
13 0.288565 0.360223 0.058327 0.013908
13 0.425940 0.360636 0.069071 0.013908
13 0.501343 0.659249 0.056408 0.547983
13 0.583653 0.760779 0.075979 0.013908
13 0.585572 0.930791 0.072141 0.013908
13 0.675748 0.930886 0.052955 0.013908
13 0.635840 0.845619 0.007675 0.119611
11 0.650948 0.820584 0.017169 0.016690
13 0.499424 0.574409 0.052571 0.378303
13 0.739288 0.831711 0.007675 0.091794
13 0.687260 0.761474 0.075979 0.013908
11 0.684585 0.778860 0.007697 0.016690
13 0.955038 0.760779 0.023922 0.013908
13 0.706639 0.624478 0.068688 0.222531
13 0.499424 0.452017 0.052571 0.133519
13 0.572141 0.515994 0.052955 0.013908
13 0.771681 0.761474 0.037606 0.013908
13 0.843757 0.761207 0.051289 0.013908
13 0.451458 0.414812 0.709517 0.641864
11 0.123704 0.076028 0.017169 0.016690
