8 0.201667 0.147667 0.392000 0.230667
1 0.113333 0.135000 0.010000 0.010000
1 0.138333 0.156667 0.010000 0.010000
3 0.175000 0.156667 0.033333 0.026667
4 0.213333 0.156667 0.013333 0.013333
3 0.075000 0.065000 0.033333 0.026667
4 0.113333 0.065000 0.013333 0.013333
3 0.113333 0.108333 0.033333 0.026667
0 0.038333 0.065000 0.010000 0.010000
2 0.343000 0.065000 0.009333 0.009333
1 0.113333 0.205000 0.010000 0.010000
3 0.225000 0.205000 0.033333 0.026667
4 0.140000 0.205000 0.013333 0.013333
3 0.140000 0.243333 0.033333 0.026667
11 0.075000 0.228333 0.033333 0.016667
