1 0.609992 0.381944 0.024174 0.113208
11 0.609992 0.466850 0.076355 0.041509
0 0.025786 0.366038 0.024174 0.113208
11 0.025786 0.450943 0.079774 0.041509
3 0.295729 0.366038 0.080580 0.301887
11 0.295729 0.358491 0.066513 0.135849
3 0.404512 0.381944 0.080580 0.301887
11 0.404512 0.374397 0.062162 0.090566
2 0.965394 0.079245 0.022562 0.105660
11 0.965394 0.160377 0.086612 0.041509
1 0.618721 0.815094 0.024174 0.113208
11 0.618721 0.900000 0.043876 0.041509
1 0.609992 0.079245 0.024174 0.113208
11 0.609992 0.164151 0.071227 0.041509
3 0.710103 0.815094 0.080580 0.301887
11 0.710103 0.807547 0.041027 0.045283
4 0.830973 0.815094 0.032232 0.150943
11 0.831779 0.686792 0.061540 0.045283
3 0.830973 0.381944 0.080580 0.301887
11 0.830973 0.374397 0.062162 0.090566
2 0.947009 0.815094 0.022562 0.105660
11 0.947009 0.896226 0.086612 0.041509
2 0.947009 0.381944 0.022562 0.105660
11 0.947009 0.463076 0.080914 0.041509
3 0.114424 0.366038 0.080580 0.301887
11 0.114424 0.358491 0.070865 0.090566
4 0.199033 0.366038 0.032232 0.150943
2 0.199033 0.815094 0.022562 0.105660
11 0.199033 0.896226 0.052423 0.041509
13 0.056003 0.366038 0.039484 0.037736
13 0.350121 0.373991 0.031426 0.037736
13 0.458904 0.383151 0.031426 0.037736
13 0.548079 0.636255 0.120332 0.372773
13 0.543715 0.192859 0.111604 0.242321
13 0.788096 0.079245 0.335257 0.037736
13 0.650310 0.815094 0.042228 0.037736
13 0.782625 0.816223 0.067687 0.037736
13 0.891408 0.816002 0.091861 0.037736
11 0.857795 0.763718 0.008736 0.045425
13 0.551571 0.382859 0.095890 0.037736
13 0.706381 0.381944 0.171827 0.037736
13 0.903495 0.381944 0.067687 0.037736
13 0.168815 0.367245 0.031426 0.037736
13 0.235294 0.367222 0.043513 0.037736
11 0.225837 0.314578 0.008743 0.045453
13 0.199225 0.601887 0.008058 0.335849
13 0.831182 0.636255 0.008058 0.221830
11 0.847520 0.612340 0.018649 0.045283
