0 0.025862 0.568966 0.028736 0.258621
11 0.025862 0.762931 0.038608 0.094828
3 0.145594 0.568966 0.095785 0.689655
11 0.145594 0.551724 0.047291 0.206897
4 0.274904 0.568966 0.038314 0.344828
11 0.261494 0.241379 0.090887 0.310345
3 0.385057 0.568966 0.095785 0.689655
11 0.385057 0.551724 0.067980 0.413793
1 0.543103 0.568966 0.028736 0.258621
11 0.543103 0.810345 0.038608 0.189655
3 0.662835 0.568966 0.095785 0.689655
11 0.662835 0.551724 0.053941 0.310345
2 0.944444 0.568966 0.026820 0.241379
11 0.958812 0.099138 0.113793 0.094828
3 0.806513 0.568966 0.095785 0.689655
11 0.806513 0.551724 0.047291 0.206897
1 0.471264 0.568966 0.028736 0.258621
13 0.068966 0.568966 0.061303 0.086207
13 0.224617 0.571590 0.066092 0.086207
13 0.315613 0.571695 0.046935 0.086207
11 0.306760 0.451350 0.010395 0.103854
13 0.444923 0.568966 0.027778 0.086207
13 0.586207 0.568966 0.061303 0.086207
13 0.734674 0.568966 0.051724 0.086207
13 0.892720 0.568966 0.080460 0.086207
13 0.507184 0.568966 0.046935 0.086207
