0 0.038491 0.107728 0.023095 0.070258
11 0.038491 0.160422 0.135005 0.025761
3 0.180908 0.107728 0.076982 0.187354
11 0.180908 0.103044 0.068294 0.056206
4 0.269438 0.107728 0.030793 0.093677
11 0.270208 0.028103 0.068294 0.028103
3 0.839107 0.107728 0.076982 0.187354
11 0.839107 0.103044 0.038007 0.056206
1 0.662048 0.337237 0.023095 0.070258
11 0.658199 0.235363 0.068047 0.025761
1 0.662048 0.892272 0.023095 0.070258
11 0.635104 0.818501 0.113774 0.025761
3 0.746728 0.337237 0.076982 0.187354
11 0.746728 0.332553 0.043352 0.056206
1 0.662048 0.611241 0.023095 0.070258
11 0.662818 0.544496 0.062059 0.025761
3 0.746728 0.611241 0.076982 0.187354
11 0.746728 0.606557 0.057605 0.056206
4 0.839107 0.611241 0.030793 0.093677
11 0.895645 0.606557 0.073045 0.028103
3 0.839107 0.892272 0.076982 0.187354
11 0.839107 0.887588 0.063543 0.084309
2 0.949962 0.107728 0.021555 0.065574
11 0.950731 0.043326 0.091455 0.025761
2 0.962279 0.892272 0.021555 0.065574
11 0.963048 0.827869 0.096899 0.025761
3 0.469592 0.337237 0.076982 0.187354
11 0.469592 0.332553 0.064731 0.084309
1 0.327175 0.337237 0.023095 0.070258
11 0.337952 0.284543 0.106697 0.025761
13 0.236721 0.108463 0.037721 0.023419
13 0.542725 0.108338 0.518861 0.023419
11 0.299587 0.076052 0.017228 0.028138
13 0.096228 0.107728 0.095458 0.023419
13 0.608160 0.337804 0.087760 0.023419
13 0.600654 0.638173 0.102771 0.517564
13 0.690916 0.337237 0.037721 0.023419
13 0.600654 0.497658 0.102771 0.236534
13 0.812163 0.269321 0.056967 0.145199
13 0.690916 0.611241 0.037721 0.023419
13 0.804465 0.611970 0.041570 0.023419
13 0.839317 0.382904 0.007698 0.372365
11 0.859448 0.533961 0.009256 0.023551
13 0.839335 0.728337 0.007698 0.149883
11 0.828592 0.613226 0.009310 0.052509
13 0.737105 0.892272 0.130100 0.023419
13 0.908391 0.107728 0.064665 0.023419
13 0.914550 0.892272 0.076982 0.023419
13 0.292725 0.246322 0.048884 0.192879
11 0.259045 0.124088 0.009238 0.023486
13 0.521555 0.337986 0.030023 0.023419
13 0.384911 0.337237 0.095458 0.023419
