8 0.500000 0.500000 0.993802 0.982379
11 0.008781 0.519541 0.012397 0.221460
11 0.024277 0.522302 0.012397 0.252753
0 0.065083 0.513950 0.015496 0.044053
11 0.065083 0.550018 0.088758 0.034325
3 0.137397 0.513950 0.051653 0.117474
11 0.137397 0.517621 0.062161 0.074890
4 0.272727 0.513950 0.020661 0.058737
11 0.298871 0.553598 0.062161 0.074890
3 0.362087 0.513950 0.051653 0.117474
11 0.362087 0.524229 0.065149 0.149780
3 0.436983 0.513950 0.051653 0.117474
11 0.436983 0.517621 0.054988 0.074890
3 0.362087 0.901615 0.051653 0.117474
11 0.362087 0.905286 0.038253 0.074890
2 0.436983 0.901615 0.014463 0.041116
11 0.436983 0.936215 0.120536 0.034325
1 0.537707 0.726872 0.015496 0.044053
11 0.537707 0.762941 0.075061 0.034325
3 0.603822 0.726872 0.051653 0.117474
11 0.603822 0.730543 0.051402 0.074890
3 0.688017 0.726872 0.051653 0.117474
11 0.688017 0.730543 0.038253 0.074890
2 0.878099 0.726872 0.014463 0.041116
11 0.878099 0.761472 0.075061 0.034325
1 0.537707 0.330396 0.015496 0.044053
11 0.537707 0.377570 0.048762 0.068649
3 0.603822 0.330396 0.051653 0.117474
11 0.603822 0.334068 0.053195 0.074890
4 0.688017 0.330396 0.020661 0.058737
11 0.712566 0.370044 0.057379 0.074890
3 0.688017 0.146843 0.051653 0.117474
11 0.688017 0.150514 0.038253 0.074890
2 0.878099 0.146843 0.014463 0.041116
11 0.878099 0.181443 0.103003 0.034325
3 0.780475 0.330396 0.051653 0.117474
11 0.780475 0.337372 0.052000 0.112335
2 0.878099 0.330396 0.014463 0.041116
11 0.878099 0.364996 0.087662 0.034325
1 0.209711 0.513950 0.015496 0.044053
11 0.209711 0.561123 0.056981 0.068649
1 0.538223 0.513950 0.015496 0.044053
11 0.538223 0.550018 0.110126 0.034325
13 0.304623 0.722467 0.065341 0.364170
11 0.265754 0.521305 0.012397 0.069808
13 0.408833 0.901615 0.043905 0.014684
13 0.645919 0.726872 0.034607 0.014684
13 0.792355 0.726872 0.159091 0.014684
13 0.653667 0.330830 0.050103 0.014684
13 0.688166 0.253304 0.005165 0.101322
11 0.701636 0.284730 0.012417 0.031442
13 0.792355 0.146843 0.159091 0.014684
13 0.561725 0.330396 0.034607 0.014684
13 0.513301 0.407489 0.035382 0.160059
13 0.518595 0.514297 0.025826 0.014684
13 0.513301 0.635095 0.035382 0.189427
13 0.561725 0.726872 0.034607 0.014684
13 0.474432 0.514411 0.025310 0.014684
13 0.399535 0.513950 0.025310 0.014684
13 0.726498 0.330826 0.058368 0.014684
11 0.708210 0.313736 0.017771 0.037640
13 0.663223 0.451542 0.236570 0.130690
13 0.838585 0.330396 0.066632 0.014684
13 0.092200 0.513950 0.040806 0.014684
13 0.182593 0.513950 0.040806 0.014684
13 0.239928 0.514301 0.047004 0.014684
13 0.309659 0.514382 0.055269 0.014684
11 0.289731 0.497301 0.011396 0.037535
