8 0.311458 0.120000 0.582917 0.140000
0 0.055000 0.091667 0.010000 0.010000
3 0.101667 0.091667 0.033333 0.026667
4 0.140000 0.091667 0.013333 0.013333
3 0.203333 0.091667 0.054333 0.026667
3 0.262167 0.091667 0.033333 0.026667
1 0.336667 0.091667 0.010000 0.010000
3 0.378500 0.091667 0.033333 0.026667
3 0.534583 0.120000 0.033333 0.026667
2 0.577333 0.120000 0.009333 0.009333
1 0.336667 0.120000 0.010000 0.010000
3 0.378500 0.120000 0.033333 0.026667
4 0.496250 0.120000 0.013333 0.013333
4 0.427667 0.120074 0.013333 0.013333
3 0.466000 0.161667 0.033333 0.026667
1 0.336667 0.161667 0.010000 0.010000
4 0.427833 0.161667 0.013333 0.013333
2 0.577333 0.091667 0.009333 0.009333
