8 0.167000 0.134333 0.315333 0.258000
0 0.035000 0.050000 0.010000 0.010000
3 0.060167 0.050667 0.020333 0.021333
3 0.119000 0.050119 0.030333 0.022667
3 0.235167 0.050000 0.030333 0.024000
2 0.294667 0.050000 0.009333 0.009333
3 0.118833 0.208333 0.030333 0.026667
4 0.086667 0.050000 0.013333 0.013333
1 0.190333 0.110000 0.010000 0.010000
3 0.235333 0.075167 0.030333 0.016333
1 0.190333 0.075333 0.010000 0.010000
3 0.235500 0.113333 0.033333 0.026667
1 0.190334 0.050119 0.010000 0.010000
3 0.119167 0.093333 0.033333 0.026667
