8 0.500000 0.500000 0.987435 0.963415
1 0.069110 0.246951 0.031414 0.091463
3 0.168586 0.246951 0.104712 0.243902
4 0.294241 0.246951 0.041885 0.121951
3 0.451309 0.246951 0.104712 0.243902
2 0.979058 0.246951 0.029319 0.085366
3 0.702618 0.246951 0.104712 0.243902
4 0.686911 0.521341 0.041885 0.121951
2 0.686911 0.792683 0.029319 0.085366
3 0.875393 0.246951 0.104712 0.243902
13 0.100524 0.246951 0.035602 0.030488
13 0.247120 0.246951 0.056545 0.030488
13 0.358115 0.245427 0.090052 0.030488
13 0.521466 0.246951 0.039791 0.030488
13 0.787435 0.246951 0.069110 0.030488
13 0.616230 0.246951 0.072251 0.030488
13 0.613874 0.415396 0.108377 0.227134
13 0.500000 0.400915 0.101571 0.246951
13 0.687435 0.664634 0.010471 0.176829
13 0.587435 0.123476 0.588482 0.143293
13 0.790052 0.446503 0.170681 0.155774
13 0.946073 0.246951 0.040838 0.030488
11 0.014031 0.500000 0.014660 0.379228
11 0.168586 0.245732 0.044351 0.042683
11 0.344720 0.318598 0.075827 0.076829
11 0.451309 0.245732 0.085694 0.130488
11 0.702618 0.245732 0.060426 0.042683
11 0.778182 0.592988 0.073642 0.076829
11 0.686878 0.879573 0.062762 0.076829
11 0.875393 0.245732 0.059009 0.086585
11 0.605628 0.478354 0.065707 0.036585
