0 0.034581 0.144708 0.021661 0.064795
3 0.123029 0.143629 0.090253 0.144708
4 0.215087 0.143629 0.028881 0.086393
3 0.298119 0.652268 0.072202 0.172786
3 0.402812 0.652268 0.072202 0.172786
3 0.713282 0.413607 0.072202 0.172786
3 0.630249 0.652268 0.072202 0.172786
1 0.550827 0.413607 0.021661 0.064795
4 0.713282 0.652268 0.028881 0.086393
3 0.839635 0.899568 0.072202 0.172786
1 0.550827 0.652268 0.021661 0.064795
1 0.550827 0.899568 0.021661 0.064795
4 0.817975 0.143629 0.028881 0.086393
3 0.901007 0.143629 0.072202 0.172786
2 0.977542 0.144708 0.020217 0.060475
2 0.977542 0.899568 0.020217 0.060475
12 0.061657 0.144378 0.035379 0.021598
12 0.184401 0.144346 0.035379 0.021598
12 0.238733 0.419546 0.049458 0.474082
12 0.350466 0.652268 0.035379 0.021598
12 0.619419 0.413607 0.118412 0.021598
12 0.682596 0.652946 0.035379 0.021598
12 0.758588 0.797516 0.092780 0.212743
12 0.455159 0.652946 0.035379 0.021598
12 0.513101 0.511339 0.056679 0.204104
12 0.577903 0.652268 0.035379 0.021598
12 0.513101 0.797516 0.056679 0.212743
12 0.520141 0.652681 0.042599 0.021598
12 0.682596 0.899568 0.244765 0.021598
12 0.783859 0.300216 0.071841 0.235421
12 0.848661 0.144312 0.035379 0.021598
12 0.773029 0.420086 0.093502 0.475162
12 0.952271 0.144352 0.033213 0.021598
12 0.921585 0.899568 0.094585 0.021598
12 0.516531 0.144708 0.576895 0.021598
