8 0.500000 0.500000 0.991215 0.976517
0 0.070278 0.438356 0.021962 0.058708
3 0.150805 0.438356 0.073206 0.156556
4 0.238653 0.438356 0.029283 0.078278
2 0.849195 0.232877 0.020498 0.054795
3 0.381406 0.438356 0.073206 0.156556
0 0.015373 0.947162 0.021962 0.058708
1 0.553441 0.232877 0.021962 0.058708
3 0.655930 0.232877 0.073206 0.156556
1 0.553441 0.771037 0.021962 0.058708
1 0.553441 0.438356 0.021962 0.058708
3 0.655930 0.438356 0.073206 0.156556
4 0.743777 0.438356 0.029283 0.078278
3 0.743777 0.771037 0.073206 0.156556
2 0.849195 0.771037 0.020498 0.054795
12 0.097731 0.438356 0.035871 0.019569
12 0.205710 0.438965 0.039531 0.019569
12 0.299048 0.438783 0.094436 0.019569
12 0.430820 0.438982 0.028551 0.019569
12 0.507687 0.438828 0.072474 0.019569
12 0.591874 0.232877 0.057833 0.019569
12 0.591874 0.438356 0.057833 0.019569
12 0.635798 0.771037 0.145681 0.019569
12 0.743983 0.585127 0.007321 0.223092
12 0.809663 0.771037 0.061493 0.019569
12 0.507486 0.609589 0.078726 0.272016
12 0.507687 0.332519 0.072474 0.159283
12 0.710835 0.438965 0.039531 0.019569
12 0.798682 0.332149 0.083455 0.166088
12 0.765739 0.232877 0.149341 0.019569
12 0.544107 0.238748 0.613104 0.328767
