8 0.500000 0.500000 0.990408 0.971698
0 0.075939 0.155660 0.023981 0.070755
4 0.139888 0.155660 0.031974 0.094340
3 0.199840 0.462264 0.079936 0.188679
2 0.734612 0.155660 0.022382 0.066038
1 0.350919 0.462264 0.023981 0.070755
3 0.438849 0.462264 0.079936 0.188679
1 0.350919 0.698113 0.023981 0.070755
1 0.350919 0.875000 0.023981 0.070755
3 0.438849 0.698113 0.079936 0.188679
4 0.530775 0.698113 0.031974 0.094340
3 0.643485 0.877358 0.079936 0.188679
4 0.734612 0.698113 0.031974 0.094340
4 0.530775 0.155660 0.031974 0.094340
12 0.105915 0.156210 0.039169 0.023585
12 0.150080 0.332547 0.022782 0.268868
12 0.257794 0.463004 0.039169 0.023585
12 0.323341 0.462818 0.034373 0.023585
12 0.380895 0.462264 0.039169 0.023585
12 0.315548 0.603774 0.049960 0.198113
12 0.315548 0.692217 0.049960 0.375000
12 0.380895 0.698113 0.039169 0.023585
12 0.496803 0.698853 0.039169 0.023585
12 0.483213 0.876066 0.243805 0.023585
12 0.709033 0.811321 0.054357 0.141509
12 0.734807 0.419811 0.007994 0.471698
12 0.504996 0.332547 0.055556 0.268868
12 0.335332 0.156840 0.362110 0.023585
12 0.635092 0.156237 0.179856 0.023585
12 0.567346 0.811321 0.075540 0.141509
12 0.632694 0.699292 0.175060 0.023585
