8 0.496571 0.446754 0.984911 0.578831
11 0.011660 0.462639 0.016461 0.180027
8 0.495673 0.067543 0.983116 0.122414
11 0.011660 0.088773 0.024691 0.240613
8 0.503429 0.922522 0.984911 0.141724
11 0.018518 0.945280 0.016461 0.257924
0 0.117284 0.294615 0.020576 0.031679
11 0.117284 0.328537 0.123677 0.049366
3 0.233882 0.294615 0.068587 0.084477
11 0.233882 0.294879 0.057937 0.026927
4 0.316187 0.294615 0.027435 0.042239
3 0.408779 0.231257 0.068587 0.084477
11 0.408779 0.236272 0.074603 0.080781
3 0.508230 0.231257 0.068587 0.084477
11 0.508230 0.233897 0.079365 0.053854
3 0.408779 0.526927 0.068587 0.084477
11 0.408779 0.527191 0.077778 0.026927
2 0.490398 0.526927 0.019204 0.029567
3 0.775720 0.231257 0.068587 0.084477
11 0.775720 0.233897 0.057937 0.053854
3 0.875171 0.231257 0.068587 0.084477
11 0.875171 0.231521 0.077778 0.026927
1 0.683128 0.231257 0.020576 0.031679
11 0.683128 0.257194 0.066931 0.024683
1 0.641975 0.410771 0.020576 0.031679
11 0.641975 0.436708 0.098214 0.024683
3 0.717421 0.410771 0.068587 0.084477
11 0.717421 0.413411 0.070635 0.053854
4 0.796296 0.410771 0.027435 0.042239
3 0.875171 0.600845 0.068587 0.084477
11 0.875171 0.603485 0.082540 0.053854
2 0.963649 0.231257 0.019204 0.029567
2 0.949931 0.600845 0.019204 0.029567
1 0.641975 0.608580 0.020576 0.031679
11 0.641975 0.642503 0.093122 0.049366
13 0.163580 0.294615 0.074760 0.010560
13 0.285322 0.294943 0.037037 0.010560
13 0.345508 0.252376 0.060700 0.046463
11 0.306927 0.235773 0.016461 0.199069
13 0.408779 0.158884 0.006859 0.064492
13 0.458505 0.231257 0.033608 0.010560
13 0.345508 0.421331 0.060700 0.215417
11 0.306927 0.284375 0.016461 0.155793
13 0.461934 0.526927 0.040466 0.010560
13 0.825446 0.231257 0.033608 0.010560
13 0.556241 0.231591 0.030178 0.010560
13 0.717421 0.231257 0.050754 0.010560
13 0.635117 0.231512 0.078189 0.010560
13 0.607853 0.331573 0.050412 0.162619
13 0.667695 0.410771 0.033608 0.010560
13 0.767147 0.411102 0.033608 0.010560
13 0.875171 0.747372 0.006859 0.212801
13 0.683128 0.172083 0.006859 0.090891
13 0.641975 0.261841 0.006859 0.270405
13 0.931756 0.231257 0.047325 0.010560
13 0.924897 0.600845 0.033608 0.010560
13 0.844330 0.338969 0.071377 0.128304
11 0.829038 0.378525 0.073673 0.098372
13 0.607853 0.430478 0.050412 0.360428
13 0.818223 0.508456 0.045911 0.157356
11 0.787037 0.394422 0.016461 0.197337
13 0.745148 0.612887 0.188514 0.012838
