0 0.015000 0.020000 0.010000 0.010000
4 0.110000 0.020000 0.013333 0.013333
3 0.066667 0.020000 0.033333 0.026667
2 0.367667 0.020000 0.009333 0.009333
3 0.281667 0.020000 0.033333 0.026667
5 0.110000 0.076667 0.013333 0.013333
3 0.066667 0.076667 0.033333 0.026667
3 0.110000 0.131667 0.033333 0.026667
4 0.110000 0.166667 0.013333 0.013333
3 0.183333 0.166667 0.033333 0.026667
3 0.110167 0.198333 0.033333 0.026667
5 0.241667 0.020000 0.013333 0.013333
3 0.183333 0.285583 0.033333 0.026667
5 0.333367 0.020000 0.013333 0.013333
3 0.183333 0.242617 0.033333 0.026667
