0 0.040000 0.060000 0.010000 0.010000
4 0.151667 0.060000 0.013333 0.013333
3 0.095000 0.060000 0.033333 0.026667
3 0.216667 0.060000 0.033333 0.026667
2 0.151667 0.104667 0.009333 0.009333
1 0.355000 0.060000 0.010000 0.010000
1 0.355000 0.095000 0.010000 0.010000
1 0.355000 0.130000 0.010000 0.010000
2 0.415000 0.060000 0.009333 0.009333
3 0.415000 0.095000 0.033333 0.026667
4 0.466667 0.095000 0.013333 0.013333
2 0.543667 0.095000 0.009333 0.009333
3 0.415000 0.183333 0.033333 0.026667
2 0.415000 0.236333 0.009333 0.009333
