8 0.500000 0.500000 0.992415 0.976562
11 0.010746 0.563846 0.015171 0.723591
0 0.060683 0.255859 0.018963 0.058594
11 0.060683 0.333374 0.044923 0.136963
3 0.139697 0.255859 0.063211 0.156250
11 0.139697 0.260742 0.076070 0.099609
4 0.215550 0.255859 0.025284 0.078125
11 0.216182 0.336914 0.076070 0.099609
3 0.348293 0.255859 0.063211 0.156250
11 0.348293 0.265137 0.068756 0.149414
5 0.272440 0.255859 0.025284 0.078125
3 0.348293 0.500000 0.063211 0.156250
11 0.348293 0.509277 0.073144 0.149414
5 0.414665 0.255859 0.025284 0.078125
2 0.798989 0.447266 0.017699 0.054688
11 0.834651 0.451416 0.069060 0.091309
1 0.515171 0.255859 0.018963 0.058594
11 0.520860 0.182983 0.048275 0.136963
4 0.689001 0.255859 0.025284 0.078125
3 0.594185 0.255859 0.063211 0.156250
11 0.594185 0.265137 0.053395 0.149414
1 0.515171 0.447266 0.018963 0.058594
11 0.515171 0.510010 0.059674 0.091309
3 0.594185 0.447266 0.063211 0.156250
11 0.594185 0.452148 0.065098 0.099609
4 0.689001 0.447266 0.025284 0.078125
11 0.689633 0.377930 0.079727 0.099609
1 0.515171 0.681641 0.018963 0.058594
11 0.515171 0.729614 0.087164 0.045654
3 0.755373 0.681641 0.063211 0.156250
11 0.755373 0.690918 0.063636 0.149414
3 0.594185 0.681641 0.063211 0.156250
11 0.594185 0.699707 0.065098 0.249023
4 0.689001 0.681641 0.025284 0.078125
13 0.089128 0.255859 0.040455 0.019531
13 0.187105 0.256467 0.034134 0.019531
13 0.300885 0.256472 0.034134 0.019531
13 0.243995 0.256836 0.034134 0.019531
11 0.236662 0.233887 0.014412 0.049805
13 0.294722 0.397461 0.046460 0.212891
13 0.390961 0.256484 0.024652 0.019531
13 0.397440 0.397461 0.037611 0.212891
13 0.490518 0.256321 0.032870 0.019531
13 0.543616 0.255859 0.040455 0.019531
13 0.651075 0.256443 0.053097 0.019531
13 0.484355 0.371094 0.045196 0.160156
13 0.543616 0.447266 0.040455 0.019531
13 0.745891 0.447738 0.091024 0.019531
13 0.651075 0.447850 0.053097 0.019531
11 0.740834 0.436035 0.014412 0.049805
13 0.750316 0.338379 0.099874 0.170898
13 0.792984 0.578125 0.014539 0.214844
13 0.484355 0.488281 0.045196 0.394531
13 0.543616 0.681641 0.040455 0.019531
13 0.712705 0.682271 0.024652 0.019531
13 0.689317 0.564453 0.006321 0.164062
11 0.702005 0.541504 0.022214 0.049805
13 0.651075 0.682225 0.053097 0.019531
13 0.438685 0.255859 0.025284 0.019531
13 0.452592 0.160156 0.475980 0.121094
