8 0.500000 0.499702 0.991930 0.975688
11 0.011432 0.532003 0.016140 0.366086
3 0.135171 0.258893 0.067249 0.158103
11 0.135171 0.259387 0.084043 0.050395
4 0.212508 0.258893 0.026900 0.079051
11 0.234355 0.295949 0.044356 0.050395
3 0.303295 0.258893 0.067249 0.158103
11 0.303295 0.263834 0.086377 0.100791
2 0.929388 0.258893 0.018830 0.055336
11 0.929388 0.305459 0.119839 0.046196
4 0.681237 0.258893 0.026900 0.079051
1 0.478144 0.723320 0.020175 0.059289
11 0.478144 0.771863 0.145518 0.046196
1 0.478144 0.258893 0.020175 0.059289
11 0.478144 0.307436 0.089166 0.046196
3 0.849361 0.258893 0.067249 0.158103
11 0.849361 0.263834 0.049803 0.100791
3 0.570276 0.258893 0.076664 0.158103
11 0.570276 0.263834 0.087155 0.100791
1 0.478144 0.496047 0.020175 0.059289
11 0.478144 0.544590 0.130538 0.046196
3 0.570276 0.496047 0.067249 0.158103
11 0.570276 0.500988 0.069257 0.100791
4 0.681237 0.496047 0.026900 0.079051
11 0.681910 0.433300 0.082486 0.050395
3 0.782112 0.723320 0.067249 0.158103
11 0.782112 0.732708 0.063810 0.151186
4 0.681574 0.723320 0.026900 0.079051
4 0.849361 0.496047 0.026900 0.079051
0 0.061197 0.258893 0.020175 0.059289
11 0.061197 0.307436 0.083459 0.046196
13 0.086416 0.258893 0.032952 0.019763
13 0.183927 0.259514 0.032952 0.019763
13 0.451244 0.259361 0.036315 0.019763
13 0.444687 0.510870 0.049428 0.432806
13 0.901479 0.258893 0.039677 0.019763
13 0.510087 0.258893 0.046402 0.019763
13 0.444687 0.397233 0.049428 0.205534
13 0.512441 0.496047 0.051110 0.019763
13 0.635844 0.496630 0.066577 0.019763
13 0.578178 0.723805 0.182582 0.019763
13 0.721755 0.723915 0.056153 0.019763
13 0.832717 0.629447 0.036651 0.195652
13 0.849556 0.397233 0.006725 0.126482
13 0.247814 0.259499 0.046402 0.019763
11 0.234888 0.236434 0.015363 0.050564
13 0.447209 0.150198 0.471419 0.146245
11 0.203430 0.189265 0.016140 0.097191
13 0.638198 0.259496 0.061870 0.019763
13 0.755212 0.259448 0.123739 0.019763
13 0.681740 0.609684 0.006725 0.156126
11 0.699172 0.505547 0.016207 0.097409
13 0.765299 0.497036 0.143914 0.019763
11 0.703699 0.473814 0.015333 0.050395
13 0.372226 0.258893 0.073302 0.019763
