8 0.500000 0.500000 0.986871 0.983075
3 0.208972 0.346968 0.109409 0.112835
4 0.334792 0.346968 0.043764 0.056417
2 0.334792 0.768688 0.030635 0.039492
5 0.427790 0.346968 0.043764 0.056417
1 0.427790 0.241185 0.032823 0.042313
1 0.520788 0.431594 0.032823 0.042313
3 0.520788 0.530324 0.109409 0.112835
2 0.520788 0.768688 0.030635 0.039492
1 0.810722 0.346968 0.032823 0.042313
1 0.663020 0.431594 0.032823 0.042313
3 0.663020 0.530324 0.109409 0.112835
4 0.663020 0.662906 0.043764 0.056417
2 0.663020 0.768688 0.030635 0.039492
1 0.810722 0.662906 0.032823 0.042313
0 0.105033 0.346968 0.032823 0.042313
2 0.810722 0.768688 0.030635 0.039492
12 0.137856 0.346968 0.037199 0.014104
12 0.288293 0.347410 0.053611 0.014104
12 0.428044 0.290550 0.010941 0.062059
12 0.474289 0.347673 0.053611 0.014104
12 0.521041 0.392807 0.010941 0.040903
12 0.520788 0.463329 0.010941 0.026798
12 0.520788 0.667842 0.010941 0.167842
12 0.335061 0.562059 0.010941 0.379408
12 0.381291 0.347673 0.053611 0.014104
12 0.668490 0.347314 0.256018 0.014104
12 0.594639 0.398449 0.108315 0.071932
12 0.663020 0.463329 0.010941 0.026798
12 0.663350 0.610719 0.010941 0.053597
12 0.663273 0.720028 0.010941 0.063470
12 0.810722 0.504937 0.010941 0.279267
12 0.739606 0.663246 0.113786 0.014104
12 0.810722 0.716502 0.010941 0.070522
