8 0.500099 0.499824 0.991887 0.979943
0 0.076870 0.215107 0.020776 0.049261
3 0.153047 0.215107 0.069252 0.131363
4 0.232687 0.215107 0.027701 0.065681
3 0.312327 0.215107 0.069252 0.131363
3 0.412742 0.215107 0.069252 0.131363
1 0.556781 0.215107 0.020776 0.049261
3 0.646809 0.215107 0.069252 0.131363
2 0.848611 0.215107 0.019391 0.045977
3 0.556781 0.424193 0.069252 0.131363
3 0.646809 0.424193 0.069252 0.131363
3 0.886909 0.424193 0.069252 0.131363
4 0.772559 0.424193 0.027701 0.065681
2 0.962394 0.424193 0.019391 0.045977
1 0.556781 0.646067 0.020776 0.049261
12 0.102839 0.215107 0.033934 0.016420
12 0.203255 0.215622 0.033934 0.016420
12 0.362535 0.215107 0.033934 0.016420
12 0.589676 0.215107 0.047784 0.016420
12 0.760175 0.215107 0.160250 0.016420
12 0.601795 0.424193 0.023546 0.016420
12 0.720072 0.424670 0.080044 0.016420
12 0.460526 0.215629 0.029086 0.016420
12 0.523889 0.215499 0.047779 0.016420
12 0.505018 0.336070 0.037045 0.182813
12 0.805911 0.303229 0.068780 0.182813
12 0.262119 0.215627 0.033934 0.016420
12 0.937117 0.424193 0.033934 0.016420
12 0.540822 0.143678 0.618348 0.103448
12 0.517137 0.447007 0.061283 0.404687
12 0.819346 0.424679 0.068643 0.016420
12 0.709726 0.535130 0.287884 0.228442
