0 0.021967 0.111753 0.031381 0.057803
3 0.137029 0.111753 0.104603 0.154143
11 0.137029 0.107900 0.083921 0.046243
3 0.287657 0.111753 0.104603 0.154143
11 0.287657 0.107900 0.083921 0.046243
4 0.407950 0.111753 0.041841 0.077071
11 0.408996 0.034682 0.083921 0.046243
3 0.528243 0.111753 0.104603 0.154143
11 0.528243 0.107900 0.086342 0.069364
3 0.435146 0.911368 0.104603 0.154143
11 0.435146 0.907514 0.083921 0.046243
3 0.670502 0.111753 0.104603 0.154143
11 0.670502 0.107900 0.086342 0.092486
2 0.868201 0.911368 0.029289 0.053950
1 0.826360 0.333333 0.031381 0.057803
11 0.826360 0.387283 0.094680 0.042389
1 0.826360 0.111753 0.031381 0.057803
11 0.826360 0.165703 0.065832 0.042389
3 0.941423 0.111753 0.104603 0.154143
11 0.941423 0.107900 0.069396 0.046243
13 0.061192 0.111753 0.051255 0.019268
13 0.212343 0.111753 0.050209 0.019268
13 0.363494 0.112358 0.051255 0.019268
13 0.452406 0.112363 0.051255 0.019268
11 0.442738 0.085466 0.011352 0.023212
13 0.421810 0.492293 0.030858 0.691715
11 0.393828 0.112579 0.012552 0.044591
13 0.670502 0.911368 0.370293 0.019268
13 0.599372 0.111753 0.041841 0.019268
13 0.733264 0.112392 0.025105 0.019268
13 0.798117 0.112198 0.029289 0.019268
13 0.787918 0.241811 0.049686 0.190751
13 0.865586 0.111753 0.051255 0.019268
