8 0.266333 0.088167 0.522667 0.156333
0 0.032667 0.051667 0.010000 0.010000
3 0.069333 0.051667 0.033333 0.026667
4 0.114333 0.051667 0.013333 0.013333
1 0.208333 0.051667 0.010000 0.010000
2 0.445333 0.051667 0.009333 0.009333
1 0.270667 0.051667 0.010000 0.010000
1 0.270667 0.098333 0.010000 0.010000
3 0.317333 0.098333 0.033333 0.026667
3 0.317333 0.051667 0.033333 0.026667
3 0.397333 0.051667 0.033333 0.026667
4 0.359000 0.098333 0.013333 0.013333
2 0.445333 0.098333 0.009333 0.009333
1 0.270667 0.130000 0.010000 0.010000
4 0.359000 0.051667 0.013333 0.013333
4 0.415333 0.098389 0.013333 0.013333
3 0.161000 0.051746 0.033333 0.026667
