8 0.500000 0.382784 0.988428 0.740555
8 0.216490 0.926531 0.380906 0.122449
8 0.682739 0.926531 0.482160 0.122449
0 0.059788 0.203368 0.028930 0.061224
3 0.151398 0.203368 0.096432 0.163265
4 0.267117 0.203368 0.038573 0.081633
2 0.738669 0.203368 0.027001 0.057143
1 0.267117 0.702041 0.028930 0.061224
3 0.267117 0.487755 0.096432 0.163265
1 0.465767 0.487755 0.028930 0.061224
3 0.571842 0.487755 0.096432 0.122449
4 0.738669 0.487755 0.038573 0.081633
1 0.465767 0.702041 0.028930 0.061224
4 0.831244 0.487755 0.038573 0.081633
4 0.643202 0.203368 0.038573 0.081633
3 0.571842 0.319388 0.115718 0.112245
2 0.899637 0.702041 0.027001 0.057143
1 0.465767 0.321612 0.028930 0.061224
12 0.088717 0.203368 0.032787 0.020408
12 0.223722 0.204003 0.052073 0.020408
12 0.501929 0.487755 0.047252 0.020408
12 0.669720 0.488352 0.103182 0.020408
12 0.655979 0.615306 0.355352 0.181633
12 0.784957 0.488776 0.057859 0.020408
12 0.455159 0.203499 0.341369 0.020408
12 0.693828 0.203849 0.066538 0.020408
12 0.267117 0.620408 0.009643 0.110204
12 0.267117 0.798980 0.009643 0.140816
12 0.497107 0.321830 0.037608 0.020408
12 0.636692 0.281786 0.017840 0.083367
12 0.412488 0.383673 0.081485 0.134694
12 0.421890 0.488241 0.062681 0.020408
12 0.412488 0.615306 0.081485 0.181633
12 0.267393 0.325153 0.009643 0.170102
12 0.875083 0.581122 0.052963 0.192857
12 0.899637 0.797959 0.009643 0.142857
12 0.740413 0.339439 0.009643 0.223163
12 0.317743 0.597649 0.076181 0.216948
