0 0.050420 0.316667 0.031513 0.071429
11 0.050420 0.375149 0.130361 0.055655
3 0.165966 0.316667 0.105042 0.190476
11 0.165966 0.322619 0.138565 0.121429
4 0.286765 0.316667 0.042017 0.095238
11 0.293067 0.219643 0.171384 0.060714
3 0.407563 0.316667 0.105042 0.190476
11 0.407563 0.327976 0.130057 0.182143
1 0.591387 0.316667 0.031513 0.071429
11 0.592437 0.253720 0.133703 0.055655
3 0.706933 0.316667 0.105042 0.190476
11 0.706933 0.322619 0.123980 0.121429
1 0.591387 0.566667 0.031513 0.071429
11 0.591387 0.625149 0.127018 0.055655
3 0.706933 0.566667 0.105042 0.190476
11 0.706933 0.572619 0.117902 0.121429
4 0.827731 0.566667 0.042017 0.095238
11 0.852941 0.481548 0.240666 0.060714
1 0.591387 0.816667 0.031513 0.071429
11 0.606092 0.739435 0.188299 0.055655
2 0.948529 0.566667 0.029412 0.066667
11 0.948529 0.622768 0.187185 0.055655
2 0.948529 0.816667 0.029412 0.066667
11 0.959034 0.908482 0.297490 0.055655
13 0.089811 0.316667 0.051471 0.023810
13 0.242122 0.317414 0.051471 0.023810
13 0.331408 0.317420 0.051471 0.023810
11 0.321699 0.289561 0.024004 0.060952
13 0.562500 0.317217 0.030462 0.023810
13 0.630777 0.316667 0.051471 0.023810
13 0.552258 0.465476 0.050945 0.211905
13 0.630777 0.566667 0.051471 0.023810
13 0.783088 0.567414 0.051471 0.023810
13 0.552258 0.590476 0.050945 0.461905
13 0.483718 0.317414 0.051471 0.023810
13 0.770483 0.816667 0.330882 0.023810
13 0.617910 0.297619 0.665441 0.480952
11 0.352086 0.033929 0.036104 0.060714
13 0.881040 0.715476 0.109769 0.211905
11 0.848935 0.714881 0.036104 0.060714
13 0.891282 0.567233 0.089286 0.023810
11 0.862261 0.539563 0.023194 0.060935
13 0.846639 0.441667 0.178571 0.259524
