8 0.476437 0.500000 0.941565 0.979021
11 0.044298 0.500000 0.011310 0.141608
0 0.104618 0.115385 0.028275 0.052448
11 0.081056 0.158217 0.077979 0.019231
6 0.194156 0.115385 0.037700 0.069930
11 0.195099 0.169580 0.098155 0.020979
3 0.335533 0.115385 0.094251 0.139860
11 0.335533 0.111888 0.077797 0.062937
1 0.458058 0.622378 0.028275 0.052448
11 0.418473 0.574301 0.097307 0.019231
3 0.458058 0.115385 0.094251 0.139860
11 0.458058 0.111888 0.053077 0.041958
1 0.458058 0.797203 0.028275 0.052448
11 0.459001 0.747378 0.059317 0.019231
6 0.646560 0.403846 0.037700 0.069930
2 0.895382 0.034965 0.026390 0.048951
11 0.969840 0.053322 0.090642 0.019231
1 0.458058 0.902098 0.028275 0.052448
11 0.458058 0.941434 0.139296 0.019231
3 0.773798 0.229021 0.094251 0.139860
11 0.773798 0.225524 0.079978 0.041958
3 0.335533 0.421329 0.094251 0.139860
11 0.335533 0.417832 0.072708 0.062937
13 0.147031 0.115797 0.060320 0.017483
13 0.250707 0.114510 0.079171 0.017483
11 0.224992 0.089448 0.010316 0.021208
13 0.458058 0.390734 0.009425 0.417832
13 0.560320 0.618007 0.180019 0.365385
13 0.335533 0.268357 0.009425 0.173077
13 0.399152 0.622799 0.093308 0.017483
13 0.696041 0.087413 0.385485 0.062937
13 0.784166 0.230769 0.241282 0.349650
11 0.789848 0.379371 0.069799 0.020979
13 0.537229 0.055944 0.693685 0.055944
11 0.264232 0.043706 0.021812 0.020979
13 0.688501 0.298951 0.080113 0.146853
11 0.646573 0.206294 0.098155 0.020979
13 0.859095 0.144231 0.080113 0.176573
13 0.390669 0.727273 0.110273 0.146853
13 0.611216 0.599650 0.281810 0.608392
13 0.335745 0.539336 0.009425 0.103147
13 0.390049 0.779720 0.111514 0.251748
