0 0.030000 0.050000 0.010000 0.010000
4 0.081667 0.050000 0.013333 0.013333
3 0.131667 0.050000 0.033333 0.026667
3 0.081667 0.098333 0.033333 0.026667
1 0.180000 0.050000 0.010000 0.010000
3 0.221667 0.050000 0.033333 0.026667
4 0.261667 0.050000 0.013333 0.013333
3 0.301667 0.050000 0.033333 0.026667
4 0.260000 0.050000 0.013333 0.013333
1 0.131667 0.098333 0.010000 0.010000
3 0.131667 0.133333 0.033333 0.026667
4 0.131667 0.176667 0.013333 0.013333
7 0.131667 0.218333 0.033333 0.026667
7 0.201667 0.133333 0.033333 0.026667
7 0.221667 0.088333 0.033333 0.026667
2 0.131667 0.249667 0.009333 0.009333
3 0.056667 0.050000 0.033333 0.026667
