8 0.500000 0.501212 0.989565 0.976162
2 0.982609 0.206061 0.024348 0.056566
3 0.707826 0.206061 0.086957 0.161616
3 0.896522 0.206061 0.086957 0.161616
1 0.609565 0.206061 0.026087 0.060606
3 0.431304 0.836364 0.086957 0.161616
3 0.796087 0.608081 0.086957 0.161616
4 0.795761 0.206061 0.034783 0.080808
4 0.431304 0.608081 0.034783 0.080808
1 0.534783 0.206061 0.026087 0.060606
1 0.896522 0.608081 0.026087 0.060606
0 0.090000 0.206061 0.026087 0.060606
3 0.223913 0.206061 0.086957 0.161616
4 0.318261 0.206061 0.034783 0.080808
3 0.431304 0.206061 0.086957 0.161616
3 0.431304 0.420202 0.086957 0.161616
4 0.540242 0.116046 0.034783 0.080808
12 0.141739 0.206061 0.080870 0.020202
12 0.643478 0.206061 0.045217 0.020202
12 0.728696 0.535354 0.511304 0.610101
12 0.764837 0.206708 0.030543 0.020202
12 0.955217 0.206061 0.033913 0.020202
12 0.431561 0.702020 0.008696 0.115152
12 0.361739 0.206685 0.055652 0.020202
12 0.353261 0.541414 0.072609 0.597980
12 0.796462 0.386869 0.008696 0.288889
12 0.833098 0.206703 0.043370 0.020202
12 0.572174 0.206061 0.052174 0.020202
12 0.284130 0.206702 0.036957 0.020202
12 0.431304 0.534343 0.008696 0.074747
12 0.897391 0.432323 0.008696 0.298990
12 0.600652 0.608081 0.307391 0.020202
12 0.861522 0.608081 0.047391 0.020202
12 0.498261 0.206061 0.050435 0.020202
12 0.504783 0.328283 0.063478 0.191919
