0 0.028780 0.251804 0.025338 0.054802
11 0.028780 0.176908 0.045391 0.040188
3 0.109017 0.251804 0.084459 0.146139
11 0.109017 0.248151 0.039744 0.065762
4 0.193476 0.251804 0.033784 0.073069
3 0.277936 0.251804 0.084459 0.146139
11 0.277936 0.248151 0.061245 0.065762
1 0.480638 0.909428 0.025338 0.054802
11 0.480638 0.960576 0.076448 0.040188
1 0.480638 0.671953 0.025338 0.054802
11 0.480638 0.723101 0.057933 0.040188
1 0.480638 0.434477 0.025338 0.054802
11 0.480638 0.475579 0.074656 0.020094
4 0.690604 0.671953 0.033784 0.073069
11 0.691448 0.598883 0.063200 0.043842
3 0.580887 0.671953 0.084459 0.146139
11 0.580887 0.668299 0.057987 0.043842
3 0.787732 0.909428 0.084459 0.146139
11 0.787732 0.905774 0.057987 0.043842
4 0.691283 0.909428 0.033784 0.073069
3 0.580887 0.434477 0.084459 0.146139
11 0.580887 0.430824 0.047563 0.043842
4 0.787732 0.251804 0.033784 0.073069
2 0.963538 0.251804 0.023649 0.051148
11 0.968605 0.173255 0.051363 0.040188
3 0.871477 0.252267 0.084459 0.146139
11 0.871477 0.248613 0.041699 0.043842
13 0.054118 0.251804 0.028716 0.018267
13 0.163915 0.252395 0.028716 0.018267
13 0.223037 0.252401 0.028716 0.018267
11 0.214771 0.279025 0.008470 0.021921
13 0.345503 0.252364 0.054054 0.018267
13 0.428062 0.598883 0.083193 0.628396
13 0.428062 0.480146 0.083193 0.390921
13 0.816936 0.252562 0.028002 0.018267
13 0.515982 0.671953 0.048728 0.018267
13 0.648414 0.672513 0.053973 0.018267
13 0.583849 0.909873 0.184462 0.018267
13 0.428040 0.361408 0.083237 0.153445
13 0.747825 0.480602 0.084037 0.391834
11 0.741292 0.646378 0.008470 0.021921
13 0.726839 0.910011 0.040706 0.018267
13 0.932710 0.251959 0.041385 0.018267
13 0.515982 0.434477 0.048728 0.018267
13 0.705636 0.361408 0.168416 0.153445
13 0.691363 0.790690 0.008446 0.171713
13 0.491753 0.113115 0.599088 0.211616
11 0.176729 0.102746 0.018895 0.021921
13 0.850719 0.617382 0.044893 0.591399
