8 0.500000 0.499627 0.991984 0.982762
0 0.070789 0.362871 0.020040 0.044053
11 0.070789 0.398939 0.082902 0.034325
3 0.197710 0.362871 0.066800 0.117474
11 0.197710 0.369846 0.080389 0.112335
1 0.391765 0.362137 0.020040 0.044053
11 0.391765 0.398205 0.144546 0.034325
4 0.301584 0.362884 0.026720 0.058737
2 0.922921 0.824803 0.018704 0.041116
11 0.922921 0.859403 0.122581 0.034325
1 0.569787 0.565514 0.020040 0.044053
11 0.569787 0.601583 0.143838 0.034325
3 0.670322 0.566249 0.066800 0.117474
11 0.670322 0.569920 0.066476 0.074890
1 0.569787 0.362871 0.020040 0.044053
11 0.569787 0.398939 0.115495 0.034325
3 0.670322 0.362871 0.066800 0.117474
11 0.670322 0.366542 0.074979 0.074890
4 0.769186 0.362871 0.026720 0.058737
1 0.569787 0.179318 0.020040 0.044053
11 0.569787 0.215386 0.131792 0.034325
4 0.770669 0.179318 0.026720 0.058737
2 0.922921 0.179318 0.018704 0.041116
11 0.922921 0.213917 0.180683 0.034325
4 0.768767 0.824803 0.026720 0.058737
13 0.122560 0.362871 0.086172 0.014684
13 0.259667 0.363315 0.059786 0.014684
13 0.348344 0.363247 0.069472 0.014684
13 0.608365 0.565796 0.059786 0.014684
13 0.608365 0.362871 0.059786 0.014684
13 0.729774 0.363311 0.054776 0.014684
13 0.521612 0.362528 0.078983 0.014684
13 0.515099 0.478143 0.092009 0.180617
13 0.429260 0.362137 0.057623 0.014684
13 0.515099 0.255676 0.092009 0.158590
13 0.668558 0.179678 0.180174 0.014684
13 0.770268 0.271094 0.006680 0.130690
13 0.848799 0.179676 0.132212 0.014684
13 0.769311 0.593837 0.006680 0.409069
11 0.760033 0.312554 0.016229 0.462251
13 0.712864 0.724894 0.087757 0.205691
13 0.528663 0.608895 0.456161 0.439159
11 0.292566 0.303334 0.016032 0.524764
13 0.847848 0.825162 0.134114 0.014684
