8 0.282828 0.146495 0.545657 0.272990
9 0.287828 0.104828 0.535657 0.189657
9 0.287828 0.241323 0.535657 0.083333
0 0.040000 0.051667 0.010000 0.010000
3 0.085833 0.051667 0.041667 0.026667
4 0.131667 0.051667 0.013333 0.013333
3 0.179000 0.051667 0.051333 0.026667
3 0.240517 0.051667 0.033333 0.026667
3 0.500667 0.176067 0.033333 0.026667
2 0.537067 0.176067 0.009333 0.009333
1 0.307500 0.051667 0.010000 0.010000
3 0.359633 0.051667 0.041667 0.026667
4 0.466467 0.176067 0.013333 0.013333
1 0.307500 0.086517 0.010000 0.010000
3 0.355467 0.086517 0.033333 0.026667
4 0.412017 0.086517 0.013333 0.013333
3 0.412017 0.128283 0.046090 0.026667
1 0.307500 0.128283 0.010000 0.010000
2 0.452367 0.128283 0.009333 0.009333
0 0.179000 0.241323 0.010000 0.010000
4 0.226282 0.241323 0.013333 0.013333
