8 0.500000 0.500000 0.992949 0.978799
0 0.074031 0.220848 0.017626 0.053004
3 0.165100 0.220848 0.058754 0.141343
4 0.235605 0.220848 0.023502 0.070671
3 0.323737 0.220848 0.058754 0.141343
3 0.552879 0.219081 0.058754 0.141343
2 0.760870 0.374558 0.016451 0.049470
3 0.482374 0.560071 0.058754 0.141343
4 0.561692 0.560071 0.023502 0.070671
3 0.614571 0.789753 0.058754 0.141343
1 0.726204 0.911661 0.017626 0.053004
1 0.470623 0.219081 0.017626 0.053004
1 0.482374 0.374558 0.017626 0.053004
1 0.403055 0.805654 0.017626 0.053004
3 0.676263 0.374558 0.058754 0.141343
2 0.760870 0.724382 0.016451 0.049470
12 0.109283 0.220848 0.055229 0.017668
12 0.209166 0.221398 0.031727 0.017668
12 0.270858 0.221380 0.049354 0.017668
12 0.530846 0.560609 0.040541 0.017668
12 0.501469 0.219081 0.046416 0.017668
12 0.482374 0.445230 0.005875 0.095406
12 0.372209 0.220310 0.040541 0.017668
12 0.573590 0.692580 0.025558 0.201413
12 0.403200 0.516784 0.005875 0.531802
12 0.438455 0.307788 0.072562 0.113810
12 0.498531 0.815371 0.175676 0.026502
12 0.614571 0.320479 0.066980 0.113294
12 0.729142 0.374558 0.049354 0.017668
12 0.456081 0.180830 0.442714 0.253180
12 0.624853 0.503092 0.105170 0.122792
12 0.698296 0.757067 0.111046 0.072438
12 0.438308 0.219506 0.049354 0.017668
12 0.680670 0.868375 0.075793 0.093640
