0 0.019661 0.362110 0.020339 0.071942
3 0.094237 0.362110 0.067797 0.191847
4 0.172203 0.362110 0.027119 0.095923
3 0.250169 0.362110 0.067797 0.191847
0 0.334915 0.362110 0.020339 0.071942
3 0.409492 0.362110 0.067797 0.191847
3 0.887458 0.637890 0.067797 0.191847
4 0.776949 0.637890 0.027119 0.095923
2 0.986441 0.362110 0.018983 0.067146
1 0.553220 0.637890 0.020339 0.071942
1 0.673898 0.110312 0.020339 0.071942
3 0.668475 0.637890 0.067797 0.191847
2 0.961356 0.637890 0.018983 0.067146
1 0.497627 0.362110 0.020339 0.071942
2 0.172203 0.071942 0.018983 0.067146
1 0.673898 0.362110 0.020339 0.071942
3 0.887458 0.889688 0.067797 0.191847
3 0.887458 0.110312 0.067797 0.191847
13 0.045085 0.362110 0.033220 0.023981
13 0.143390 0.362863 0.033220 0.023981
13 0.201017 0.362870 0.033220 0.023981
13 0.304746 0.362110 0.044068 0.023981
13 0.360339 0.362110 0.033220 0.023981
13 0.821356 0.642686 0.064407 0.023981
13 0.598983 0.637890 0.073898 0.023981
13 0.732881 0.637890 0.063729 0.023981
13 0.936610 0.637890 0.033220 0.023981
13 0.465424 0.362110 0.046780 0.023981
13 0.520339 0.519185 0.048136 0.251799
13 0.172364 0.209832 0.006780 0.218225
13 0.815424 0.787770 0.078983 0.213429
13 0.941356 0.780576 0.042712 0.227818
13 0.785763 0.450839 0.206102 0.191847
13 0.768814 0.110312 0.172203 0.023981
13 0.941356 0.357314 0.042712 0.503597
13 0.581017 0.221823 0.168136 0.218225
13 0.585763 0.362110 0.158644 0.023981
11 0.019796 0.432854 0.031457 0.060432
11 0.094237 0.361151 0.054942 0.033573
11 0.172166 0.436211 0.060943 0.028777
11 0.250169 0.361151 0.055483 0.068106
11 0.334582 0.417026 0.035943 0.028777
11 0.409492 0.361151 0.048827 0.033573
11 0.888480 0.636930 0.055710 0.068106
11 0.777964 0.543165 0.045420 0.060432
11 0.669494 0.636930 0.048602 0.068106
11 0.887458 0.888729 0.044089 0.068106
11 0.887458 0.109353 0.044089 0.068106
11 0.194449 0.328297 0.007881 0.028777
11 0.768008 0.654436 0.007881 0.028777
11 0.585636 0.099520 0.043136 0.060432
11 0.586049 0.328297 0.052097 0.028777
