8 0.341833 0.082833 0.485000 0.154333
0 0.135000 0.025667 0.010000 0.010000
4 0.211667 0.025667 0.013333 0.013333
3 0.171667 0.025667 0.033333 0.026667
3 0.261667 0.025667 0.033333 0.026667
3 0.316667 0.025667 0.033333 0.026667
3 0.211667 0.056667 0.033333 0.026667
2 0.212333 0.083000 0.009333 0.009333
3 0.420000 0.025667 0.033333 0.026667
1 0.375000 0.025667 0.010000 0.010000
1 0.375000 0.056667 0.010000 0.010000
1 0.375000 0.083000 0.010000 0.010000
3 0.441667 0.083000 0.033333 0.026667
3 0.471667 0.025667 0.033333 0.026667
4 0.481667 0.083000 0.013333 0.013333
3 0.516667 0.083000 0.033333 0.026667
2 0.559667 0.083000 0.009333 0.009333
