8 0.499833 0.500000 0.989276 0.977778
11 0.014719 0.528125 0.020779 0.318750
0 0.070130 0.305556 0.025974 0.055556
3 0.165368 0.305556 0.086580 0.148148
11 0.165368 0.314352 0.110204 0.141667
4 0.264935 0.305556 0.034632 0.074074
1 0.329870 0.305556 0.025974 0.055556
11 0.329870 0.351042 0.144184 0.043287
1 0.482251 0.305556 0.025974 0.055556
11 0.482251 0.351042 0.114796 0.043287
3 0.577489 0.305556 0.086580 0.148148
11 0.577489 0.310185 0.086160 0.094444
4 0.677056 0.305556 0.034632 0.074074
3 0.776623 0.305556 0.086580 0.148148
11 0.776623 0.310185 0.073135 0.094444
2 0.870996 0.305556 0.024242 0.051852
1 0.399134 0.455556 0.025974 0.055556
11 0.399134 0.501042 0.230510 0.043287
3 0.399134 0.624074 0.086580 0.148148
11 0.399134 0.632870 0.116215 0.141667
4 0.399134 0.814815 0.034632 0.074074
2 0.870996 0.814815 0.024242 0.051852
11 0.870996 0.858449 0.136837 0.043287
2 0.264935 0.814815 0.024242 0.051852
13 0.102597 0.305556 0.042424 0.018519
13 0.228139 0.306137 0.042424 0.018519
13 0.299567 0.305991 0.038095 0.018519
13 0.514719 0.305556 0.042424 0.018519
13 0.640260 0.306137 0.042424 0.018519
13 0.839394 0.305556 0.042424 0.018519
13 0.713853 0.306142 0.042424 0.018519
11 0.705517 0.284475 0.019118 0.047394
13 0.362338 0.305987 0.042424 0.018519
13 0.442857 0.305997 0.056277 0.018519
13 0.399339 0.385185 0.008658 0.092593
13 0.399134 0.516667 0.008658 0.074074
13 0.399391 0.737963 0.008658 0.087037
13 0.329437 0.815258 0.108225 0.018519
11 0.370680 0.793793 0.019106 0.047349
13 0.265147 0.565741 0.008658 0.453704
11 0.253186 0.314865 0.020814 0.088122
13 0.637662 0.815273 0.445887 0.018519
11 0.433035 0.793923 0.029768 0.047303
13 0.768182 0.578704 0.184848 0.479630
11 0.665368 0.314831 0.020779 0.088036
