8 0.500000 0.500000 0.988528 0.980100
3 0.182600 0.175788 0.095602 0.132670
4 0.306883 0.175788 0.038241 0.066335
3 0.383365 0.325041 0.095602 0.132670
1 0.622371 0.325041 0.028681 0.049751
1 0.549713 0.500829 0.028681 0.049751
3 0.727533 0.325041 0.095602 0.132670
3 0.866157 0.325041 0.095602 0.132670
2 0.965583 0.175788 0.026769 0.046434
1 0.670172 0.500829 0.028681 0.049751
3 0.670172 0.698176 0.095602 0.132670
4 0.780115 0.698176 0.038241 0.066335
3 0.866157 0.897181 0.095602 0.132670
0 0.077438 0.175788 0.028681 0.049751
12 0.113289 0.175788 0.046845 0.016584
12 0.259082 0.176296 0.061185 0.016584
12 0.482314 0.325041 0.100382 0.016584
12 0.552581 0.417081 0.009560 0.124378
12 0.587954 0.324212 0.042065 0.016584
12 0.796845 0.325041 0.046845 0.016584
12 0.639101 0.176617 0.630019 0.016584
12 0.658222 0.324618 0.046845 0.016584
12 0.938815 0.262852 0.053537 0.131012
12 0.739484 0.698696 0.046845 0.016584
12 0.670172 0.578773 0.009560 0.112769
12 0.612333 0.414400 0.090822 0.130574
12 0.939771 0.548093 0.055449 0.704809
12 0.683940 0.728027 0.272654 0.411277
12 0.321702 0.266998 0.031549 0.122720
12 0.832696 0.545191 0.070746 0.314262
12 0.799474 0.814262 0.041587 0.172471
