8 0.500000 0.500000 0.991643 0.981567
0 0.066852 0.192012 0.020891 0.046083
3 0.133008 0.192012 0.069638 0.122888
4 0.213092 0.192012 0.027855 0.061444
5 0.213092 0.293395 0.027855 0.061444
3 0.339136 0.293395 0.069638 0.122888
2 0.974930 0.192012 0.019499 0.043011
1 0.254875 0.294163 0.020891 0.046083
3 0.341922 0.462366 0.069638 0.122888
3 0.215181 0.436252 0.069638 0.122888
4 0.279248 0.439324 0.027855 0.061444
3 0.339136 0.623656 0.069638 0.122888
1 0.411560 0.462366 0.020891 0.046083
4 0.419220 0.623656 0.027855 0.061444
3 0.499304 0.554531 0.069638 0.122888
3 0.500000 0.715822 0.069638 0.122888
3 0.613510 0.715822 0.069638 0.122888
3 0.341922 0.784946 0.069638 0.122888
12 0.446379 0.293395 0.069638 0.076805
13 0.087744 0.192012 0.023677 0.015361
13 0.183496 0.192494 0.034123 0.015361
13 0.214118 0.349462 0.006964 0.056836
13 0.213440 0.242704 0.006964 0.046083
13 0.235724 0.294163 0.020195 0.015361
13 0.596100 0.192394 0.740947 0.015361
13 0.257660 0.438784 0.018106 0.015361
13 0.284819 0.293890 0.041783 0.015361
13 0.300139 0.447434 0.016713 0.015361
13 0.291957 0.546851 0.027507 0.159754
13 0.392758 0.292268 0.040390 0.015361
13 0.388928 0.462366 0.027159 0.015361
13 0.693593 0.327189 0.545961 0.276498
13 0.389624 0.624138 0.034123 0.015361
13 0.442026 0.573733 0.047702 0.044547
13 0.749652 0.372504 0.433844 0.367127
13 0.442375 0.685100 0.048398 0.067588
13 0.556755 0.715822 0.046657 0.015361
13 0.293350 0.627496 0.030292 0.321045
11 0.009331 0.500000 0.009749 0.108094
11 0.067100 0.237327 0.060384 0.038710
11 0.133008 0.191398 0.029495 0.021505
11 0.213776 0.131336 0.038973 0.038710
11 0.339136 0.292780 0.054800 0.021505
11 0.974827 0.225653 0.017899 0.018433
11 0.341922 0.461751 0.055747 0.043625
11 0.215181 0.435637 0.056990 0.065745
11 0.339136 0.623041 0.047827 0.043625
11 0.499304 0.553917 0.051089 0.021505
11 0.500000 0.715207 0.049236 0.043625
11 0.613510 0.715207 0.056891 0.065745
11 0.342733 0.784332 0.054350 0.065745
11 0.443848 0.287250 0.056220 0.043625
11 0.203908 0.202611 0.008095 0.018433
