8 0.500376 0.500631 0.990475 0.980757
3 0.201368 0.116416 0.079051 0.126183
1 0.460657 0.321463 0.023715 0.047319
4 0.292672 0.116416 0.031621 0.063091
3 0.292672 0.613261 0.079051 0.126183
1 0.460657 0.825406 0.023715 0.047319
3 0.578443 0.321463 0.079051 0.126183
3 0.578443 0.613261 0.079051 0.126183
4 0.686348 0.613261 0.031621 0.063091
3 0.686348 0.825406 0.079051 0.126183
1 0.461052 0.613261 0.023715 0.047319
0 0.088325 0.116416 0.023715 0.047319
4 0.825083 0.321463 0.031621 0.063091
3 0.825083 0.116416 0.079051 0.126183
2 0.920856 0.116416 0.022134 0.044164
12 0.131012 0.116416 0.064822 0.015773
12 0.418957 0.735106 0.062846 0.186908
12 0.418957 0.451589 0.062846 0.266562
12 0.258878 0.116910 0.039130 0.015773
12 0.352554 0.613751 0.043874 0.015773
12 0.505716 0.321463 0.069565 0.015773
12 0.426862 0.613638 0.047826 0.015773
12 0.505913 0.613261 0.069170 0.015773
12 0.644253 0.613740 0.055731 0.015773
12 0.292883 0.349065 0.007905 0.408517
12 0.760771 0.483529 0.120386 0.267350
12 0.776902 0.589207 0.105217 0.478707
12 0.686576 0.703561 0.007905 0.123817
12 0.559668 0.825406 0.177470 0.015773
12 0.713621 0.321894 0.194466 0.015773
12 0.547020 0.116828 0.480237 0.015773
12 0.825311 0.234712 0.007905 0.116719
12 0.887199 0.116416 0.048342 0.015773
