8 0.500000 0.500000 0.990323 0.981538
0 0.097581 0.178462 0.024194 0.046154
3 0.202419 0.178462 0.080645 0.123077
4 0.295161 0.178462 0.032258 0.061538
3 0.863710 0.163077 0.080645 0.123077
2 0.963710 0.163077 0.022581 0.043077
3 0.295161 0.463077 0.080645 0.123077
1 0.504839 0.463077 0.024194 0.046154
3 0.625806 0.463077 0.080645 0.123077
1 0.504839 0.586154 0.024194 0.046154
3 0.625806 0.624615 0.080645 0.123077
4 0.718548 0.624615 0.032258 0.061538
4 0.770968 0.163077 0.032258 0.061538
3 0.718548 0.786154 0.080645 0.123077
4 0.770968 0.163077 0.032258 0.061538
1 0.504839 0.786154 0.024194 0.046154
13 0.135887 0.178462 0.055645 0.015385
13 0.260887 0.178944 0.039516 0.015385
13 0.367742 0.463537 0.067742 0.015385
13 0.462500 0.463446 0.063710 0.015385
13 0.551210 0.463077 0.071774 0.015385
13 0.454637 0.540000 0.079435 0.098462
13 0.551210 0.605385 0.071774 0.044615
13 0.684274 0.625098 0.039516 0.015385
13 0.295161 0.305385 0.008065 0.198462
13 0.805242 0.163564 0.039516 0.015385
13 0.928226 0.163077 0.051613 0.015385
13 0.718750 0.328462 0.108468 0.275385
13 0.718790 0.690000 0.008065 0.075385
13 0.597581 0.786154 0.164516 0.015385
13 0.454435 0.640000 0.079839 0.298462
13 0.753024 0.408462 0.039919 0.435385
13 0.766129 0.487692 0.017742 0.603077
13 0.533065 0.172489 0.446774 0.018744
11 0.016613 0.500000 0.011290 0.262178
11 0.097915 0.223846 0.052281 0.038769
11 0.202419 0.177846 0.045985 0.021538
11 0.296774 0.099846 0.069355 0.018462
11 0.863710 0.162462 0.056211 0.043692
11 0.950561 0.114615 0.059186 0.038769
11 0.295161 0.462462 0.065998 0.065846
11 0.504662 0.498308 0.067389 0.018462
11 0.625806 0.462462 0.046262 0.043692
11 0.505185 0.631538 0.055532 0.038769
11 0.627025 0.624000 0.063206 0.043692
11 0.721100 0.553077 0.056716 0.038769
11 0.718548 0.785538 0.056218 0.065846
11 0.505074 0.831538 0.073051 0.038769
11 0.283695 0.189077 0.007712 0.018462
11 0.707579 0.618308 0.016772 0.018462
11 0.744178 0.601385 0.007712 0.018462
11 0.580966 0.149077 0.016772 0.018462
