8 0.500169 0.500189 0.990541 0.984206
3 0.247097 0.334232 0.081633 0.107817
4 0.345056 0.334232 0.032653 0.053908
3 0.345056 0.506739 0.081633 0.107817
3 0.774336 0.334232 0.081633 0.107817
1 0.958280 0.949867 0.024490 0.040431
1 0.664807 0.849903 0.024490 0.040431
3 0.642780 0.705999 0.081633 0.107817
4 0.345056 0.705999 0.032653 0.053908
4 0.774336 0.705999 0.032653 0.053908
3 0.895773 0.849903 0.081633 0.107817
2 0.774336 0.179992 0.022857 0.037736
0 0.114931 0.334232 0.024490 0.040431
13 0.345218 0.407008 0.008163 0.097035
13 0.308322 0.334651 0.044082 0.013477
13 0.696348 0.913362 0.502638 0.078401
13 0.557571 0.850234 0.193247 0.013477
13 0.481673 0.706364 0.243845 0.013477
13 0.720803 0.706397 0.077679 0.013477
13 0.774555 0.533592 0.008163 0.296295
13 0.814171 0.791428 0.084837 0.122341
13 0.835055 0.592067 0.124702 0.413245
13 0.345287 0.619846 0.008163 0.123789
13 0.396063 0.777951 0.104463 0.095387
13 0.547451 0.334588 0.375402 0.013477
13 0.766004 0.849903 0.181171 0.013477
13 0.886716 0.631942 0.146392 0.600811
13 0.774336 0.239591 0.008163 0.086855
13 0.166728 0.334232 0.082371 0.013477
11 0.247347 0.333693 0.046548 0.018868
11 0.347341 0.282345 0.069375 0.033962
11 0.345306 0.506199 0.066806 0.057682
11 0.774694 0.333693 0.056899 0.038275
11 0.958125 0.980997 0.069719 0.016173
11 0.664458 0.881267 0.058712 0.016173
11 0.643677 0.705660 0.058520 0.038275
11 0.344796 0.658895 0.051224 0.016173
11 0.843352 0.736523 0.055684 0.033962
11 0.895510 0.849865 0.053632 0.038275
11 0.774375 0.142722 0.071199 0.016173
11 0.116008 0.373989 0.070383 0.033962
11 0.333724 0.343531 0.009490 0.016173
11 0.372092 0.687197 0.009490 0.016173
11 0.795765 0.661590 0.009490 0.016173
11 0.761888 0.696631 0.018469 0.016173
11 0.377398 0.315229 0.018469 0.016173
