0 0.027202 0.101099 0.038860 0.065934
4 0.130829 0.101099 0.051813 0.087912
11 0.132124 0.026374 0.064952 0.026374
3 0.286269 0.101099 0.129534 0.175824
11 0.286269 0.096703 0.106921 0.079121
1 0.538860 0.101099 0.038860 0.065934
1 0.441710 0.342857 0.038860 0.065934
3 0.247409 0.782418 0.129534 0.175824
11 0.247409 0.778022 0.063953 0.052747
3 0.888601 0.101099 0.129534 0.175824
11 0.888601 0.096703 0.101925 0.052747
2 0.247409 0.956044 0.036269 0.061538
3 0.655440 0.342857 0.129534 0.175824
11 0.655440 0.338462 0.088934 0.052747
4 0.810881 0.331868 0.051813 0.087912
11 0.822539 0.235165 0.103923 0.026374
3 0.927461 0.782418 0.129534 0.175824
11 0.927461 0.778022 0.059956 0.052747
1 0.512953 0.342857 0.038860 0.065934
13 0.075777 0.101611 0.063472 0.021978
13 0.383420 0.101783 0.069948 0.021978
13 0.493523 0.101615 0.056995 0.021978
13 0.442020 0.227473 0.012953 0.173626
13 0.189119 0.101099 0.069948 0.021978
11 0.172977 0.070330 0.012990 0.026374
13 0.157060 0.463736 0.056347 0.646154
11 0.113342 0.102889 0.015544 0.049168
13 0.691062 0.101099 0.270725 0.021978
13 0.247409 0.897802 0.012953 0.063736
13 0.582254 0.441106 0.617876 0.512981
13 0.752591 0.336701 0.069948 0.021978
13 0.524288 0.535731 0.579663 0.328605
11 0.793394 0.347221 0.015544 0.022041
13 0.882124 0.513736 0.095855 0.370330
11 0.861640 0.302198 0.028979 0.026374
13 0.587435 0.782418 0.555699 0.021978
13 0.561528 0.342857 0.063472 0.021978
13 0.652202 0.552747 0.426166 0.362637
13 0.484132 0.227473 0.046355 0.173626
