8 0.500000 0.500000 0.990943 0.978022
0 0.083774 0.434066 0.022642 0.054945
3 0.166792 0.434066 0.075472 0.146520
4 0.253585 0.434066 0.030189 0.073260
3 0.340377 0.434066 0.075472 0.146520
3 0.755472 0.166667 0.075472 0.146520
1 0.480000 0.434066 0.022642 0.054945
1 0.480000 0.617216 0.022642 0.054945
1 0.480000 0.835165 0.022642 0.054945
3 0.567547 0.434066 0.084528 0.146520
3 0.567547 0.617216 0.084528 0.146520
3 0.755472 0.835165 0.075472 0.146520
4 0.649811 0.617216 0.030189 0.073260
2 0.837736 0.835165 0.021132 0.051282
2 0.837736 0.166667 0.021132 0.051282
3 0.755472 0.434066 0.075472 0.146520
2 0.837736 0.434066 0.021132 0.051282
3 0.755472 0.617216 0.075472 0.146520
2 0.837736 0.617216 0.021132 0.051282
13 0.112075 0.434066 0.036981 0.018315
13 0.221509 0.434641 0.036981 0.018315
13 0.508302 0.434066 0.036981 0.018315
13 0.508302 0.617216 0.036981 0.018315
13 0.604528 0.835165 0.229434 0.018315
13 0.622264 0.617822 0.027925 0.018315
13 0.395094 0.434641 0.036981 0.018315
13 0.455472 0.434494 0.029434 0.018315
13 0.448113 0.543956 0.044151 0.153846
13 0.448113 0.652930 0.044151 0.371795
13 0.285660 0.434646 0.036981 0.018315
13 0.810189 0.835165 0.036981 0.018315
13 0.683962 0.744505 0.070566 0.188645
13 0.810189 0.166667 0.036981 0.018315
13 0.485849 0.282051 0.466792 0.238095
13 0.663774 0.434066 0.110943 0.018315
13 0.810189 0.434066 0.036981 0.018315
13 0.691321 0.617774 0.055849 0.018315
13 0.810189 0.617216 0.036981 0.018315
11 0.015547 0.500000 0.010566 0.198528
11 0.038189 0.500000 0.010566 0.198528
11 0.083455 0.476007 0.062759 0.021978
11 0.166792 0.433333 0.062165 0.025641
11 0.257524 0.517399 0.041085 0.046154
11 0.341200 0.433333 0.055265 0.078388
11 0.755472 0.165934 0.039006 0.052015
11 0.479858 0.372711 0.048019 0.046154
11 0.480283 0.671245 0.047358 0.046154
11 0.481020 0.889194 0.069965 0.046154
11 0.568687 0.433333 0.072771 0.052015
11 0.567547 0.616484 0.051834 0.052015
11 0.755472 0.834432 0.058398 0.104762
11 0.650186 0.544872 0.050562 0.046154
11 0.902429 0.830586 0.065991 0.046154
11 0.913290 0.180403 0.065071 0.046154
11 0.755472 0.433333 0.039006 0.052015
11 0.920967 0.442308 0.062311 0.046154
11 0.755472 0.616484 0.039006 0.052015
11 0.911621 0.629121 0.049658 0.046154
11 0.278349 0.408242 0.008774 0.021978
11 0.639481 0.607875 0.017075 0.021978
11 0.243255 0.351465 0.017075 0.021978
