0 0.025419 0.121212 0.015252 0.056818
11 0.025419 0.167732 0.134274 0.044271
3 0.081342 0.121212 0.050839 0.151515
11 0.081342 0.130208 0.055886 0.144886
3 0.155058 0.121212 0.050839 0.151515
11 0.155058 0.121686 0.042944 0.048295
4 0.213523 0.121212 0.020336 0.075758
11 0.215557 0.026989 0.072358 0.048295
3 0.294865 0.121212 0.050839 0.151515
11 0.294865 0.130208 0.064711 0.144886
3 0.691408 0.907197 0.050839 0.151515
11 0.691408 0.911932 0.037650 0.096591
2 0.978139 0.907197 0.014235 0.053030
11 0.978139 0.951823 0.070103 0.044271
3 0.371124 0.121212 0.050839 0.151515
11 0.371124 0.130208 0.058828 0.144886
1 0.482969 0.121212 0.015252 0.056818
11 0.482969 0.167732 0.081427 0.044271
3 0.932384 0.121212 0.050839 0.151515
11 0.932384 0.125947 0.042944 0.096591
1 0.482969 0.339015 0.015252 0.056818
11 0.482969 0.385535 0.098684 0.044271
3 0.538892 0.339015 0.050839 0.151515
11 0.538892 0.343750 0.052357 0.096591
4 0.622776 0.339015 0.020336 0.075758
11 0.638027 0.265625 0.157659 0.048295
3 0.782918 0.518939 0.050839 0.151515
11 0.782918 0.527936 0.064122 0.144886
1 0.482969 0.518939 0.015252 0.056818
11 0.482969 0.565459 0.195210 0.044271
2 0.871378 0.518939 0.014235 0.053030
11 0.872395 0.598722 0.093291 0.088542
4 0.622776 0.907197 0.020336 0.075758
4 0.721912 0.518939 0.020336 0.075758
4 0.932384 0.907197 0.020336 0.075758
13 0.044484 0.121212 0.024911 0.018939
13 0.118200 0.121212 0.024911 0.018939
13 0.191917 0.121807 0.024911 0.018939
13 0.246568 0.121776 0.047789 0.018939
11 0.230255 0.099724 0.011218 0.048422
13 0.819522 0.907700 0.207422 0.018939
13 0.413193 0.533617 0.400864 0.756629
11 0.206660 0.130699 0.012201 0.090037
13 0.332994 0.121212 0.027453 0.018939
13 0.401627 0.121840 0.012201 0.018939
13 0.698780 0.121212 0.418404 0.018939
13 0.502034 0.339015 0.024911 0.018939
13 0.451195 0.121669 0.050330 0.018939
13 0.446238 0.249053 0.060244 0.187500
13 0.588460 0.339573 0.050330 0.018939
13 0.446238 0.339015 0.060244 0.367424
13 0.836299 0.518939 0.057956 0.018939
13 0.601169 0.519407 0.223183 0.018939
13 0.649466 0.907778 0.035079 0.018939
13 0.623030 0.623106 0.005084 0.500000
11 0.615913 0.355807 0.012201 0.040361
13 0.744789 0.519534 0.027453 0.018939
13 0.677555 0.410511 0.091256 0.148674
11 0.642697 0.317708 0.017474 0.048295
13 0.956787 0.907641 0.030503 0.018939
13 0.932115 0.533144 0.005084 0.679924
