8 0.500000 0.500000 0.991342 0.989437
3 0.267677 0.144366 0.072150 0.070423
1 0.166667 0.144366 0.021645 0.026408
3 0.433622 0.144366 0.072150 0.070423
4 0.350649 0.144366 0.028860 0.035211
2 0.934343 0.683979 0.020202 0.024648
1 0.510823 0.144366 0.021645 0.026408
3 0.862915 0.144366 0.072150 0.070423
4 0.702742 0.144366 0.028860 0.035211
3 0.599567 0.144366 0.072150 0.070423
3 0.862915 0.683979 0.072150 0.070423
3 0.702742 0.449824 0.072150 0.070423
4 0.702742 0.592430 0.028860 0.035211
3 0.599567 0.324824 0.072150 0.070423
3 0.702020 0.232394 0.072150 0.070423
4 0.702020 0.324824 0.028860 0.035211
13 0.319986 0.144642 0.035354 0.008803
13 0.381313 0.144645 0.035354 0.008803
13 0.484848 0.144366 0.033189 0.008803
13 0.542569 0.144366 0.044733 0.008803
13 0.661977 0.143266 0.055556 0.008803
13 0.772006 0.144366 0.112554 0.008803
13 0.862915 0.414173 0.007215 0.472711
13 0.911616 0.683979 0.028139 0.008803
13 0.588925 0.422975 0.478716 0.525528
13 0.764971 0.647007 0.126623 0.077465
13 0.702894 0.529930 0.007215 0.093310
13 0.702020 0.179577 0.007215 0.038732
13 0.204545 0.144366 0.056999 0.008803
13 0.702234 0.287412 0.007215 0.043134
13 0.702381 0.378521 0.007215 0.075704
13 0.661616 0.326850 0.054834 0.008803
13 0.599567 0.234595 0.007215 0.113556
13 0.643939 0.476452 0.091631 0.236356
11 0.014863 0.500000 0.010101 0.095419
11 0.267677 0.144014 0.057979 0.025000
11 0.166813 0.164525 0.060899 0.010563
11 0.434828 0.144014 0.058723 0.037676
11 0.361062 0.113644 0.061229 0.033803
11 0.511206 0.119630 0.025298 0.010563
11 0.864000 0.144014 0.051508 0.025000
11 0.717082 0.113116 0.050325 0.022183
11 0.599567 0.144014 0.062573 0.025000
11 0.862915 0.683627 0.040659 0.025000
11 0.703832 0.449472 0.056548 0.025000
11 0.772699 0.596391 0.051892 0.022183
11 0.599567 0.324472 0.046451 0.037676
11 0.703110 0.232042 0.056548 0.037676
11 0.769813 0.334595 0.051892 0.033803
11 0.374324 0.131954 0.008387 0.010563
11 0.726416 0.131954 0.008387 0.010563
11 0.340774 0.139877 0.016324 0.010563
11 0.693227 0.598504 0.008387 0.010563
11 0.721726 0.462940 0.016324 0.010563
11 0.692145 0.138116 0.016324 0.010563
11 0.691784 0.330898 0.008387 0.010563
11 0.676272 0.316813 0.016324 0.010563
11 0.674107 0.580898 0.016324 0.010563
