8 0.500065 0.500000 0.992306 0.985075
0 0.102999 0.269900 0.019557 0.037313
3 0.174707 0.269900 0.065189 0.099502
4 0.276826 0.269900 0.026076 0.049751
2 0.884744 0.269900 0.018253 0.034826
3 0.276826 0.454440 0.076469 0.099502
3 0.713297 0.449005 0.065189 0.099502
3 0.391786 0.449005 0.065189 0.099502
3 0.713297 0.652985 0.065189 0.099502
3 0.486310 0.449005 0.065189 0.099502
4 0.807821 0.652985 0.026076 0.049751
1 0.627771 0.850746 0.019557 0.037313
3 0.807821 0.850746 0.065189 0.099502
1 0.627771 0.449005 0.019557 0.037313
1 0.627771 0.652985 0.019557 0.037313
4 0.810864 0.449005 0.026076 0.049751
13 0.127445 0.269900 0.031943 0.012438
13 0.235545 0.270270 0.059095 0.012438
13 0.582741 0.270210 0.588361 0.012438
13 0.277012 0.349733 0.006519 0.114888
13 0.337126 0.453660 0.046739 0.012438
13 0.599739 0.449300 0.039113 0.012438
13 0.438922 0.449627 0.029282 0.012438
13 0.537158 0.449238 0.039113 0.012438
13 0.770338 0.653359 0.051499 0.012438
13 0.593383 0.563433 0.051825 0.184080
13 0.593383 0.662313 0.051825 0.381841
13 0.706388 0.850746 0.140286 0.012438
13 0.771859 0.449377 0.054542 0.012438
13 0.808005 0.739428 0.006519 0.128109
13 0.659126 0.449005 0.045761 0.012438
13 0.659126 0.652985 0.045761 0.012438
13 0.862580 0.569030 0.046936 0.568408
13 0.852802 0.470460 0.066493 0.371269
13 0.855069 0.368470 0.064943 0.167289
11 0.013429 0.500000 0.009126 0.101618
11 0.032986 0.500000 0.009126 0.193726
11 0.103676 0.306592 0.037861 0.031343
11 0.174707 0.269403 0.053711 0.017413
11 0.361814 0.288433 0.057397 0.014925
11 0.884573 0.305348 0.032509 0.031343
11 0.276728 0.453483 0.064656 0.035323
11 0.714149 0.448507 0.046539 0.035323
11 0.392767 0.448507 0.053261 0.035323
11 0.714149 0.652488 0.046732 0.035323
11 0.486310 0.448507 0.033692 0.035323
11 0.863121 0.682214 0.044364 0.031343
11 0.808452 0.850249 0.045215 0.071144
11 0.627898 0.477488 0.040672 0.014925
11 0.628015 0.681468 0.040906 0.014925
11 0.595436 0.254851 0.013557 0.014925
11 0.267784 0.341915 0.006234 0.014925
11 0.799477 0.738682 0.013557 0.014925
11 0.855790 0.646642 0.006234 0.014925
