8 0.500000 0.500000 0.991507 0.985258
3 0.145789 0.111794 0.070771 0.098280
4 0.251946 0.111794 0.028309 0.049140
3 0.351026 0.111794 0.099080 0.098280
2 0.842180 0.701474 0.019816 0.034398
0 0.057325 0.111794 0.021231 0.036855
1 0.662420 0.271499 0.021231 0.036855
3 0.772116 0.271499 0.070771 0.098280
3 0.510970 0.400491 0.070771 0.098280
4 0.510970 0.547912 0.028309 0.049140
1 0.577495 0.271499 0.021231 0.036855
3 0.510970 0.701474 0.070771 0.098280
13 0.089172 0.111794 0.045294 0.012285
13 0.209483 0.112161 0.059448 0.012285
13 0.283793 0.112212 0.038217 0.012285
13 0.704883 0.271499 0.066525 0.012285
13 0.824841 0.477887 0.037509 0.417690
13 0.511181 0.323710 0.007077 0.060197
13 0.511175 0.486486 0.007077 0.078624
13 0.511176 0.612408 0.007077 0.084767
13 0.689314 0.701474 0.288747 0.012285
13 0.683652 0.616400 0.319887 0.140663
13 0.455945 0.179361 0.113588 0.140049
13 0.547240 0.469287 0.592711 0.670762
13 0.561925 0.475286 0.033970 0.375634
13 0.619958 0.271499 0.066525 0.012285
13 0.546001 0.271791 0.044586 0.012285
11 0.014579 0.500000 0.009908 0.105294
11 0.146857 0.111302 0.033981 0.034889
11 0.275649 0.062039 0.053067 0.030958
11 0.351026 0.111302 0.083882 0.034889
11 0.841964 0.736486 0.051940 0.030958
11 0.057026 0.139926 0.058851 0.014742
11 0.662437 0.299631 0.046742 0.014742
11 0.772116 0.271007 0.040598 0.052580
11 0.512034 0.400000 0.050734 0.034889
11 0.453761 0.546069 0.049772 0.030958
11 0.577589 0.307740 0.048313 0.030958
11 0.510970 0.700983 0.046496 0.034889
11 0.508540 0.202580 0.057420 0.014742
11 0.275146 0.094472 0.006768 0.014742
11 0.501614 0.281204 0.006768 0.014742
11 0.501344 0.542875 0.014718 0.014742
11 0.534169 0.531818 0.006768 0.014742
11 0.242320 0.106757 0.014718 0.014742
11 0.538852 0.254177 0.014718 0.014742
