0 0.026611 0.130285 0.021008 0.052818
3 0.103641 0.130285 0.070028 0.140849
4 0.198179 0.130285 0.028011 0.070424
3 0.250700 0.350361 0.070028 0.140849
1 0.383754 0.350361 0.021008 0.052818
1 0.383754 0.552832 0.021008 0.052818
3 0.481793 0.552832 0.070028 0.140849
4 0.681373 0.552832 0.028011 0.070424
3 0.681373 0.834529 0.070028 0.140849
3 0.481793 0.834529 0.070028 0.140849
1 0.383754 0.834529 0.021008 0.052818
4 0.576331 0.834529 0.028011 0.070424
4 0.896719 0.552832 0.028011 0.070424
2 0.976404 0.552832 0.019608 0.049297
12 0.052871 0.130285 0.034314 0.017606
12 0.161415 0.130821 0.048319 0.017606
12 0.297969 0.350925 0.027311 0.017606
12 0.355742 0.350778 0.037815 0.017606
12 0.348915 0.469203 0.051471 0.174300
12 0.420518 0.552832 0.055322 0.017606
12 0.592087 0.553317 0.153361 0.017606
12 0.348915 0.610051 0.051471 0.455998
12 0.420518 0.834529 0.055322 0.017606
12 0.206933 0.257929 0.020308 0.191906
12 0.539566 0.835065 0.048319 0.017606
12 0.618347 0.835059 0.058824 0.017606
12 0.681723 0.676074 0.007003 0.183103
12 0.938662 0.553250 0.058676 0.017606
12 0.645664 0.433990 0.505613 0.174300
12 0.789046 0.553712 0.190137 0.017606
12 0.806728 0.711286 0.183484 0.253528
12 0.736875 0.788740 0.323190 0.408435
12 0.554627 0.323952 0.687686 0.394377
