0 0.028496 0.128261 0.019881 0.065217
3 0.101392 0.128261 0.066269 0.173913
4 0.177601 0.128261 0.026508 0.086957
3 0.177601 0.400000 0.066269 0.173913
3 0.666004 0.400000 0.066269 0.173913
2 0.986746 0.128261 0.018555 0.060870
3 0.666004 0.628261 0.066269 0.173913
4 0.762094 0.628261 0.026508 0.086957
2 0.762094 0.900000 0.018555 0.060870
3 0.273691 0.400000 0.066269 0.173913
3 0.534791 0.628262 0.066269 0.173913
3 0.534791 0.900000 0.066269 0.173913
3 0.534791 0.400000 0.066269 0.173913
1 0.432737 0.400000 0.019881 0.065217
1 0.432737 0.628261 0.019881 0.065217
1 0.432737 0.897826 0.019881 0.065217
12 0.053347 0.128261 0.032472 0.021739
12 0.149437 0.128943 0.032472 0.021739
12 0.177794 0.242391 0.006627 0.150000
12 0.225646 0.400000 0.032472 0.021739
12 0.584162 0.129348 0.789264 0.021739
12 0.843936 0.279348 0.292247 0.250000
12 0.336647 0.400448 0.062293 0.021739
12 0.762252 0.770652 0.006627 0.206522
12 0.600398 0.400000 0.067594 0.021739
12 0.600398 0.628262 0.067594 0.021739
12 0.723989 0.628695 0.052353 0.021739
12 0.881047 0.392391 0.218025 0.476087
12 0.660371 0.900000 0.187541 0.021739
12 0.407886 0.398913 0.032472 0.021739
12 0.440358 0.535870 0.125249 0.193480
12 0.400928 0.670652 0.046388 0.463043
12 0.472167 0.400000 0.061630 0.021739
12 0.472167 0.898913 0.061630 0.021739
