8 0.500000 0.500000 0.991672 0.976562
0 0.087439 0.255859 0.020819 0.058594
3 0.163775 0.255859 0.069396 0.156250
4 0.243581 0.255859 0.027759 0.078125
2 0.617627 0.158203 0.019431 0.054688
1 0.597502 0.392578 0.020819 0.058594
1 0.597502 0.587891 0.020819 0.058594
3 0.462179 0.587891 0.069396 0.156250
1 0.597502 0.773438 0.020819 0.058594
3 0.361554 0.587891 0.069396 0.156250
3 0.694656 0.773438 0.069396 0.156250
3 0.694656 0.392578 0.069396 0.156250
2 0.770298 0.773438 0.019431 0.054688
4 0.774462 0.392578 0.027759 0.078125
3 0.854268 0.294922 0.069396 0.156250
3 0.694656 0.587891 0.069396 0.156250
2 0.854268 0.500000 0.019431 0.054688
12 0.113463 0.255859 0.034004 0.019531
12 0.214087 0.256472 0.034004 0.019531
12 0.411867 0.587891 0.034004 0.019531
12 0.510756 0.588509 0.030534 0.019531
12 0.569743 0.588353 0.037474 0.019531
12 0.562977 0.470703 0.051006 0.164062
12 0.562977 0.700195 0.051006 0.154297
12 0.633935 0.392578 0.054823 0.019531
12 0.633935 0.773438 0.054823 0.019531
12 0.425746 0.187500 0.367106 0.066406
12 0.285392 0.441406 0.085704 0.300781
12 0.744969 0.773438 0.034004 0.019531
12 0.744969 0.393191 0.034004 0.019531
12 0.633935 0.587891 0.054823 0.019531
12 0.797189 0.324219 0.047536 0.066406
12 0.809681 0.465820 0.072519 0.076172
