8 0.500000 0.500000 0.991348 0.993251
11 0.012257 0.500000 0.008652 0.039049
9 0.510815 0.748313 0.969719 0.496625
9 0.510815 0.251687 0.969719 0.496625
11 0.033886 0.251687 0.008652 0.007376
0 0.070296 0.223566 0.021629 0.016873
11 0.070296 0.236220 0.060671 0.006187
3 0.195782 0.223566 0.072098 0.044994
11 0.195782 0.222441 0.060068 0.006749
1 0.417087 0.165214 0.021629 0.016873
11 0.417087 0.177868 0.079025 0.006187
1 0.498774 0.165832 0.021629 0.016873
1 0.500360 0.042745 0.021629 0.016873
11 0.440519 0.044713 0.072397 0.006187
4 0.288032 0.223566 0.028839 0.022497
2 0.688176 0.285152 0.020187 0.015748
3 0.688176 0.165214 0.072098 0.044994
11 0.688176 0.164089 0.056731 0.013498
1 0.572098 0.165425 0.021629 0.016873
11 0.572098 0.178079 0.042826 0.006187
1 0.572098 0.079865 0.021629 0.016873
11 0.572098 0.092520 0.045375 0.006187
3 0.688176 0.079865 0.072098 0.044994
11 0.688176 0.078740 0.047276 0.013498
4 0.771089 0.079865 0.028839 0.022497
1 0.879236 0.079865 0.021629 0.016873
11 0.879236 0.092520 0.081574 0.006187
13 0.120422 0.223566 0.081507 0.005624
13 0.457931 0.165523 0.062942 0.005624
13 0.535436 0.165737 0.054578 0.005624
13 0.694516 0.056904 0.369566 0.031299
13 0.252722 0.223739 0.044665 0.005624
13 0.483237 0.259983 0.392574 0.052587
11 0.278298 0.224024 0.008652 0.012582
13 0.347332 0.188765 0.120764 0.049353
11 0.278298 0.204998 0.008652 0.005640
13 0.617520 0.165475 0.072098 0.005624
13 0.688176 0.232494 0.007210 0.091817
13 0.535436 0.122849 0.061816 0.071344
13 0.617520 0.079865 0.072098 0.005624
13 0.740447 0.080042 0.035328 0.005624
13 0.826965 0.080001 0.085797 0.005624
13 0.734859 0.188133 0.076063 0.196288
11 0.761355 0.071212 0.008652 0.030805
13 0.492330 0.101182 0.012850 0.114678
