8 0.500000 0.500000 0.990017 0.981013
11 0.014143 0.521056 0.019967 0.238630
11 0.039101 0.524031 0.019967 0.272350
3 0.208819 0.143987 0.083195 0.126582
11 0.208819 0.147943 0.100119 0.080696
4 0.304493 0.143987 0.033278 0.063291
11 0.316972 0.077927 0.137663 0.040348
3 0.799501 0.143987 0.083195 0.126582
11 0.799501 0.147943 0.061612 0.080696
3 0.400166 0.414557 0.083195 0.126582
11 0.400166 0.418513 0.103007 0.080696
1 0.516639 0.414557 0.024958 0.047468
11 0.516639 0.453422 0.110307 0.036986
0 0.092346 0.143987 0.024958 0.047468
11 0.092346 0.206784 0.138546 0.110957
3 0.608153 0.414557 0.083195 0.126582
11 0.608153 0.414953 0.072201 0.040348
3 0.799501 0.414557 0.083195 0.126582
11 0.799501 0.418513 0.061612 0.080696
1 0.516639 0.572785 0.024958 0.047468
11 0.516639 0.623616 0.078539 0.073972
3 0.608153 0.572785 0.083195 0.126582
11 0.608153 0.576741 0.085679 0.080696
4 0.703827 0.572785 0.033278 0.063291
11 0.704659 0.522547 0.100119 0.040348
3 0.799501 0.572785 0.083195 0.126582
11 0.799501 0.576741 0.061612 0.080696
3 0.799501 0.808544 0.083195 0.126582
11 0.799501 0.816060 0.104932 0.121044
1 0.516639 0.808544 0.024958 0.047468
11 0.516639 0.847409 0.184434 0.036986
2 0.915141 0.143987 0.023295 0.044304
11 0.923461 0.087915 0.133251 0.036986
13 0.269135 0.144484 0.040765 0.015823
13 0.539517 0.144403 0.440100 0.015823
11 0.337070 0.126141 0.028604 0.040411
13 0.331739 0.295095 0.056988 0.245253
11 0.293261 0.158016 0.019967 0.033719
13 0.472962 0.414557 0.065724 0.015823
13 0.136023 0.143987 0.065724 0.015823
13 0.547837 0.414557 0.040765 0.015823
13 0.703827 0.414557 0.111481 0.015823
13 0.547837 0.572785 0.040765 0.015823
13 0.668469 0.573281 0.040765 0.015823
13 0.739185 0.573286 0.040765 0.015823
11 0.731175 0.554773 0.018370 0.040495
13 0.704243 0.690665 0.008319 0.178797
11 0.692596 0.580710 0.019967 0.075220
13 0.472962 0.611551 0.065724 0.400316
13 0.608153 0.808930 0.161398 0.015823
13 0.472962 0.493671 0.065724 0.164557
13 0.739185 0.809045 0.040765 0.015823
13 0.872296 0.143987 0.065724 0.015823
13 0.872296 0.279272 0.065724 0.276899
13 0.872296 0.358386 0.065724 0.435127
13 0.872296 0.476266 0.065724 0.670886
