0 0.015613 0.258101 0.022305 0.033520
3 0.119703 0.258101 0.074349 0.089385
4 0.242379 0.258101 0.029740 0.044693
3 0.353903 0.258101 0.074349 0.089385
3 0.353903 0.051397 0.074349 0.089385
2 0.472119 0.051397 0.020818 0.031285
1 0.506320 0.442458 0.022305 0.033520
4 0.506320 0.615642 0.029740 0.044693
3 0.677323 0.615642 0.074349 0.089385
4 0.506320 0.732961 0.029740 0.044693
3 0.677323 0.732961 0.074349 0.089385
3 0.777695 0.615642 0.074349 0.089385
2 0.873606 0.615642 0.020818 0.031285
4 0.777695 0.732961 0.029740 0.044693
3 0.900372 0.732961 0.074349 0.089385
2 0.985130 0.732961 0.020818 0.031285
3 0.900372 0.839106 0.074349 0.089385
2 0.900372 0.977654 0.020818 0.031285
3 0.506320 0.258101 0.074349 0.089385
1 0.606691 0.305028 0.022305 0.033520
1 0.606691 0.408939 0.022305 0.033520
1 0.606691 0.507821 0.022305 0.033520
12 0.054647 0.258101 0.058736 0.011173
12 0.192193 0.258430 0.073606 0.011173
12 0.286989 0.258437 0.062454 0.011173
12 0.426394 0.051397 0.073606 0.011173
12 0.298327 0.165922 0.114126 0.144134
12 0.506499 0.526257 0.007435 0.138547
12 0.580669 0.615959 0.121933 0.011173
12 0.506691 0.674302 0.007435 0.077095
12 0.727509 0.615642 0.028996 0.011173
12 0.839033 0.615642 0.051301 0.011173
12 0.738662 0.733301 0.051301 0.011173
12 0.956134 0.732961 0.040149 0.011173
12 0.827881 0.733292 0.073606 0.011173
12 0.580669 0.733277 0.121933 0.011173
12 0.900372 0.922905 0.007435 0.082682
12 0.820632 0.797207 0.088104 0.088268
12 0.684944 0.797207 0.359480 0.088268
12 0.430112 0.258101 0.081041 0.011173
12 0.506320 0.364246 0.007435 0.127374
12 0.556506 0.373743 0.081041 0.141899
12 0.556506 0.425698 0.081041 0.037989
12 0.556506 0.475140 0.081041 0.069832
