8 0.500073 0.499898 0.991369 0.971693
4 0.217575 0.440281 0.029261 0.093677
3 0.272545 0.194379 0.073153 0.187354
2 0.460452 0.711944 0.020483 0.065574
3 0.349460 0.711944 0.073153 0.187354
3 0.128749 0.440281 0.073153 0.187354
3 0.440856 0.440281 0.073153 0.187354
3 0.712153 0.440281 0.073153 0.187354
4 0.796279 0.440281 0.029261 0.093677
3 0.796279 0.194379 0.073153 0.187354
1 0.653210 0.094338 0.021946 0.070258
1 0.514585 0.440281 0.021946 0.070258
1 0.614805 0.440281 0.021946 0.070258
0 0.048281 0.440281 0.021946 0.070258
3 0.395158 0.194379 0.073153 0.187354
3 0.796279 0.711944 0.073153 0.187354
2 0.876016 0.783882 0.020483 0.065574
2 0.876016 0.194379 0.020483 0.065574
12 0.265412 0.599532 0.097870 0.234192
12 0.418124 0.711944 0.067100 0.023419
12 0.184135 0.441008 0.040545 0.023419
12 0.376870 0.529274 0.057745 0.187354
12 0.549333 0.340749 0.050475 0.208431
12 0.490522 0.440281 0.029106 0.023419
12 0.588470 0.340749 0.033650 0.208431
12 0.650677 0.440281 0.052725 0.023419
12 0.765189 0.441016 0.035845 0.023419
12 0.796496 0.340749 0.007315 0.114754
12 0.614805 0.144944 0.057791 0.110580
12 0.711943 0.144359 0.098446 0.109409
12 0.226954 0.293911 0.020954 0.208431
12 0.075713 0.440281 0.035845 0.023419
12 0.333851 0.194379 0.052387 0.023419
12 0.494923 0.195036 0.129303 0.023419
12 0.849315 0.747913 0.035845 0.081306
12 0.796494 0.552693 0.007315 0.140515
12 0.849315 0.194379 0.035845 0.023419
