8 0.500000 0.353372 0.987315 0.689150
11 0.017970 0.353372 0.012685 0.104064
8 0.500000 0.804252 0.987315 0.109971
11 0.500000 0.799853 0.207943 0.029326
8 0.500000 0.947214 0.987315 0.087977
11 0.500000 0.942815 0.153579 0.029326
0 0.085624 0.192082 0.031712 0.043988
11 0.085624 0.233138 0.045598 0.032258
3 0.201903 0.192082 0.105708 0.117302
11 0.201903 0.189150 0.094594 0.035191
4 0.323467 0.192082 0.042283 0.058651
3 0.323467 0.353372 0.105708 0.117302
11 0.323467 0.350440 0.076654 0.052786
2 0.972516 0.199413 0.029598 0.041056
11 0.915433 0.156891 0.076993 0.032258
3 0.698732 0.503666 0.105708 0.095308
11 0.698732 0.500733 0.059529 0.052786
1 0.529598 0.500000 0.031712 0.043988
11 0.530655 0.450147 0.042608 0.032258
1 0.434461 0.353372 0.031712 0.043988
1 0.529598 0.353372 0.031712 0.043988
11 0.530655 0.311584 0.074751 0.016129
1 0.529598 0.199413 0.031712 0.043988
11 0.530655 0.157625 0.066528 0.016129
3 0.645877 0.199413 0.105708 0.117302
11 0.645877 0.196481 0.072576 0.035191
4 0.746300 0.199413 0.042283 0.058651
11 0.748414 0.140762 0.063606 0.017595
4 0.746300 0.353372 0.042283 0.058651
3 0.852008 0.353372 0.105708 0.117302
11 0.852008 0.350440 0.071761 0.052786
2 0.946089 0.353372 0.029598 0.041056
13 0.125264 0.192082 0.051797 0.014663
13 0.278541 0.192542 0.051797 0.014663
13 0.323467 0.580645 0.010571 0.343109
13 0.595666 0.501432 0.104651 0.014663
13 0.323781 0.258065 0.010571 0.079179
11 0.309039 0.201810 0.012737 0.015916
13 0.648256 0.115836 0.652748 0.131965
11 0.309197 0.134059 0.012685 0.033934
13 0.397463 0.353372 0.046512 0.014663
13 0.474101 0.437683 0.083510 0.130499
13 0.482030 0.353372 0.067653 0.014663
13 0.474101 0.265396 0.083510 0.137830
13 0.569239 0.199413 0.051797 0.014663
13 0.711945 0.199893 0.030655 0.014663
13 0.529598 0.635630 0.010571 0.233138
13 0.489958 0.481488 0.051797 0.541422
13 0.635307 0.353729 0.183932 0.014663
13 0.783298 0.353851 0.035941 0.014663
13 0.862051 0.361804 0.225159 0.289589
13 0.918076 0.353372 0.030655 0.014663
13 0.862579 0.199771 0.194503 0.014663
11 0.781527 0.179505 0.011446 0.017632
13 0.746829 0.276393 0.010571 0.101173
11 0.732030 0.200042 0.012685 0.033934
13 0.852008 0.657625 0.010571 0.497067
