8 0.499904 0.500772 0.991543 0.981410
11 0.011708 0.500772 0.008264 0.254343
0 0.055785 0.293935 0.020661 0.046656
11 0.055785 0.328927 0.061364 0.017107
3 0.131543 0.293935 0.068871 0.124417
11 0.131543 0.290824 0.057379 0.055988
4 0.210744 0.293935 0.027548 0.062208
11 0.210744 0.357698 0.059504 0.018663
3 0.289945 0.293935 0.068871 0.124417
11 0.289945 0.290824 0.056848 0.055988
3 0.633202 0.293935 0.068871 0.124417
11 0.633202 0.290824 0.038784 0.037325
3 0.633202 0.447977 0.068871 0.124417
11 0.633202 0.444867 0.057910 0.037325
4 0.712404 0.447977 0.027548 0.062208
11 0.728244 0.376438 0.084475 0.037325
3 0.893387 0.604724 0.068871 0.124417
11 0.893387 0.601614 0.058973 0.055988
2 0.969556 0.604724 0.019284 0.043546
1 0.406760 0.604724 0.020661 0.046656
1 0.406760 0.293935 0.020661 0.046656
1 0.406760 0.447977 0.020661 0.046656
3 0.894487 0.078741 0.068871 0.124417
11 0.894487 0.075631 0.037721 0.037325
2 0.969556 0.078741 0.019284 0.043546
4 0.633202 0.078741 0.027548 0.062208
4 0.789538 0.078741 0.027548 0.062208
4 0.712404 0.604724 0.027548 0.062208
13 0.081612 0.293935 0.033747 0.015552
13 0.181474 0.294423 0.033747 0.015552
13 0.240014 0.294427 0.033747 0.015552
11 0.233649 0.272716 0.007474 0.018736
13 0.944418 0.078741 0.033747 0.015552
13 0.507929 0.447977 0.184432 0.015552
11 0.494668 0.426204 0.143447 0.018663
13 0.683134 0.448465 0.033747 0.015552
13 0.337841 0.294428 0.029676 0.015552
13 0.943868 0.604724 0.034847 0.015552
13 0.387640 0.294294 0.020334 0.015552
13 0.507929 0.293935 0.184432 0.015552
11 0.486433 0.272162 0.126978 0.018663
13 0.380925 0.464882 0.033764 0.285906
13 0.380925 0.386579 0.033764 0.129302
13 0.633400 0.170786 0.006887 0.128102
13 0.711370 0.079519 0.131542 0.015552
13 0.758030 0.279300 0.066460 0.345130
13 0.831682 0.079208 0.059494 0.015552
13 0.557860 0.605108 0.284294 0.015552
13 0.712748 0.526351 0.006887 0.100759
11 0.703106 0.448644 0.008264 0.035992
13 0.792565 0.605158 0.135529 0.015552
13 0.415258 0.171175 0.411095 0.189533
11 0.197954 0.153966 0.015939 0.018663
