8 0.304333 0.167000 0.518667 0.194000
3 0.130667 0.111667 0.033333 0.026667
4 0.169000 0.111667 0.013333 0.013333
3 0.488667 0.088333 0.033333 0.026667
5 0.197333 0.111667 0.013333 0.013333
3 0.251000 0.111667 0.033333 0.026667
3 0.251000 0.146667 0.033333 0.026667
1 0.355333 0.111667 0.010000 0.010000
3 0.392000 0.111667 0.033333 0.026667
3 0.392000 0.146667 0.033333 0.026667
4 0.430333 0.146667 0.013333 0.013333
3 0.488667 0.225000 0.033333 0.026667
1 0.355333 0.146667 0.010000 0.010000
1 0.355333 0.225000 0.010000 0.010000
5 0.294833 0.111667 0.013333 0.013333
4 0.450333 0.088333 0.013333 0.013333
4 0.430333 0.225000 0.013333 0.013333
2 0.544000 0.088333 0.009333 0.009333
2 0.544000 0.225000 0.009333 0.009333
0 0.084000 0.111667 0.010000 0.010000
