8 0.500000 0.500000 0.991608 0.981132
3 0.144056 0.528302 0.069930 0.125786
4 0.224476 0.526730 0.027972 0.062893
3 0.304895 0.526730 0.069930 0.125786
1 0.502098 0.527516 0.020979 0.047170
1 0.502098 0.645440 0.020979 0.047170
2 0.968531 0.528302 0.019580 0.044025
1 0.502098 0.363208 0.020979 0.047170
3 0.579021 0.363208 0.069930 0.125786
4 0.659441 0.363208 0.027972 0.062893
3 0.749650 0.526730 0.069930 0.125786
3 0.395105 0.528302 0.069930 0.125786
4 0.830070 0.526730 0.027972 0.062893
4 0.659441 0.526730 0.027972 0.062893
3 0.896503 0.528302 0.069930 0.125786
0 0.056643 0.528302 0.020979 0.047170
3 0.596154 0.645440 0.069930 0.125786
13 0.088112 0.528302 0.044755 0.015723
13 0.194755 0.527808 0.034266 0.015723
13 0.254196 0.527227 0.034266 0.015723
13 0.477797 0.430031 0.030420 0.139937
13 0.528322 0.363208 0.034266 0.015723
13 0.629720 0.363701 0.034266 0.015723
13 0.484615 0.528237 0.016783 0.015723
13 0.477797 0.602594 0.030420 0.091981
13 0.350000 0.527516 0.023077 0.015723
13 0.439860 0.528302 0.022378 0.015723
13 0.800350 0.527223 0.034266 0.015723
13 0.579021 0.527516 0.135664 0.015723
13 0.694056 0.527216 0.044056 0.015723
13 0.659790 0.444969 0.006993 0.106918
13 0.751923 0.429638 0.159790 0.137579
13 0.536888 0.645440 0.051399 0.015723
13 0.852797 0.527782 0.020280 0.015723
13 0.945105 0.528302 0.030070 0.015723
13 0.727098 0.601808 0.194755 0.093553
13 0.531294 0.644654 0.615734 0.179245
11 0.014406 0.500000 0.009790 0.128461
11 0.145106 0.527673 0.044307 0.044654
11 0.216461 0.468396 0.032922 0.018868
11 0.305657 0.526101 0.051207 0.067296
11 0.502302 0.574686 0.063345 0.039623
11 0.501890 0.682233 0.059725 0.018868
11 0.968318 0.573113 0.051322 0.039623
11 0.503425 0.409591 0.046012 0.039623
11 0.580073 0.362579 0.050131 0.044654
11 0.660255 0.301101 0.049181 0.039623
11 0.750706 0.526101 0.045269 0.067296
11 0.395105 0.516352 0.055030 0.022013
11 0.896503 0.527673 0.045476 0.044654
11 0.056908 0.564308 0.062068 0.018868
11 0.596503 0.645597 0.059473 0.022013
11 0.247399 0.504560 0.006687 0.018868
11 0.649929 0.356761 0.014543 0.018868
11 0.682365 0.342610 0.006687 0.018868
