8 0.500000 0.500000 0.987755 0.969309
3 0.256122 0.156010 0.102041 0.204604
4 0.398980 0.156010 0.040816 0.102302
3 0.577551 0.156010 0.102041 0.204604
3 0.577551 0.501279 0.102041 0.204604
3 0.720408 0.552430 0.102041 0.204604
2 0.938776 0.156010 0.028571 0.071611
3 0.398980 0.501279 0.102041 0.204604
2 0.398980 0.754476 0.028571 0.071611
0 0.092857 0.156010 0.030612 0.076726
4 0.730612 0.156010 0.040816 0.102302
13 0.342857 0.156784 0.075510 0.025575
13 0.669388 0.156775 0.085714 0.025575
13 0.837755 0.156632 0.177551 0.025575
13 0.577551 0.328645 0.010204 0.150895
13 0.472959 0.156761 0.111224 0.025575
13 0.398980 0.661125 0.010204 0.125320
13 0.725765 0.328645 0.014796 0.253197
13 0.156633 0.156010 0.101020 0.025575
13 0.399274 0.303069 0.010204 0.202046
11 0.021020 0.500000 0.014286 0.140710
11 0.051633 0.500000 0.014286 0.208954
11 0.256122 0.154987 0.083369 0.072634
11 0.452663 0.199233 0.076754 0.030691
11 0.577551 0.154987 0.069551 0.072634
11 0.577551 0.500256 0.080299 0.035806
11 0.721947 0.551407 0.083849 0.072634
11 0.938959 0.212020 0.018734 0.030691
11 0.398980 0.500256 0.052738 0.072634
11 0.399163 0.810486 0.018734 0.030691
11 0.092427 0.214578 0.084853 0.030691
11 0.791853 0.216113 0.065338 0.064450
11 0.764062 0.119949 0.009758 0.030691
11 0.466103 0.140409 0.009758 0.030691
11 0.716733 0.145524 0.021221 0.030691
11 0.385100 0.145524 0.021221 0.030691
