8 0.500000 0.500000 0.992203 0.985366
11 0.011046 0.517287 0.015595 0.195915
0 0.065627 0.219512 0.019493 0.036585
11 0.065627 0.249466 0.085464 0.028506
4 0.130604 0.219512 0.025991 0.048780
11 0.130604 0.175000 0.106767 0.062195
2 0.207927 0.219512 0.018194 0.034146
11 0.217024 0.191616 0.108208 0.057012
2 0.130604 0.332927 0.018194 0.034146
11 0.130604 0.370884 0.044110 0.057012
3 0.308642 0.219512 0.064977 0.097561
11 0.308642 0.225305 0.070677 0.093293
3 0.698506 0.682927 0.064977 0.097561
11 0.698506 0.685976 0.064662 0.062195
2 0.698506 0.803659 0.018194 0.034146
11 0.698506 0.841616 0.044110 0.057012
3 0.717674 0.219512 0.077323 0.097561
11 0.717674 0.225305 0.089474 0.093293
3 0.610461 0.820732 0.077323 0.097561
11 0.610461 0.826524 0.089474 0.093293
2 0.610786 0.332927 0.018194 0.034146
11 0.610786 0.370884 0.044110 0.057012
4 0.610786 0.218293 0.025991 0.048780
11 0.610786 0.173780 0.078195 0.062195
1 0.532814 0.218293 0.019493 0.036585
11 0.532814 0.180640 0.061341 0.057012
1 0.532814 0.684146 0.019493 0.036585
11 0.532814 0.650686 0.048935 0.028506
4 0.610786 0.682927 0.025991 0.048780
11 0.610786 0.642988 0.064662 0.031098
1 0.532814 0.489024 0.019493 0.036585
11 0.532814 0.455564 0.059273 0.028506
13 0.096491 0.219800 0.044834 0.012195
13 0.171215 0.219803 0.057830 0.012195
11 0.152218 0.205634 0.014848 0.031215
13 0.130757 0.279878 0.006498 0.076829
11 0.121695 0.225391 0.015676 0.060141
13 0.246589 0.219512 0.061728 0.012195
13 0.698506 0.759146 0.006498 0.059756
13 0.651397 0.219133 0.057830 0.012195
11 0.636512 0.204734 0.022859 0.031280
13 0.610786 0.279268 0.006498 0.078049
11 0.601689 0.228231 0.015595 0.027988
13 0.392300 0.219168 0.104938 0.012195
13 0.496264 0.218586 0.056205 0.012195
13 0.570175 0.218584 0.057830 0.012195
13 0.489929 0.463415 0.068876 0.446341
13 0.644899 0.683301 0.044834 0.012195
11 0.632410 0.669068 0.014844 0.031201
13 0.610845 0.739634 0.006498 0.069512
11 0.601790 0.688849 0.015728 0.060248
13 0.570175 0.683855 0.057830 0.012195
13 0.620533 0.561585 0.158545 0.150000
13 0.489929 0.365854 0.068876 0.251220
