0 0.027425 0.583102 0.020067 0.041551
3 0.141137 0.583102 0.066890 0.110803
4 0.258194 0.583102 0.026756 0.055402
3 0.335117 0.319945 0.066890 0.110803
1 0.465552 0.319945 0.020067 0.041551
3 0.560201 0.319945 0.066890 0.110803
4 0.671572 0.319945 0.026756 0.055402
3 0.671572 0.638504 0.066890 0.110803
3 0.913712 0.936288 0.066890 0.110803
2 0.986622 0.936288 0.018729 0.038781
1 0.465552 0.063712 0.020067 0.041551
3 0.560201 0.063712 0.066890 0.110803
4 0.727759 0.063712 0.026756 0.055402
3 0.782943 0.319945 0.066890 0.110803
2 0.871237 0.319945 0.018729 0.038781
12 0.072575 0.583102 0.072910 0.013850
12 0.209699 0.583507 0.072910 0.013850
12 0.280100 0.437673 0.045819 0.240997
12 0.625920 0.320352 0.067224 0.013850
12 0.671754 0.465374 0.006689 0.240997
12 0.962207 0.936288 0.032776 0.013850
12 0.366221 0.219875 0.067559 0.094875
12 0.433946 0.261427 0.045819 0.123961
12 0.501171 0.319945 0.053846 0.013850
12 0.433946 0.105263 0.045819 0.088643
12 0.501171 0.063712 0.053846 0.013850
12 0.654013 0.064099 0.123411 0.013850
12 0.717224 0.320356 0.067224 0.013850
12 0.569398 0.773546 0.624415 0.331025
12 0.827425 0.472645 0.175251 0.822022
12 0.839130 0.319945 0.048161 0.013850
12 0.755518 0.177978 0.057525 0.178670
12 0.801154 0.759612 0.194950 0.247756
