0 0.034985 0.298097 0.021866 0.063425
3 0.115160 0.298097 0.072886 0.169133
4 0.198980 0.298097 0.029155 0.084567
3 0.286408 0.298097 0.072886 0.169133
1 0.403061 0.298097 0.021866 0.063425
3 0.913265 0.097252 0.072886 0.169133
2 0.985423 0.097252 0.020408 0.059197
3 0.483236 0.298097 0.072886 0.169133
4 0.567055 0.298097 0.029155 0.084567
3 0.650875 0.298097 0.072886 0.169133
3 0.814869 0.572939 0.072886 0.169133
4 0.567055 0.572939 0.029155 0.084567
3 0.650875 0.826638 0.072886 0.169133
4 0.734694 0.826638 0.029155 0.084567
1 0.350779 0.298097 0.021866 0.063425
1 0.350779 0.714802 0.021866 0.063425
13 0.062318 0.298097 0.035714 0.021142
13 0.168003 0.298761 0.035714 0.021142
13 0.231761 0.298761 0.039323 0.021142
13 0.331349 0.298097 0.019910 0.021142
13 0.538083 0.176533 0.680394 0.167019
13 0.962464 0.097252 0.028426 0.021142
13 0.430394 0.298097 0.035714 0.021142
13 0.536079 0.298761 0.035714 0.021142
13 0.598032 0.298767 0.035714 0.021142
13 0.800292 0.239958 0.228863 0.124736
13 0.680029 0.573515 0.199708 0.021142
13 0.703717 0.827302 0.035714 0.021142
13 0.882289 0.377378 0.064869 0.399577
13 0.831268 0.504757 0.166910 0.654334
13 0.756742 0.678647 0.046283 0.219873
13 0.567420 0.435518 0.007289 0.198732
13 0.590743 0.720930 0.050292 0.219873
13 0.376920 0.298097 0.033332 0.021142
13 0.350779 0.506450 0.007289 0.361736
13 0.488072 0.770720 0.255635 0.120293
11 0.035344 0.346512 0.061942 0.025370
11 0.116256 0.297252 0.049346 0.120930
11 0.208426 0.386681 0.059710 0.025370
11 0.286443 0.297252 0.059649 0.120930
11 0.403095 0.360465 0.064208 0.053277
11 0.913265 0.096406 0.037670 0.060042
11 0.483236 0.297252 0.063212 0.060042
11 0.569151 0.208245 0.050838 0.053277
11 0.650875 0.297252 0.041811 0.060042
11 0.815970 0.572093 0.053013 0.060042
11 0.493349 0.582452 0.050838 0.053277
11 0.650875 0.825793 0.060278 0.090486
11 0.740653 0.956660 0.052734 0.053277
11 0.351397 0.776956 0.048276 0.053277
11 0.222873 0.268288 0.006970 0.025370
11 0.189066 0.204863 0.015158 0.025370
11 0.590948 0.268288 0.006970 0.025370
11 0.595771 0.543129 0.015158 0.025370
11 0.758587 0.798943 0.006970 0.025370
11 0.724780 0.733404 0.015158 0.025370
11 0.557142 0.289429 0.015158 0.025370
11 0.556692 0.587526 0.006970 0.025370
