3 0.121925 0.166667 0.053476 0.175439
4 0.194118 0.166667 0.021390 0.087719
3 0.314439 0.166667 0.053476 0.175439
3 0.314439 0.484649 0.053476 0.175439
1 0.544385 0.166667 0.016043 0.065789
3 0.627273 0.166667 0.053476 0.175439
3 0.715508 0.166667 0.053476 0.175439
1 0.544385 0.418860 0.016043 0.065789
3 0.627273 0.418860 0.053476 0.175439
3 0.900000 0.418860 0.053476 0.175439
4 0.715508 0.418860 0.021390 0.087719
3 0.902868 0.682018 0.053476 0.175439
1 0.544385 0.890351 0.016043 0.065789
0 0.022995 0.166667 0.016043 0.065789
2 0.408021 0.484649 0.014973 0.061404
2 0.800535 0.166667 0.014973 0.061404
2 0.977005 0.418860 0.014973 0.061404
2 0.977005 0.682018 0.014973 0.061404
3 0.408021 0.166667 0.053476 0.175439
12 0.063102 0.166667 0.066310 0.021930
12 0.166043 0.167334 0.036898 0.021930
12 0.246257 0.167289 0.085027 0.021930
12 0.241043 0.347588 0.095455 0.282895
12 0.518984 0.167190 0.036898 0.021930
12 0.576471 0.166667 0.050267 0.021930
12 0.671390 0.166667 0.036898 0.021930
12 0.513770 0.314693 0.047326 0.217105
12 0.576471 0.418860 0.050267 0.021930
12 0.679412 0.419506 0.052941 0.021930
12 0.799733 0.418860 0.149198 0.021930
12 0.795953 0.572368 0.162494 0.228070
12 0.513770 0.550439 0.047326 0.688596
12 0.370856 0.484649 0.061497 0.021930
12 0.727637 0.830044 0.352601 0.129386
12 0.767647 0.166667 0.052941 0.021930
12 0.948128 0.418860 0.044920 0.021930
12 0.949563 0.682018 0.042051 0.021930
12 0.361230 0.166667 0.042246 0.021930
12 0.457487 0.166667 0.047594 0.021930
