0 0.025748 0.137441 0.024917 0.071090
11 0.025748 0.190758 0.074591 0.026066
3 0.129568 0.137441 0.083056 0.189573
11 0.129568 0.132701 0.029473 0.056872
4 0.225083 0.137441 0.033223 0.094787
11 0.225914 0.042654 0.039084 0.056872
3 0.224668 0.504739 0.127076 0.189573
11 0.224668 0.500000 0.100593 0.056872
3 0.376246 0.504739 0.102990 0.189573
11 0.376246 0.500000 0.064072 0.085308
2 0.319767 0.137441 0.023256 0.066351
11 0.319767 0.201422 0.037589 0.052133
1 0.540698 0.883886 0.024917 0.071090
11 0.540698 0.937204 0.070479 0.026066
1 0.540698 0.350711 0.024917 0.071090
11 0.540698 0.417062 0.052272 0.052133
1 0.540698 0.670616 0.024917 0.071090
11 0.540698 0.723934 0.092210 0.026066
3 0.654485 0.350711 0.083056 0.189573
11 0.654485 0.345972 0.057024 0.056872
4 0.750000 0.350711 0.033223 0.094787
11 0.750000 0.236967 0.066635 0.056872
2 0.963455 0.350711 0.023256 0.066351
11 0.963455 0.414692 0.050510 0.052133
4 0.750000 0.670616 0.033223 0.094787
2 0.743355 0.883886 0.023256 0.066351
11 0.743355 0.947867 0.050510 0.052133
2 0.963455 0.670616 0.023256 0.066351
11 0.963455 0.721564 0.061082 0.026066
3 0.865449 0.350711 0.083056 0.189573
11 0.865449 0.345972 0.041006 0.056872
3 0.654485 0.883886 0.083056 0.189573
11 0.654485 0.879147 0.041006 0.056872
3 0.865449 0.670616 0.083056 0.189573
11 0.865449 0.665877 0.067276 0.056872
13 0.063123 0.137441 0.053156 0.023697
13 0.189784 0.138184 0.040698 0.023697
13 0.306478 0.504739 0.039867 0.023697
13 0.442691 0.504739 0.033223 0.023697
13 0.501453 0.718009 0.056894 0.341232
13 0.501453 0.404028 0.056894 0.116114
13 0.583056 0.350711 0.063123 0.023697
13 0.714701 0.351455 0.040698 0.023697
13 0.501453 0.611374 0.056894 0.127962
13 0.643272 0.671196 0.183555 0.023697
13 0.274917 0.138004 0.069767 0.023697
11 0.257511 0.105046 0.018625 0.028669
13 0.225138 0.297393 0.008306 0.234597
11 0.213697 0.154112 0.010020 0.023948
13 0.750415 0.510664 0.008306 0.234597
11 0.738787 0.352640 0.009967 0.053013
13 0.795266 0.351896 0.060631 0.023697
11 0.777421 0.318720 0.008329 0.028436
13 0.929402 0.350711 0.048173 0.023697
13 0.583056 0.883886 0.063123 0.023697
13 0.713870 0.883886 0.039037 0.023697
13 0.795266 0.671339 0.060631 0.023697
13 0.929402 0.670616 0.048173 0.023697
