8 0.203500 0.104833 0.397000 0.189667
3 0.071667 0.055000 0.033333 0.026667
4 0.101667 0.055000 0.013333 0.013333
0 0.035000 0.055000 0.010000 0.010000
3 0.129667 0.080000 0.033333 0.026667
3 0.171667 0.080000 0.033333 0.026667
1 0.235000 0.128333 0.010000 0.010000
3 0.276667 0.128333 0.033333 0.026667
1 0.235000 0.080000 0.010000 0.010000
3 0.281667 0.080000 0.033333 0.026667
4 0.316667 0.080000 0.013333 0.013333
3 0.356667 0.035000 0.033333 0.026667
2 0.389667 0.035000 0.009333 0.009333
1 0.235000 0.035000 0.010000 0.010000
3 0.356667 0.113333 0.033333 0.026667
3 0.316667 0.148333 0.033333 0.026667
2 0.356667 0.148333 0.009333 0.009333
2 0.389667 0.113333 0.009333 0.009333
3 0.121667 0.028333 0.033333 0.026667
2 0.158000 0.028333 0.009333 0.009333
