0 0.037694 0.288364 0.022173 0.101180
11 0.037694 0.371206 0.138763 0.078836
3 0.163341 0.288364 0.073910 0.269815
11 0.163341 0.296796 0.064998 0.172007
4 0.263119 0.288364 0.029564 0.134907
11 0.294826 0.351602 0.071840 0.086003
3 0.375462 0.372681 0.073910 0.269815
11 0.375462 0.388702 0.080393 0.258010
5 0.296378 0.541315 0.029564 0.134907
3 0.375462 0.726813 0.073910 0.269815
11 0.375462 0.742833 0.085524 0.258010
1 0.583149 0.254637 0.022173 0.101180
11 0.583149 0.337479 0.096429 0.078836
1 0.581670 0.541315 0.022173 0.101180
11 0.581670 0.624157 0.089373 0.078836
3 0.688840 0.541315 0.073910 0.269815
11 0.688840 0.549747 0.076117 0.172007
4 0.806356 0.543002 0.029564 0.134907
11 0.868282 0.606239 0.162496 0.086003
3 0.806356 0.844857 0.073910 0.269815
11 0.806356 0.853288 0.072696 0.172007
1 0.581670 0.844857 0.022173 0.101180
11 0.581670 0.927698 0.087805 0.078836
5 0.440503 0.543002 0.029564 0.134907
2 0.968219 0.254637 0.020695 0.094435
11 0.968219 0.334106 0.131707 0.078836
13 0.087583 0.288364 0.080562 0.033727
13 0.224316 0.289391 0.050998 0.033727
13 0.272542 0.449026 0.021064 0.199906
11 0.253141 0.317454 0.017738 0.077403
13 0.317627 0.423272 0.044715 0.114671
13 0.317627 0.667791 0.044715 0.131535
13 0.426644 0.424115 0.031412 0.116358
13 0.542868 0.542124 0.058389 0.033727
13 0.622321 0.541315 0.062084 0.033727
13 0.758684 0.543314 0.068736 0.033727
13 0.536401 0.364250 0.074279 0.232715
13 0.535661 0.726813 0.072801 0.249578
13 0.470436 0.543855 0.033259 0.033727
13 0.426644 0.668634 0.031412 0.129848
13 0.681079 0.844857 0.179601 0.033727
13 0.905765 0.573356 0.127864 0.556492
13 0.806584 0.660202 0.007391 0.112985
11 0.796217 0.559269 0.017834 0.166344
13 0.776053 0.254637 0.366593 0.033727
13 0.616962 0.120573 0.709904 0.214165
11 0.253141 0.169537 0.017738 0.165864
13 0.882299 0.365093 0.154102 0.234401
11 0.796378 0.437184 0.017738 0.077403
