8 0.500000 0.500000 0.990596 0.979695
0 0.098746 0.111675 0.023511 0.050761
3 0.231975 0.111675 0.078370 0.135364
4 0.322100 0.111675 0.031348 0.067682
2 0.909091 0.111675 0.021944 0.047377
3 0.322100 0.335025 0.078370 0.135364
3 0.435737 0.335025 0.078370 0.135364
1 0.591693 0.335025 0.023511 0.050761
3 0.677900 0.335025 0.078370 0.135364
2 0.909091 0.335025 0.021944 0.047377
1 0.591693 0.517766 0.023511 0.050761
3 0.677900 0.517766 0.078370 0.135364
4 0.784483 0.517766 0.031348 0.067682
2 0.909091 0.517766 0.021944 0.047377
3 0.784483 0.890017 0.078370 0.135364
1 0.591693 0.712352 0.023511 0.050761
4 0.784483 0.712352 0.031348 0.067682
2 0.909091 0.890017 0.021944 0.047377
13 0.151646 0.111675 0.085423 0.016920
13 0.288793 0.112206 0.038401 0.016920
13 0.617947 0.112095 0.563480 0.016920
13 0.322327 0.206430 0.007837 0.128596
13 0.378918 0.335025 0.038401 0.016920
13 0.492555 0.335556 0.038401 0.016920
13 0.560737 0.335426 0.041536 0.016920
13 0.621082 0.335025 0.038401 0.016920
13 0.807602 0.335025 0.184169 0.016920
13 0.553096 0.443316 0.056818 0.155668
13 0.621082 0.517766 0.038401 0.016920
13 0.742947 0.518281 0.054859 0.016920
13 0.849138 0.518175 0.101097 0.016920
13 0.553096 0.540609 0.056818 0.350254
13 0.686129 0.712766 0.168495 0.016920
13 0.784875 0.615059 0.007837 0.133672
13 0.784717 0.784264 0.007837 0.082910
13 0.860893 0.890017 0.077586 0.016920
11 0.016144 0.500000 0.010972 0.138242
11 0.098673 0.195093 0.059414 0.109645
11 0.231975 0.110998 0.064553 0.023689
11 0.321880 0.053976 0.068525 0.020305
11 0.322100 0.334349 0.064136 0.096785
11 0.436916 0.334349 0.064031 0.072420
11 0.591662 0.373773 0.070472 0.020305
11 0.677900 0.334349 0.044957 0.048054
11 0.592071 0.556514 0.061885 0.020305
11 0.679078 0.517090 0.056181 0.048054
11 0.784544 0.462098 0.065953 0.064975
11 0.784483 0.889340 0.050455 0.048054
11 0.592752 0.773435 0.072651 0.064975
11 0.352977 0.087817 0.016298 0.020305
11 0.311741 0.125042 0.007494 0.020305
11 0.810173 0.493909 0.007494 0.020305
11 0.773823 0.510829 0.016298 0.020305
