8 0.499521 0.499977 0.990585 0.981800
11 0.011980 0.522735 0.016913 0.257921
11 0.033122 0.522954 0.016913 0.260401
0 0.067653 0.297174 0.021142 0.045386
11 0.067653 0.334333 0.056811 0.035363
3 0.155743 0.297174 0.070472 0.121029
11 0.155743 0.297552 0.059529 0.038578
4 0.250881 0.297174 0.028189 0.060514
3 0.356589 0.297174 0.070472 0.121029
11 0.356589 0.300956 0.087255 0.077156
3 0.356589 0.572146 0.070472 0.121029
11 0.356589 0.572524 0.081546 0.038578
3 0.892530 0.153991 0.070472 0.121029
11 0.892530 0.157773 0.048928 0.077156
1 0.512579 0.572146 0.021142 0.045386
11 0.512579 0.609305 0.089701 0.035363
3 0.611240 0.572146 0.070472 0.121029
11 0.611240 0.575928 0.059529 0.077156
1 0.512579 0.720426 0.021142 0.045386
11 0.512579 0.757585 0.066528 0.035363
3 0.611240 0.720426 0.070472 0.121029
11 0.611240 0.724208 0.072576 0.077156
1 0.512579 0.875568 0.021142 0.045386
11 0.512579 0.924168 0.089701 0.070726
4 0.798344 0.153991 0.028189 0.060514
4 0.798344 0.720867 0.028189 0.060514
3 0.798344 0.572146 0.070472 0.121029
11 0.798344 0.575928 0.069314 0.077156
2 0.969486 0.153991 0.019732 0.042360
11 0.969486 0.201079 0.076993 0.070726
4 0.687667 0.720867 0.028189 0.060514
13 0.099366 0.297174 0.045102 0.015129
13 0.213883 0.297634 0.048626 0.015129
13 0.293164 0.297629 0.059197 0.015129
11 0.286016 0.274273 0.046566 0.077628
13 0.356589 0.434660 0.007047 0.159995
13 0.415204 0.572605 0.049577 0.015129
13 0.484390 0.572504 0.038055 0.015129
13 0.477519 0.661414 0.051797 0.124074
13 0.477519 0.738985 0.051797 0.279216
13 0.549577 0.572146 0.055673 0.015129
13 0.549577 0.720426 0.055673 0.015129
13 0.517741 0.210832 0.535835 0.118220
11 0.237139 0.221990 0.025370 0.223201
13 0.834866 0.154456 0.047674 0.015129
13 0.660024 0.721187 0.029915 0.015129
13 0.660923 0.813346 0.278365 0.130495
13 0.798555 0.661635 0.007047 0.064001
13 0.943693 0.153991 0.034672 0.015129
13 0.743005 0.721624 0.085307 0.015129
11 0.733494 0.692501 0.078284 0.115734
13 0.798533 0.347940 0.007047 0.333434
13 0.743358 0.437429 0.113496 0.512413
11 0.673925 0.643496 0.025370 0.238081
13 0.701350 0.347940 0.197836 0.333434
