8 0.500040 0.500063 0.991384 0.989016
11 0.012319 0.500063 0.008696 0.040714
9 0.510909 0.356699 0.969645 0.702287
11 0.034058 0.356699 0.008696 0.075000
9 0.510909 0.735466 0.969645 0.055247
11 0.034058 0.735466 0.008696 0.014286
9 0.510909 0.878831 0.969645 0.231481
11 0.034058 0.878831 0.008696 0.106429
3 0.138406 0.121296 0.072464 0.074074
11 0.138406 0.119444 0.040807 0.011111
4 0.221739 0.121296 0.028986 0.037037
11 0.222464 0.089815 0.068758 0.011111
5 0.312319 0.121296 0.028986 0.037037
3 0.410145 0.116667 0.072464 0.074074
11 0.410145 0.114815 0.055901 0.033333
3 0.218116 0.232407 0.072464 0.074074
11 0.218116 0.230556 0.035776 0.022222
2 0.218116 0.310185 0.020290 0.025926
11 0.218116 0.330093 0.077376 0.010185
0 0.058696 0.121296 0.021739 0.027778
11 0.060870 0.072685 0.162950 0.010185
1 0.410145 0.325000 0.021739 0.027778
11 0.410145 0.345833 0.109146 0.010185
1 0.526087 0.325000 0.021739 0.027778
11 0.526087 0.345833 0.064053 0.010185
3 0.312319 0.232407 0.072464 0.074074
11 0.312319 0.230556 0.059814 0.022222
3 0.605797 0.325000 0.072464 0.074074
11 0.605797 0.323148 0.057019 0.022222
3 0.710870 0.325000 0.072464 0.074074
11 0.710870 0.323148 0.035776 0.022222
2 0.789855 0.325000 0.020290 0.025926
11 0.789855 0.344907 0.077376 0.010185
3 0.605797 0.435398 0.072464 0.074074
11 0.605797 0.433546 0.049752 0.022222
3 0.772464 0.435398 0.072464 0.074074
11 0.772464 0.433546 0.035776 0.022222
2 0.921598 0.435398 0.020290 0.025926
11 0.921598 0.455306 0.077376 0.010185
4 0.671320 0.435398 0.028986 0.037037
11 0.672045 0.403917 0.066522 0.011111
3 0.671320 0.638745 0.072464 0.074074
11 0.671320 0.636893 0.049193 0.033333
1 0.526087 0.435398 0.021739 0.027778
11 0.526087 0.456231 0.058416 0.010185
13 0.085870 0.121296 0.035507 0.009259
13 0.190942 0.121587 0.035507 0.009259
13 0.267029 0.121529 0.064493 0.009259
11 0.271003 0.108545 0.058171 0.011409
13 0.221247 0.167593 0.007246 0.059259
13 0.218116 0.283333 0.007246 0.031481
13 0.350362 0.120756 0.050000 0.009259
13 0.312319 0.167593 0.007246 0.059259
13 0.373913 0.278704 0.053623 0.096296
13 0.553261 0.325000 0.035507 0.009259
13 0.658333 0.325000 0.035507 0.009259
13 0.553261 0.435398 0.035507 0.009259
13 0.649428 0.435705 0.017697 0.009259
13 0.436268 0.325215 0.033406 0.009259
13 0.497862 0.325219 0.037609 0.009259
13 0.490797 0.389458 0.051739 0.095583
13 0.763406 0.325000 0.035507 0.009259
13 0.860074 0.435398 0.105656 0.009259
13 0.671518 0.527812 0.007246 0.151495
11 0.661474 0.436168 0.008733 0.020740
13 0.711022 0.435680 0.053318 0.009259
11 0.695159 0.422790 0.007298 0.011144
