0 0.041848 0.383292 0.026155 0.073710
11 0.042720 0.309889 0.112822 0.114865
1 0.107236 0.383292 0.026155 0.073710
3 0.203139 0.383292 0.087184 0.196560
11 0.203139 0.383907 0.108955 0.062654
4 0.320837 0.383292 0.034874 0.098280
11 0.321709 0.485258 0.081716 0.125307
3 0.421099 0.383292 0.087184 0.196560
11 0.421099 0.389435 0.115008 0.125307
3 0.887533 0.113022 0.087184 0.196560
11 0.887533 0.119165 0.064566 0.125307
1 0.591107 0.383292 0.026155 0.073710
11 0.591107 0.443643 0.110048 0.057432
1 0.591107 0.886978 0.026155 0.073710
11 0.591107 0.947328 0.092477 0.057432
3 0.687010 0.383292 0.087184 0.196560
11 0.687010 0.389435 0.102902 0.125307
2 0.982563 0.113022 0.024412 0.068796
1 0.591107 0.641278 0.026155 0.073710
11 0.591107 0.701628 0.139641 0.057432
3 0.687010 0.641278 0.087184 0.196560
11 0.687010 0.647420 0.089787 0.125307
4 0.787271 0.641278 0.034874 0.098280
11 0.802964 0.549140 0.113999 0.125307
3 0.887533 0.886978 0.087184 0.196560
11 0.887533 0.893120 0.104920 0.125307
4 0.787271 0.886978 0.034874 0.098280
2 0.982563 0.886978 0.024412 0.068796
13 0.074542 0.383292 0.042720 0.024570
13 0.139930 0.383292 0.042720 0.024570
13 0.275065 0.384040 0.060157 0.024570
13 0.357890 0.384521 0.042720 0.024570
11 0.349956 0.355651 0.019878 0.062654
13 0.484307 0.384064 0.042720 0.024570
13 0.558413 0.383872 0.042720 0.024570
13 0.549913 0.659705 0.059721 0.464373
13 0.623801 0.383292 0.042720 0.024570
13 0.950741 0.113022 0.042720 0.024570
13 0.549913 0.536855 0.059721 0.218673
13 0.623801 0.641278 0.042720 0.024570
13 0.750218 0.642049 0.042720 0.024570
13 0.687010 0.887577 0.169137 0.024570
13 0.824324 0.886978 0.042720 0.024570
13 0.787490 0.764128 0.008718 0.157248
11 0.775331 0.653112 0.021025 0.121145
13 0.950741 0.886978 0.042720 0.024570
13 0.582607 0.223587 0.526155 0.230958
11 0.309067 0.296727 0.020924 0.120832
13 0.846120 0.426972 0.086312 0.441168
11 0.816343 0.613771 0.019878 0.062654
13 0.809067 0.297297 0.160418 0.181818
