8 0.500000 0.500000 0.991870 0.986379
11 0.011518 0.529881 0.016260 0.338649
9 0.510163 0.095884 0.971545 0.178148
11 0.031843 0.121004 0.016260 0.284689
9 0.510163 0.589074 0.971545 0.808231
11 0.031843 0.606313 0.016260 0.195375
1 0.510163 0.095914 0.020325 0.034052
11 0.510163 0.123794 0.114264 0.026532
0 0.093496 0.410133 0.020325 0.034052
11 0.093496 0.438013 0.128637 0.026532
3 0.218835 0.410133 0.067751 0.090806
11 0.218835 0.415524 0.085453 0.086833
4 0.320461 0.410133 0.027100 0.045403
11 0.264905 0.330961 0.131707 0.028944
3 0.449187 0.360953 0.067751 0.090806
11 0.449187 0.366345 0.078397 0.086833
3 0.449187 0.854711 0.067751 0.090806
11 0.449187 0.857548 0.075261 0.057889
1 0.449187 0.463110 0.020325 0.034052
3 0.449187 0.735528 0.067751 0.090806
11 0.449187 0.738365 0.082317 0.057889
3 0.737127 0.360953 0.067751 0.090806
11 0.737127 0.363791 0.076045 0.057889
4 0.737127 0.559591 0.027100 0.045403
11 0.814276 0.580874 0.210105 0.028944
3 0.594851 0.559591 0.067751 0.090806
11 0.594851 0.564983 0.066638 0.086833
2 0.449187 0.944381 0.018970 0.031782
11 0.449187 0.971127 0.060366 0.026532
3 0.320461 0.258797 0.081978 0.090806
11 0.320461 0.261635 0.108188 0.057889
1 0.449187 0.639047 0.020325 0.034052
11 0.398507 0.639685 0.111389 0.026532
2 0.594851 0.688990 0.018970 0.031782
11 0.594851 0.715735 0.148040 0.026532
12 0.615176 0.054484 0.067751 0.056754
11 0.614063 0.061294 0.090157 0.115778
12 0.533875 0.410133 0.067751 0.056754
11 0.525184 0.411835 0.067422 0.057889
13 0.144309 0.410133 0.084011 0.011351
13 0.279810 0.410472 0.056911 0.011351
13 0.320655 0.345815 0.006775 0.087772
11 0.338330 0.374830 0.016285 0.024297
13 0.368056 0.643772 0.097222 0.426417
11 0.311315 0.415818 0.016260 0.053961
13 0.449187 0.426220 0.006775 0.044268
13 0.449345 0.602157 0.006775 0.044268
13 0.449187 0.914302 0.006775 0.032917
13 0.676152 0.559915 0.097561 0.011351
11 0.710654 0.546726 0.023306 0.029072
13 0.449345 0.508513 0.006775 0.061294
13 0.449187 0.795119 0.006775 0.032917
13 0.737316 0.471623 0.006775 0.135074
13 0.610264 0.718502 0.257114 0.276958
11 0.727981 0.569655 0.016260 0.024189
13 0.491870 0.448293 0.067751 0.027119
13 0.378049 0.154654 0.117886 0.122020
13 0.522019 0.072617 0.121274 0.042642
13 0.628726 0.205732 0.219512 0.224177
13 0.481369 0.095914 0.039973 0.011351
13 0.449371 0.216799 0.006775 0.202043
13 0.449187 0.673099 0.006775 0.038593
13 0.511856 0.559915 0.100949 0.011351
13 0.594851 0.639047 0.006775 0.072645
