3 0.110581 0.865263 0.079554 0.168421
11 0.110581 0.861053 0.060757 0.025263
4 0.202068 0.865263 0.031822 0.084211
11 0.215593 0.943158 0.087760 0.025263
3 0.319809 0.368421 0.079554 0.168421
11 0.319809 0.364211 0.057688 0.075789
5 0.249801 0.486316 0.031822 0.084211
5 0.392999 0.486316 0.031822 0.084211
3 0.321400 0.597895 0.079554 0.168421
11 0.321400 0.593684 0.061371 0.050526
0 0.023071 0.865263 0.023866 0.063158
11 0.023071 0.924211 0.036004 0.046316
3 0.319809 0.865263 0.079554 0.168421
11 0.319809 0.861053 0.036822 0.050526
2 0.389021 0.869474 0.022275 0.058947
11 0.389021 0.914737 0.056256 0.023158
3 0.531424 0.096842 0.079554 0.168421
11 0.531424 0.092632 0.052779 0.050526
3 0.646778 0.096842 0.079554 0.168421
11 0.646778 0.092632 0.060143 0.025263
3 0.601432 0.486316 0.079554 0.168421
11 0.601432 0.482105 0.059529 0.050526
2 0.967383 0.096842 0.022275 0.058947
11 0.967383 0.142105 0.056256 0.023158
1 0.513922 0.486316 0.023866 0.063158
11 0.513922 0.545263 0.050068 0.046316
4 0.685760 0.486316 0.031822 0.084211
11 0.735720 0.482105 0.060143 0.050526
3 0.762132 0.334737 0.079554 0.168421
11 0.762132 0.330526 0.059529 0.050526
2 0.967383 0.334737 0.022275 0.058947
11 0.967383 0.380000 0.056256 0.023158
3 0.762132 0.707368 0.079554 0.168421
11 0.762132 0.703158 0.052165 0.050526
1 0.513922 0.823158 0.023866 0.063158
11 0.513922 0.870526 0.063007 0.023158
2 0.967383 0.707368 0.022275 0.058947
11 0.967383 0.752632 0.057944 0.023158
4 0.685760 0.707368 0.031822 0.084211
3 0.762132 0.096842 0.079554 0.168421
11 0.762132 0.092632 0.036822 0.050526
3 0.877486 0.334737 0.079554 0.168421
11 0.877486 0.330526 0.036822 0.050526
13 0.168258 0.865924 0.038982 0.021053
13 0.265115 0.406316 0.033015 0.084211
13 0.376492 0.406316 0.036993 0.084211
13 0.265911 0.563158 0.034606 0.077895
13 0.377287 0.563158 0.035402 0.077895
13 0.052904 0.865263 0.038982 0.021053
13 0.218178 0.655263 0.034606 0.344211
11 0.191329 0.793323 0.009547 0.025985
13 0.249006 0.865263 0.065235 0.021053
11 0.234398 0.835789 0.020866 0.025263
13 0.368735 0.868240 0.021480 0.021053
13 0.589101 0.096842 0.038982 0.021053
13 0.421639 0.487368 0.028640 0.021053
13 0.471161 0.270526 0.044153 0.355789
13 0.484089 0.487368 0.038982 0.021053
13 0.543755 0.486316 0.038982 0.021053
13 0.655529 0.486988 0.031822 0.021053
13 0.704256 0.389474 0.039379 0.117895
11 0.675020 0.414376 0.009547 0.025985
13 0.686158 0.596842 0.007955 0.145263
11 0.675020 0.483970 0.009547 0.055218
13 0.476333 0.674737 0.054495 0.305263
13 0.879077 0.707368 0.157518 0.021053
13 0.606006 0.786316 0.163484 0.082105
13 0.704455 0.096842 0.038982 0.021053
13 0.879077 0.096842 0.157518 0.021053
13 0.712013 0.708421 0.023866 0.021053
13 0.819809 0.334737 0.038982 0.021053
13 0.936754 0.334737 0.042164 0.021053
