8 0.234299 0.115401 0.448598 0.148687
0 0.060000 0.126667 0.010000 0.010000
3 0.112884 0.126667 0.033333 0.026667
1 0.178556 0.126667 0.010000 0.010000
1 0.281320 0.155720 0.010000 0.010000
4 0.148557 0.126667 0.013333 0.013333
1 0.281320 0.093717 0.010000 0.010000
3 0.348251 0.093717 0.033333 0.026667
3 0.348251 0.058549 0.033333 0.026667
1 0.281320 0.126667 0.010000 0.010000
3 0.348251 0.126667 0.033333 0.026667
4 0.393515 0.126667 0.013333 0.013333
2 0.393515 0.058549 0.009333 0.009333
2 0.431883 0.126667 0.009333 0.009333
3 0.217627 0.126667 0.033333 0.026667
