8 0.499970 0.643931 0.995021 0.700426
8 0.490578 0.127696 0.973777 0.243564
0 0.049610 0.521558 0.012300 0.029268
3 0.125461 0.521558 0.041000 0.078049
4 0.186962 0.521558 0.016400 0.039024
3 0.275113 0.521558 0.041000 0.078049
3 0.357012 0.521558 0.041000 0.078049
2 0.961476 0.722987 0.011480 0.027317
1 0.484469 0.367447 0.012300 0.029268
3 0.546377 0.367447 0.041000 0.078049
4 0.640735 0.722987 0.016400 0.039024
3 0.584964 0.624103 0.041000 0.078049
1 0.521855 0.624103 0.012300 0.029268
4 0.641673 0.624103 0.016400 0.039024
3 0.818736 0.722987 0.041000 0.078049
3 0.816686 0.624103 0.041000 0.078049
1 0.521855 0.521415 0.012300 0.029268
2 0.963878 0.624103 0.011480 0.027317
3 0.782987 0.359656 0.041000 0.078049
4 0.718636 0.624103 0.016400 0.039024
2 0.965090 0.353408 0.011480 0.027317
3 0.366133 0.193823 0.041000 0.078049
3 0.275113 0.086744 0.041000 0.078049
4 0.329723 0.086744 0.016400 0.039024
3 0.456255 0.086744 0.041000 0.078049
12 0.080361 0.521558 0.050841 0.009756
12 0.162362 0.521850 0.034440 0.009756
12 0.224887 0.521837 0.061091 0.009756
12 0.316062 0.521558 0.042538 0.009756
12 0.508248 0.367447 0.036897 0.009756
12 0.308568 0.087042 0.027550 0.009756
12 0.337780 0.150040 0.017345 0.091470
12 0.275113 0.304151 0.004100 0.360668
12 0.399922 0.521842 0.046461 0.009756
12 0.454529 0.434747 0.049221 0.138502
12 0.546235 0.624103 0.038098 0.009756
12 0.619469 0.624399 0.029649 0.009756
12 0.897486 0.722987 0.118140 0.009756
12 0.477219 0.521724 0.078612 0.009756
12 0.723586 0.723248 0.150940 0.009756
12 0.386839 0.087012 0.099472 0.009756
12 0.409749 0.632029 0.447213 0.185819
12 0.897662 0.624103 0.122591 0.009756
12 0.680155 0.625275 0.062203 0.009756
12 0.623423 0.563003 0.192476 0.087078
12 0.761511 0.624378 0.070990 0.009756
12 0.881419 0.356532 0.157503 0.010150
12 0.664682 0.363551 0.197250 0.011694
12 0.473222 0.582587 0.086608 0.086935
12 0.641414 0.673545 0.004100 0.063762
