8 0.160667 0.154167 0.311333 0.308333
9 0.165667 0.112500 0.301333 0.225000
9 0.165667 0.266667 0.301333 0.083333
0 0.030000 0.020000 0.010000 0.010000
3 0.066667 0.020000 0.033333 0.026667
3 0.263333 0.154333 0.033333 0.026667
2 0.039667 0.073333 0.009333 0.009333
2 0.274667 0.009667 0.009333 0.009333
4 0.105000 0.020000 0.013333 0.013333
5 0.165667 0.020000 0.013333 0.013333
3 0.236667 0.043333 0.033333 0.026667
3 0.205000 0.154333 0.033333 0.026667
4 0.205000 0.181667 0.013333 0.013333
3 0.086667 0.073333 0.033333 0.026667
3 0.116667 0.133333 0.033333 0.026667
4 0.116667 0.166667 0.013333 0.013333
1 0.263333 0.121667 0.010000 0.010000
1 0.205000 0.121667 0.010000 0.010000
1 0.205000 0.095000 0.010000 0.010000
3 0.116667 0.266667 0.033333 0.026667
