8 0.500000 0.500000 0.990755 0.981735
3 0.147149 0.168950 0.077042 0.121766
4 0.235747 0.168950 0.030817 0.060883
0 0.062404 0.168950 0.023112 0.045662
3 0.235747 0.343988 0.077042 0.121766
3 0.355162 0.343988 0.077042 0.121766
1 0.478428 0.891933 0.023112 0.045662
3 0.655624 0.891933 0.077042 0.121766
1 0.478428 0.343988 0.023112 0.045662
3 0.559322 0.343988 0.077042 0.121766
4 0.655624 0.343988 0.030817 0.060883
3 0.793529 0.168950 0.077042 0.121766
2 0.893683 0.168950 0.021572 0.042618
3 0.736518 0.500761 0.077042 0.121766
1 0.478428 0.663623 0.023112 0.045662
3 0.559322 0.663623 0.077042 0.121766
4 0.655624 0.663623 0.030817 0.060883
12 0.091294 0.168950 0.037750 0.015221
12 0.203005 0.169427 0.037750 0.015221
12 0.295455 0.343988 0.045455 0.015221
12 0.402928 0.344487 0.021572 0.015221
12 0.447419 0.633181 0.041988 0.523592
12 0.235974 0.241248 0.007704 0.089802
12 0.553544 0.891933 0.130200 0.015221
12 0.857473 0.168950 0.053929 0.015221
12 0.503082 0.169346 0.506934 0.015221
12 0.454931 0.344342 0.026965 0.015221
12 0.505393 0.343988 0.033898 0.015221
12 0.619029 0.344458 0.045455 0.015221
12 0.677003 0.437595 0.045069 0.132420
12 0.447419 0.519026 0.041988 0.295282
12 0.505393 0.663623 0.033898 0.015221
12 0.619029 0.663623 0.045455 0.015221
12 0.655843 0.762557 0.007704 0.143075
12 0.717643 0.287291 0.096302 0.121005
12 0.781972 0.365297 0.016949 0.277017
12 0.753467 0.560883 0.121726 0.668189
12 0.703775 0.613014 0.068567 0.108828
