0 0.030000 0.065000 0.010000 0.010000
3 0.081667 0.065000 0.033333 0.026667
4 0.121667 0.065000 0.013333 0.013333
3 0.121667 0.108333 0.033333 0.026667
2 0.341667 0.065000 0.009333 0.009333
1 0.190000 0.108333 0.010000 0.010000
3 0.236667 0.108333 0.033333 0.026667
1 0.190000 0.200000 0.010000 0.010000
1 0.190000 0.155000 0.010000 0.010000
3 0.236667 0.155000 0.033333 0.026667
4 0.276667 0.155000 0.013333 0.013333
3 0.341667 0.155000 0.033333 0.026667
4 0.276667 0.065000 0.013333 0.013333
4 0.301667 0.155000 0.013333 0.013333
4 0.276667 0.108333 0.013333 0.013333
