8 0.275867 0.099152 0.451734 0.138304
4 0.147142 0.090667 0.013333 0.013333
3 0.172190 0.055667 0.033333 0.026667
2 0.257813 0.129333 0.009333 0.009333
3 0.207237 0.129333 0.033333 0.026667
3 0.106667 0.090667 0.033333 0.026667
3 0.248883 0.090667 0.033333 0.026667
3 0.372504 0.090667 0.033333 0.026667
4 0.410838 0.090667 0.013333 0.013333
3 0.410838 0.055667 0.033333 0.026667
1 0.345646 0.041427 0.010000 0.010000
1 0.282479 0.090667 0.010000 0.010000
1 0.328146 0.090667 0.010000 0.010000
0 0.070000 0.090667 0.010000 0.010000
3 0.228060 0.055667 0.033333 0.026667
3 0.410838 0.129333 0.033333 0.026667
2 0.447171 0.139573 0.009333 0.009333
2 0.447171 0.055667 0.009333 0.009333
