0 0.023333 0.190000 0.010000 0.010000
3 0.060000 0.190000 0.033333 0.026667
4 0.098333 0.190000 0.013333 0.013333
3 0.173333 0.190000 0.033333 0.026667
1 0.240000 0.190000 0.010000 0.010000
3 0.276000 0.190333 0.033333 0.026667
3 0.276000 0.153333 0.033333 0.026667
4 0.346667 0.153333 0.013333 0.013333
3 0.426667 0.153333 0.033333 0.026667
1 0.230000 0.111667 0.010000 0.010000
1 0.230000 0.153333 0.010000 0.010000
3 0.281667 0.113333 0.033333 0.026667
4 0.361667 0.113333 0.013333 0.013333
2 0.474667 0.234667 0.009333 0.009333
1 0.125166 0.190153 0.010000 0.010000
