8 0.258167 0.085167 0.446333 0.160333
8 0.163000 0.228167 0.255333 0.116333
0 0.071667 0.040000 0.010000 0.010000
3 0.116667 0.040000 0.033333 0.026667
4 0.155000 0.040000 0.013333 0.013333
3 0.426667 0.040000 0.033333 0.026667
3 0.155000 0.078333 0.051333 0.026667
2 0.464667 0.040000 0.009333 0.009333
3 0.270000 0.113333 0.033333 0.026667
3 0.392333 0.146667 0.044667 0.026667
3 0.268333 0.078333 0.044667 0.026667
4 0.343333 0.113333 0.013333 0.013333
4 0.343333 0.040000 0.013333 0.013333
4 0.313333 0.078333 0.013333 0.013333
4 0.343333 0.146667 0.013333 0.013333
1 0.225333 0.078333 0.010000 0.010000
4 0.392333 0.040000 0.013333 0.013333
1 0.202333 0.113333 0.010000 0.010000
0 0.065333 0.223333 0.010000 0.010000
4 0.097000 0.223333 0.013333 0.013333
3 0.140333 0.188333 0.033333 0.026667
3 0.202333 0.223333 0.033333 0.026667
4 0.240667 0.223333 0.013333 0.013333
2 0.267000 0.223333 0.009333 0.009333
10 0.211167 0.272167 0.052333 0.021000
