8 0.500105 0.500187 0.993221 0.977207
11 0.009901 0.500187 0.006989 0.156371
3 0.146185 0.243243 0.058241 0.154440
11 0.146185 0.239382 0.048523 0.023166
4 0.231217 0.243243 0.023296 0.077220
11 0.239953 0.158301 0.025609 0.046332
3 0.293506 0.243243 0.065288 0.154440
11 0.293506 0.239382 0.041335 0.069498
1 0.375306 0.243243 0.017472 0.057915
11 0.375306 0.165058 0.037890 0.063707
1 0.470443 0.380212 0.017472 0.057915
11 0.470443 0.423649 0.025535 0.021236
2 0.927891 0.728668 0.016308 0.054054
11 0.957249 0.724807 0.035419 0.042471
1 0.470443 0.243243 0.017472 0.057915
11 0.470443 0.297297 0.036654 0.042471
3 0.543681 0.243243 0.058241 0.154440
11 0.543681 0.239382 0.032798 0.046332
1 0.470443 0.520367 0.017472 0.057915
11 0.470443 0.574421 0.036654 0.042471
3 0.543681 0.520367 0.058241 0.154440
11 0.543681 0.516506 0.039987 0.046332
4 0.649563 0.520367 0.023296 0.077220
11 0.649563 0.441216 0.039987 0.046332
3 0.797379 0.520367 0.058241 0.154440
11 0.797379 0.516506 0.049871 0.069498
4 0.716482 0.520367 0.023296 0.077220
2 0.889520 0.516334 0.016308 0.054054
11 0.889520 0.557840 0.041597 0.021236
0 0.055911 0.243243 0.017472 0.057915
11 0.055911 0.286680 0.048186 0.021236
13 0.090856 0.243243 0.054747 0.019305
13 0.197437 0.243823 0.046593 0.019305
13 0.346360 0.243243 0.042749 0.019305
13 0.251864 0.243892 0.020326 0.019305
11 0.250356 0.216888 0.005874 0.023257
13 0.401733 0.243243 0.037711 0.019305
13 0.496870 0.243243 0.037711 0.019305
13 0.496870 0.520367 0.037711 0.019305
13 0.605358 0.520928 0.067443 0.019305
13 0.853933 0.517892 0.057196 0.019305
13 0.683023 0.522290 0.045952 0.019305
11 0.672419 0.494953 0.013090 0.023541
13 0.748195 0.520956 0.042458 0.019305
13 0.597996 0.430985 0.239965 0.109266
13 0.750346 0.472442 0.357420 0.466120
13 0.446572 0.331033 0.032598 0.106081
13 0.579700 0.565637 0.698713 0.575290
11 0.223355 0.244815 0.006989 0.043188
13 0.784796 0.655936 0.272213 0.201641
11 0.641701 0.533853 0.006989 0.019360
13 0.446535 0.401110 0.032673 0.246236
13 0.452213 0.243694 0.021316 0.019305
