0 0.019497 0.407572 0.018868 0.066815
3 0.095597 0.407572 0.062893 0.178174
4 0.176730 0.407572 0.025157 0.089087
2 0.987421 0.407572 0.017610 0.062361
3 0.918868 0.407572 0.062893 0.178174
3 0.320755 0.407572 0.062893 0.178174
1 0.455975 0.407572 0.018868 0.066815
1 0.556604 0.407572 0.018868 0.066815
5 0.242767 0.407572 0.025157 0.089087
3 0.320755 0.737194 0.062893 0.178174
5 0.396855 0.407572 0.025157 0.089087
3 0.645283 0.102450 0.062893 0.178174
3 0.645283 0.407572 0.062893 0.178174
4 0.730189 0.407572 0.025157 0.089087
1 0.730189 0.726058 0.018868 0.066815
1 0.556604 0.726058 0.018868 0.066815
1 0.556604 0.102450 0.018868 0.066815
4 0.796226 0.407572 0.025157 0.089087
2 0.789308 0.726058 0.017610 0.062361
4 0.849686 0.407572 0.025157 0.089087
4 0.506289 0.407572 0.025157 0.089087
12 0.046541 0.407572 0.037736 0.022272
12 0.145597 0.408256 0.039623 0.022272
12 0.964465 0.407572 0.030818 0.022272
12 0.368239 0.408264 0.034591 0.022272
12 0.534591 0.408096 0.027673 0.022272
12 0.209748 0.408686 0.043396 0.022272
12 0.272327 0.408267 0.036478 0.022272
12 0.266195 0.594655 0.048742 0.293987
12 0.427987 0.408102 0.039623 0.022272
12 0.374686 0.594655 0.047484 0.293987
12 0.589937 0.407572 0.050314 0.022272
12 0.697170 0.408250 0.043396 0.022272
12 0.730341 0.572383 0.006289 0.249443
12 0.528459 0.589087 0.039937 0.282851
12 0.528302 0.232739 0.040252 0.269488
12 0.589937 0.102450 0.050314 0.022272
12 0.643396 0.726058 0.157233 0.022272
12 0.763208 0.408686 0.043396 0.022272
12 0.736635 0.232739 0.122327 0.269488
12 0.760063 0.726058 0.043396 0.022272
12 0.822956 0.408686 0.030818 0.022272
12 0.513522 0.694878 0.675472 0.494432
12 0.874843 0.408284 0.027673 0.022272
12 0.479560 0.407572 0.030818 0.022272
