0 0.026187 0.096234 0.016367 0.062762
3 0.110747 0.096234 0.054555 0.167364
3 0.252864 0.595188 0.090562 0.167364
3 0.903983 0.294979 0.054555 0.167364
3 0.581560 0.595188 0.054555 0.167364
3 0.762139 0.895397 0.054555 0.167364
3 0.581560 0.294979 0.054555 0.167364
2 0.979814 0.295122 0.015276 0.058577
4 0.182215 0.096234 0.021822 0.083682
3 0.356247 0.595188 0.054555 0.167364
1 0.487179 0.895397 0.016367 0.062762
1 0.487179 0.294979 0.016367 0.062762
1 0.487179 0.595188 0.016367 0.062762
4 0.824877 0.295122 0.021822 0.083682
4 0.683033 0.595188 0.021822 0.083682
4 0.683033 0.895397 0.021822 0.083682
12 0.058920 0.096234 0.051282 0.020921
12 0.154664 0.096875 0.035461 0.020921
12 0.951718 0.295069 0.043099 0.020921
12 0.195035 0.366632 0.027278 0.465481
12 0.313557 0.595188 0.033006 0.020921
12 0.395799 0.595845 0.026732 0.020921
12 0.449127 0.424163 0.061920 0.266736
12 0.524823 0.294979 0.061102 0.020921
12 0.856247 0.295699 0.043099 0.020921
12 0.449127 0.766213 0.061920 0.266736
12 0.454446 0.595692 0.051282 0.020921
12 0.524823 0.595188 0.061102 0.020921
12 0.640480 0.595794 0.065466 0.020921
12 0.714403 0.896031 0.043099 0.020921
12 0.583743 0.895913 0.178942 0.020921
12 0.509138 0.175281 0.634206 0.164369
12 0.683306 0.745293 0.005456 0.224895
12 0.711402 0.295613 0.207310 0.020921
12 0.810284 0.616180 0.043917 0.566803
12 0.756077 0.466599 0.126447 0.267640
