8 0.500000 0.500000 0.991091 0.976967
11 0.012621 0.500000 0.008909 0.155470
0 0.060134 0.155470 0.022272 0.057582
3 0.141797 0.155470 0.074239 0.153551
11 0.141797 0.151631 0.061852 0.023033
4 0.242019 0.155470 0.029696 0.076775
3 0.342242 0.155470 0.074239 0.153551
11 0.342242 0.151631 0.065288 0.046065
3 0.717149 0.155470 0.074239 0.153551
11 0.717149 0.151631 0.041807 0.046065
3 0.442465 0.155470 0.074239 0.153551
11 0.442465 0.151631 0.057270 0.046065
3 0.832220 0.433781 0.074239 0.153551
11 0.832220 0.429942 0.044671 0.046065
3 0.832220 0.155470 0.074239 0.153551
11 0.832220 0.151631 0.046962 0.023033
1 0.594655 0.155470 0.022272 0.057582
1 0.594655 0.241843 0.022272 0.057582
13 0.087973 0.155470 0.036377 0.019194
13 0.203044 0.156055 0.051225 0.019194
13 0.280995 0.156059 0.051225 0.019194
13 0.392353 0.155470 0.028953 0.019194
13 0.498144 0.156068 0.040089 0.019194
13 0.774684 0.155470 0.043801 0.019194
13 0.832220 0.294626 0.007424 0.132438
13 0.564959 0.155925 0.040089 0.019194
13 0.642910 0.155470 0.077209 0.019194
13 0.557721 0.217850 0.054566 0.055662
13 0.700445 0.337812 0.192279 0.199616
