8 0.500000 0.500000 0.988658 0.979346
0 0.076560 0.208262 0.028355 0.051635
4 0.336484 0.208262 0.037807 0.068847
3 0.190454 0.208262 0.138941 0.103270
2 0.869565 0.208262 0.026465 0.048193
3 0.336484 0.345955 0.154064 0.103270
1 0.500000 0.864028 0.028355 0.051635
3 0.676749 0.605852 0.094518 0.068847
4 0.676749 0.734940 0.037807 0.068847
4 0.869565 0.605852 0.037807 0.068847
2 0.676749 0.864028 0.026465 0.048193
1 0.500000 0.605852 0.028355 0.051635
1 0.500000 0.734940 0.028355 0.051635
3 0.336957 0.475044 0.154064 0.068847
12 0.104442 0.208262 0.031191 0.017212
12 0.288752 0.208590 0.061437 0.017212
12 0.605860 0.208262 0.504726 0.017212
12 0.420605 0.815840 0.134216 0.103259
12 0.336843 0.419106 0.009452 0.049915
12 0.336634 0.268503 0.009452 0.058520
12 0.787335 0.605852 0.130435 0.017212
12 0.782845 0.688038 0.178166 0.102410
12 0.869795 0.401893 0.009452 0.345955
12 0.588847 0.864028 0.153119 0.017212
12 0.676967 0.804647 0.009452 0.077453
12 0.571834 0.605852 0.119093 0.017212
12 0.420132 0.735412 0.135161 0.017212
12 0.586011 0.735357 0.147448 0.017212
12 0.336758 0.607574 0.009452 0.192770
12 0.420605 0.654653 0.134216 0.104488
