3 0.094492 0.592417 0.053996 0.189573
4 0.148488 0.592417 0.021598 0.094787
3 0.210583 0.343602 0.053996 0.189573
3 0.210583 0.890995 0.053996 0.189573
2 0.280778 0.890995 0.015119 0.066351
3 0.280778 0.343602 0.053996 0.189573
3 0.642549 0.592417 0.053996 0.189573
4 0.734341 0.592417 0.021598 0.094787
3 0.734341 0.343602 0.053996 0.189573
1 0.456263 0.343602 0.016199 0.071090
3 0.534557 0.109005 0.053996 0.189573
4 0.534557 0.343602 0.021598 0.094787
3 0.915227 0.343602 0.053996 0.189573
2 0.974082 0.343602 0.015119 0.066351
4 0.855832 0.343602 0.021598 0.094787
1 0.386069 0.343602 0.016199 0.071090
1 0.456263 0.109005 0.016199 0.071090
1 0.534557 0.592417 0.016199 0.071090
0 0.026998 0.592417 0.016199 0.071090
12 0.051296 0.592417 0.034557 0.023697
12 0.129590 0.593183 0.018359 0.023697
12 0.166172 0.444313 0.036987 0.210900
12 0.255400 0.890995 0.037797 0.023697
12 0.245680 0.343602 0.018359 0.023697
12 0.395788 0.202607 0.106911 0.196682
12 0.434800 0.491706 0.185475 0.210900
12 0.579104 0.592417 0.075054 0.023697
12 0.696544 0.593112 0.056156 0.023697
12 0.365821 0.344161 0.026458 0.023697
12 0.485961 0.109005 0.045356 0.023697
12 0.494060 0.343602 0.061555 0.023697
12 0.534827 0.473934 0.005400 0.175355
12 0.626350 0.344160 0.164147 0.023697
12 0.954374 0.343602 0.026458 0.023697
12 0.734501 0.491706 0.005400 0.116114
12 0.708828 0.202607 0.296706 0.196682
12 0.800789 0.492299 0.113457 0.212085
12 0.876836 0.345972 0.022571 0.023697
12 0.803186 0.343602 0.085853 0.023697
12 0.166172 0.765403 0.036987 0.260664
12 0.421166 0.343602 0.056156 0.023697
12 0.319924 0.343602 0.026458 0.023697
