8 0.500000 0.500000 0.992415 0.976562
0 0.060683 0.255859 0.018963 0.058594
3 0.139697 0.255859 0.063211 0.156250
4 0.215550 0.255859 0.025284 0.078125
3 0.348293 0.255859 0.063211 0.156250
5 0.272440 0.255859 0.025284 0.078125
3 0.348293 0.500000 0.063211 0.156250
5 0.414665 0.255859 0.025284 0.078125
2 0.798989 0.447266 0.017699 0.054688
1 0.515171 0.255859 0.018963 0.058594
4 0.689001 0.255859 0.025284 0.078125
3 0.594185 0.255859 0.063211 0.156250
1 0.515171 0.447266 0.018963 0.058594
3 0.594185 0.447266 0.063211 0.156250
4 0.689001 0.447266 0.025284 0.078125
1 0.515171 0.681641 0.018963 0.058594
3 0.755373 0.681641 0.063211 0.156250
3 0.594185 0.681641 0.063211 0.156250
4 0.689001 0.681641 0.025284 0.078125
12 0.089128 0.255859 0.040455 0.019531
12 0.187105 0.256467 0.034134 0.019531
12 0.300885 0.256472 0.034134 0.019531
12 0.243995 0.256836 0.034134 0.019531
12 0.294722 0.397461 0.046460 0.212891
12 0.390961 0.256484 0.024652 0.019531
12 0.397440 0.397461 0.037611 0.212891
12 0.490518 0.256321 0.032870 0.019531
12 0.543616 0.255859 0.040455 0.019531
12 0.651075 0.256443 0.053097 0.019531
12 0.484355 0.371094 0.045196 0.160156
12 0.543616 0.447266 0.040455 0.019531
12 0.745891 0.447738 0.091024 0.019531
12 0.651075 0.447850 0.053097 0.019531
12 0.750316 0.338379 0.099874 0.170898
12 0.792984 0.578125 0.014539 0.214844
12 0.484355 0.488281 0.045196 0.394531
12 0.543616 0.681641 0.040455 0.019531
12 0.712705 0.682271 0.024652 0.019531
12 0.689317 0.564453 0.006321 0.164062
12 0.651075 0.682225 0.053097 0.019531
12 0.438685 0.255859 0.025284 0.019531
12 0.452592 0.160156 0.475980 0.121094
