8 0.500000 0.308290 0.992966 0.601036
8 0.274619 0.840026 0.542204 0.304404
0 0.065064 0.066062 0.017585 0.038860
3 0.129543 0.066062 0.058617 0.103627
4 0.196952 0.066062 0.023447 0.051813
4 0.683470 0.066062 0.023447 0.051813
3 0.264361 0.308290 0.058617 0.103627
1 0.601407 0.532383 0.017585 0.038860
1 0.463658 0.126943 0.017585 0.038860
1 0.463658 0.308290 0.017585 0.038860
3 0.613130 0.308290 0.058617 0.103627
4 0.683470 0.308290 0.023447 0.051813
3 0.683470 0.532383 0.058617 0.103627
2 0.934936 0.066062 0.016413 0.036269
3 0.569168 0.126943 0.058617 0.103627
3 0.824150 0.066348 0.058617 0.103627
0 0.264361 0.804404 0.017585 0.038860
3 0.328839 0.804404 0.058617 0.103627
4 0.396249 0.804404 0.023447 0.051813
3 0.463658 0.804404 0.058617 0.103627
3 0.463658 0.933938 0.058617 0.103627
12 0.087046 0.066062 0.028722 0.012953
12 0.172040 0.066469 0.028722 0.012953
12 0.440211 0.066710 0.465416 0.012953
12 0.216149 0.200130 0.040152 0.221503
12 0.264361 0.572539 0.005862 0.430052
12 0.307444 0.308695 0.029894 0.012953
12 0.394050 0.204663 0.123974 0.160622
12 0.462925 0.433290 0.261723 0.203368
12 0.399766 0.308607 0.112544 0.012953
12 0.528136 0.308290 0.113716 0.012953
12 0.657093 0.308693 0.031653 0.012953
12 0.632181 0.532383 0.046307 0.012953
12 0.683634 0.407383 0.005862 0.151554
12 0.506155 0.126943 0.069754 0.012953
12 0.683763 0.187176 0.005862 0.195596
12 0.745018 0.066552 0.101993 0.012953
12 0.286342 0.804404 0.028722 0.012953
12 0.371336 0.804811 0.028722 0.012953
12 0.415445 0.882124 0.040152 0.108808
12 0.421161 0.804404 0.028722 0.012953
12 0.463658 0.540155 0.005862 0.430052
12 0.641120 0.109456 0.087632 0.040155
12 0.890094 0.066178 0.075615 0.012953
