8 0.500000 0.500000 0.992405 0.975052
0 0.056329 0.272349 0.018987 0.062370
3 0.125949 0.272349 0.063291 0.166320
4 0.211392 0.272349 0.025316 0.083160
1 0.389873 0.272349 0.018987 0.062370
2 0.839873 0.272349 0.017722 0.058212
1 0.508228 0.272349 0.018987 0.062370
1 0.508228 0.563410 0.018987 0.062370
3 0.596835 0.563410 0.063291 0.166320
3 0.596835 0.272349 0.063291 0.166320
3 0.748734 0.272349 0.063291 0.166320
4 0.675949 0.563410 0.025316 0.083160
2 0.839873 0.563410 0.017722 0.058212
1 0.508228 0.760915 0.018987 0.062370
4 0.675949 0.272349 0.025316 0.083160
4 0.782912 0.563757 0.025316 0.083160
3 0.300000 0.272843 0.063291 0.166320
12 0.080063 0.272349 0.031013 0.020790
12 0.178165 0.272982 0.043671 0.020790
12 0.246203 0.273176 0.046836 0.020790
12 0.476741 0.438669 0.046519 0.257796
12 0.482911 0.272841 0.034177 0.020790
12 0.541456 0.563410 0.050000 0.020790
12 0.541456 0.272349 0.050000 0.020790
12 0.645886 0.272349 0.037342 0.020790
12 0.805696 0.272349 0.053165 0.020790
12 0.645886 0.564051 0.037342 0.020790
12 0.476741 0.537422 0.046519 0.455301
12 0.420570 0.272841 0.044937 0.020790
12 0.729430 0.564622 0.084177 0.020790
12 0.702848 0.272349 0.031013 0.020790
12 0.443987 0.187110 0.467089 0.095634
12 0.813291 0.564060 0.037974 0.020790
12 0.650475 0.683126 0.268038 0.163894
12 0.676173 0.417879 0.006329 0.216216
12 0.356013 0.272535 0.051265 0.020790
