8 0.250667 0.241833 0.431333 0.353667
9 0.255667 0.183833 0.421333 0.237667
9 0.255667 0.360667 0.421333 0.116000
0 0.060000 0.100000 0.010000 0.010000
3 0.091667 0.100000 0.033333 0.026667
3 0.416667 0.102333 0.033333 0.026667
4 0.171667 0.100000 0.013333 0.013333
3 0.291667 0.233333 0.033333 0.026667
4 0.330000 0.233333 0.013333 0.013333
3 0.378333 0.233333 0.033333 0.026667
2 0.414667 0.233333 0.009333 0.009333
3 0.346667 0.151667 0.033333 0.026667
1 0.203333 0.233333 0.010000 0.010000
1 0.203333 0.195000 0.010000 0.010000
4 0.305000 0.151667 0.013333 0.013333
1 0.203333 0.151667 0.010000 0.010000
4 0.378333 0.102333 0.013333 0.013333
2 0.449667 0.100000 0.009333 0.009333
