0 0.041806 0.142157 0.025084 0.073529
11 0.041806 0.210784 0.075090 0.053922
3 0.133779 0.142157 0.083612 0.196078
11 0.133779 0.137255 0.047086 0.029412
4 0.229933 0.142157 0.033445 0.098039
11 0.229933 0.044118 0.078691 0.058824
3 0.894649 0.338235 0.083612 0.196078
11 0.894649 0.333333 0.041280 0.058824
3 0.326087 0.338235 0.083612 0.196078
11 0.326087 0.333333 0.060631 0.088235
1 0.539298 0.338235 0.025084 0.073529
11 0.539298 0.406863 0.042570 0.053922
1 0.493311 0.877451 0.025084 0.073529
11 0.493311 0.946078 0.062082 0.053922
3 0.631271 0.338235 0.083612 0.196078
11 0.631271 0.333333 0.059341 0.088235
3 0.785953 0.877451 0.083612 0.196078
11 0.785953 0.872549 0.056116 0.088235
1 0.489130 0.632353 0.025084 0.073529
11 0.489130 0.700980 0.052622 0.053922
3 0.581104 0.632353 0.083612 0.196078
11 0.581104 0.627451 0.057406 0.058824
4 0.677258 0.632353 0.033445 0.098039
11 0.719577 0.687500 0.067081 0.058824
2 0.969064 0.338235 0.023411 0.068627
11 0.969064 0.404412 0.050848 0.053922
2 0.960702 0.877451 0.023411 0.068627
11 0.960702 0.943627 0.045527 0.053922
4 0.760870 0.338235 0.033445 0.098039
11 0.803512 0.393382 0.067726 0.058824
13 0.073161 0.142157 0.040970 0.024510
13 0.194398 0.142926 0.040970 0.024510
13 0.257316 0.264706 0.057274 0.156863
11 0.218645 0.159279 0.010033 0.024580
13 0.386706 0.339005 0.040970 0.024510
13 0.482860 0.338828 0.091137 0.024510
13 0.451714 0.632353 0.061455 0.500000
13 0.570652 0.338235 0.040970 0.024510
13 0.625000 0.877451 0.241639 0.024510
13 0.449624 0.509804 0.057274 0.254902
13 0.520485 0.632353 0.040970 0.024510
13 0.641722 0.633122 0.040970 0.024510
13 0.709889 0.779412 0.071861 0.205882
11 0.663925 0.629734 0.010033 0.054832
13 0.946906 0.338235 0.024247 0.024510
13 0.888378 0.877451 0.124582 0.024510
13 0.708612 0.338964 0.074415 0.024510
13 0.815217 0.338965 0.078595 0.024510
13 0.503972 0.216299 0.517977 0.155637
11 0.262697 0.109069 0.018705 0.029412
13 0.727634 0.510417 0.070652 0.256127
11 0.704861 0.599265 0.008385 0.029412
