8 0.500000 0.500000 0.991809 0.972414
11 0.011604 0.534581 0.016382 0.391921
11 0.032082 0.527931 0.016382 0.316552
0 0.065529 0.301149 0.020478 0.068966
3 0.140614 0.301149 0.068259 0.183908
11 0.140614 0.301724 0.092413 0.058621
3 0.239590 0.301149 0.068259 0.183908
11 0.239590 0.301724 0.089254 0.058621
4 0.306485 0.303448 0.027304 0.091954
11 0.306485 0.138506 0.134276 0.058621
3 0.382935 0.301149 0.068259 0.183908
11 0.382935 0.312069 0.084515 0.175862
3 0.642321 0.303448 0.068259 0.183908
11 0.642321 0.309195 0.057660 0.117241
1 0.567235 0.600000 0.020478 0.068966
11 0.567235 0.656466 0.109330 0.053736
3 0.642321 0.600000 0.068259 0.183908
11 0.642321 0.605747 0.070297 0.117241
3 0.799317 0.827586 0.068259 0.183908
11 0.799317 0.838506 0.068718 0.175862
1 0.567235 0.827586 0.020478 0.068966
11 0.567235 0.884052 0.023155 0.053736
1 0.567235 0.301149 0.020478 0.068966
11 0.574744 0.242672 0.085436 0.053736
4 0.720819 0.600000 0.027304 0.091954
11 0.739932 0.494828 0.150073 0.058621
3 0.898294 0.600000 0.068259 0.183908
11 0.898294 0.605747 0.050551 0.117241
2 0.972696 0.600000 0.019113 0.064368
13 0.091126 0.301149 0.033447 0.022989
13 0.190102 0.301149 0.033447 0.022989
13 0.283276 0.302874 0.021843 0.022989
13 0.334471 0.302874 0.031399 0.022989
13 0.534983 0.587356 0.046758 0.489655
13 0.592833 0.600000 0.033447 0.022989
13 0.691809 0.600722 0.033447 0.022989
13 0.743174 0.736782 0.046758 0.190805
11 0.711604 0.610961 0.016382 0.113054
13 0.602901 0.302299 0.594881 0.420690
13 0.534983 0.473563 0.046758 0.262069
13 0.592833 0.301933 0.033447 0.022989
13 0.541638 0.301692 0.033447 0.022989
13 0.458020 0.301149 0.084642 0.022989
13 0.671331 0.827586 0.190444 0.022989
13 0.852330 0.713793 0.040497 0.236782
13 0.800683 0.601149 0.135154 0.022989
11 0.743618 0.574138 0.015563 0.058621
13 0.947782 0.600000 0.033447 0.022989
13 0.787713 0.405747 0.225256 0.213793
