8 0.499870 0.500050 0.991155 0.984695
9 0.510739 0.337501 0.969416 0.659598
11 0.034002 0.337501 0.008696 0.105332
9 0.510739 0.829849 0.969416 0.325098
11 0.034002 0.829849 0.008696 0.020063
0 0.053233 0.126138 0.021739 0.039012
11 0.053233 0.155397 0.029720 0.014304
4 0.244705 0.126138 0.028986 0.052016
11 0.245429 0.081925 0.068758 0.015605
3 0.353400 0.126138 0.072464 0.104031
11 0.353400 0.123537 0.063727 0.031209
3 0.462096 0.126138 0.072464 0.104031
11 0.462096 0.123537 0.062609 0.046814
3 0.244705 0.520938 0.072464 0.104031
11 0.244705 0.518337 0.045280 0.031209
1 0.578038 0.126138 0.021739 0.039012
11 0.578763 0.089077 0.064053 0.014304
1 0.523690 0.126138 0.021739 0.039012
1 0.578038 0.282185 0.021739 0.039012
11 0.578038 0.324447 0.093773 0.014304
3 0.668618 0.126138 0.072464 0.104031
11 0.668618 0.123537 0.060932 0.015605
3 0.804022 0.126138 0.072464 0.104031
11 0.804022 0.123537 0.045280 0.031209
3 0.872352 0.438231 0.072464 0.104031
11 0.872352 0.435631 0.048634 0.046814
1 0.578038 0.438231 0.021739 0.039012
11 0.578038 0.467490 0.107096 0.014304
4 0.872352 0.126138 0.028986 0.052016
2 0.973913 0.126138 0.020290 0.036411
4 0.738880 0.282185 0.028986 0.052016
11 0.799957 0.257477 0.106211 0.015605
4 0.738880 0.126138 0.028986 0.052016
4 0.738880 0.438231 0.028986 0.052016
2 0.430717 0.591886 0.020290 0.036411
13 0.288183 0.126529 0.060870 0.013004
11 0.268828 0.108440 0.007855 0.015652
13 0.244898 0.310534 0.007246 0.321978
13 0.550864 0.126138 0.035507 0.013004
13 0.545429 0.213914 0.046377 0.141743
13 0.545429 0.291938 0.046377 0.297789
13 0.505574 0.126138 0.017391 0.013004
13 0.610647 0.126138 0.046377 0.013004
13 0.714619 0.126561 0.022437 0.013004
13 0.407748 0.126138 0.039130 0.013004
13 0.872549 0.269181 0.007246 0.239272
13 0.849056 0.126564 0.020504 0.013004
13 0.350754 0.573642 0.142535 0.041689
13 0.353400 0.126138 0.007246 0.013004
13 0.760581 0.126574 0.017315 0.013004
13 0.739243 0.204161 0.007246 0.109233
11 0.728620 0.218176 0.007826 0.015605
13 0.656648 0.438231 0.138379 0.013004
13 0.794747 0.438611 0.085645 0.013004
13 0.739243 0.360208 0.007246 0.109233
11 0.729098 0.282742 0.008696 0.030095
13 0.357880 0.508774 0.007246 0.321941
13 0.546835 0.540669 0.060596 0.483159
13 0.656648 0.282185 0.138379 0.013004
13 0.578038 0.126138 0.007246 0.013004
13 0.925306 0.126138 0.079822 0.013004
13 0.147157 0.126138 0.169008 0.013004
