8 0.500192 0.500021 0.990698 0.986344
11 0.013721 0.518023 0.019370 0.204024
9 0.512298 0.323542 0.966485 0.633386
11 0.037933 0.339979 0.019370 0.186282
9 0.512298 0.816714 0.966485 0.352958
11 0.037934 0.830020 0.019370 0.150800
0 0.130266 0.213420 0.024213 0.032468
11 0.130266 0.240003 0.118999 0.025298
3 0.219048 0.213420 0.080710 0.086580
11 0.219048 0.216126 0.056036 0.055195
4 0.311864 0.213420 0.032284 0.043290
3 0.468927 0.213420 0.080710 0.086580
11 0.468927 0.216126 0.106468 0.055195
3 0.311864 0.338690 0.080710 0.086580
11 0.311864 0.338961 0.066309 0.027597
3 0.585956 0.213420 0.080710 0.086580
11 0.585956 0.213690 0.081252 0.027597
3 0.715174 0.213420 0.080710 0.086580
11 0.715174 0.216126 0.103667 0.055195
3 0.876312 0.213420 0.080710 0.086580
11 0.876312 0.216126 0.056036 0.055195
3 0.715174 0.436905 0.080710 0.086580
11 0.715174 0.439610 0.083120 0.055195
4 0.822801 0.436905 0.032284 0.043290
3 0.937893 0.436905 0.080710 0.086580
11 0.937893 0.439610 0.056036 0.055195
3 0.822801 0.594048 0.080710 0.086580
11 0.822801 0.594318 0.105534 0.027597
0 0.206860 0.727543 0.024213 0.032468
11 0.206860 0.754126 0.070201 0.025298
4 0.311864 0.727543 0.032284 0.043290
11 0.337461 0.747835 0.051366 0.027597
3 0.409322 0.727543 0.080710 0.086580
11 0.409322 0.727814 0.069111 0.027597
3 0.311864 0.834873 0.080710 0.086580
11 0.311864 0.835143 0.070045 0.027597
3 0.481033 0.845400 0.080710 0.086580
11 0.481033 0.845671 0.083120 0.027597
3 0.554036 0.727543 0.080710 0.086580
11 0.554036 0.727814 0.053234 0.027597
13 0.160533 0.213420 0.039548 0.010823
13 0.277563 0.213760 0.039548 0.010823
13 0.378289 0.213733 0.103793 0.010823
11 0.339376 0.201157 0.019672 0.027670
13 0.312102 0.265233 0.008071 0.064665
11 0.300834 0.218887 0.019449 0.051569
13 0.527441 0.213420 0.039548 0.010823
13 0.257345 0.727802 0.079984 0.010823
13 0.348487 0.727882 0.044189 0.010823
13 0.312108 0.770386 0.008071 0.046723
13 0.396449 0.840137 0.091687 0.014857
13 0.481679 0.727543 0.067232 0.010823
13 0.634605 0.470482 0.083656 0.518452
13 0.795743 0.213420 0.083656 0.010823
13 0.781094 0.437235 0.054358 0.010823
13 0.868241 0.437233 0.061824 0.010823
11 0.851845 0.424606 0.022794 0.027728
13 0.823031 0.504654 0.008071 0.096537
11 0.811795 0.441841 0.019437 0.055093
13 0.598103 0.641153 0.156659 0.412825
13 0.691844 0.126945 0.040040 0.090698
13 0.609520 0.126945 0.066497 0.090698
13 0.775457 0.335985 0.077897 0.162879
11 0.764846 0.261316 0.028762 0.060816
13 0.671103 0.249240 0.030034 0.293079
