8 0.500000 0.500000 0.992767 0.985998
9 0.509042 0.342474 0.974684 0.670945
9 0.509042 0.835473 0.974684 0.315053
3 0.142254 0.199533 0.060277 0.093349
4 0.211573 0.199533 0.024111 0.046674
3 0.280428 0.269545 0.060277 0.093349
3 0.856540 0.152859 0.060277 0.093349
1 0.365280 0.457410 0.018083 0.035006
3 0.672694 0.269545 0.060277 0.093349
1 0.563472 0.457410 0.018083 0.035006
1 0.564195 0.269545 0.018083 0.035006
3 0.654611 0.457410 0.060277 0.093349
4 0.723930 0.457410 0.024111 0.046674
3 0.895510 0.457410 0.060277 0.093349
2 0.934298 0.316219 0.016878 0.032672
1 0.564195 0.614936 0.018083 0.035006
0 0.060764 0.199533 0.018083 0.035006
3 0.280428 0.457410 0.060277 0.093349
1 0.365280 0.845974 0.018083 0.035006
4 0.402652 0.845974 0.024111 0.046674
3 0.491863 0.770128 0.060277 0.093349
3 0.491863 0.927655 0.060277 0.093349
1 0.550562 0.770128 0.018083 0.035006
1 0.550562 0.927655 0.018083 0.035006
12 0.185955 0.199899 0.029536 0.011669
12 0.749548 0.187865 0.156118 0.074679
12 0.365280 0.651692 0.006028 0.358226
12 0.382459 0.846240 0.018686 0.011669
12 0.432339 0.796383 0.061181 0.057176
12 0.432339 0.898483 0.061181 0.063011
12 0.607896 0.269545 0.071730 0.011669
12 0.598493 0.457410 0.054370 0.011669
12 0.698312 0.457776 0.029536 0.011669
12 0.929973 0.394982 0.011060 0.129522
12 0.910488 0.226371 0.050030 0.151692
12 0.800679 0.457733 0.131797 0.011669
12 0.734374 0.559510 0.324684 0.115519
12 0.532373 0.457689 0.046526 0.011669
12 0.526858 0.351809 0.059003 0.169195
12 0.774684 0.307924 0.103317 0.256964
12 0.531761 0.927655 0.021931 0.011669
12 0.531761 0.770128 0.021931 0.011669
12 0.499709 0.605309 0.104117 0.299300
12 0.090961 0.199533 0.044721 0.011669
12 0.519138 0.152859 0.616938 0.051342
12 0.231082 0.246208 0.040826 0.051342
12 0.280428 0.363477 0.006028 0.099183
12 0.526858 0.547841 0.059003 0.138856
12 0.333403 0.457410 0.048083 0.011669
12 0.524162 0.699773 0.116920 0.460431
