8 0.500103 0.499725 0.990895 0.982920
0 0.055997 0.436639 0.020537 0.041322
3 0.131298 0.436639 0.068456 0.110193
4 0.210022 0.436639 0.027382 0.055096
3 0.343510 0.436639 0.068456 0.110193
5 0.268210 0.437057 0.027382 0.055096
2 0.894601 0.813423 0.019168 0.038567
3 0.343510 0.264463 0.068456 0.110193
3 0.567189 0.574380 0.068456 0.110193
3 0.570441 0.299524 0.068456 0.110193
3 0.731312 0.437306 0.068456 0.110193
4 0.649165 0.299524 0.027382 0.055096
3 0.880545 0.299524 0.068456 0.110193
1 0.492059 0.299524 0.020537 0.041322
1 0.491888 0.437306 0.020537 0.041322
5 0.410426 0.436639 0.027382 0.055096
1 0.492145 0.574380 0.020537 0.041322
4 0.632222 0.437306 0.027382 0.055096
3 0.645857 0.813423 0.068456 0.110193
3 0.731312 0.165703 0.068456 0.110193
2 0.805928 0.165703 0.019168 0.038567
2 0.955162 0.299524 0.019168 0.038567
4 0.805928 0.813423 0.027382 0.055096
13 0.295592 0.437346 0.030120 0.013774
13 0.288917 0.336986 0.043469 0.150555
13 0.081668 0.436639 0.033543 0.013774
13 0.180928 0.436639 0.033543 0.013774
13 0.620071 0.299956 0.033543 0.013774
13 0.387236 0.437086 0.021735 0.013774
13 0.519270 0.299524 0.036624 0.013774
13 0.472977 0.437316 0.020023 0.013774
13 0.560344 0.437641 0.119113 0.013774
13 0.394313 0.336777 0.035889 0.150138
13 0.430535 0.436988 0.015574 0.013774
13 0.466431 0.519284 0.033629 0.115702
13 0.517687 0.574380 0.033286 0.013774
13 0.671499 0.437723 0.053909 0.013774
13 0.616991 0.519617 0.033886 0.115036
13 0.736161 0.813811 0.114890 0.013774
13 0.466388 0.354308 0.033543 0.115076
13 0.780942 0.165703 0.033543 0.013774
13 0.930175 0.299524 0.033543 0.013774
13 0.852318 0.813753 0.068136 0.013774
13 0.785905 0.611591 0.043469 0.354079
13 0.754587 0.300213 0.186199 0.013774
13 0.673295 0.218839 0.050315 0.111783
13 0.239116 0.437534 0.033544 0.013774
13 0.410997 0.638805 0.404003 0.354746
11 0.009721 0.498386 0.019441 0.116714
11 0.055842 0.486364 0.042132 0.052893
11 0.131298 0.436088 0.055011 0.058953
11 0.225109 0.384986 0.039758 0.034711
11 0.343510 0.436088 0.056023 0.058953
11 0.894471 0.853306 0.061396 0.034711
11 0.343510 0.263912 0.049539 0.039118
11 0.567360 0.563912 0.059369 0.039118
11 0.571813 0.298347 0.049074 0.039118
11 0.731654 0.436088 0.055246 0.078788
11 0.683847 0.331267 0.048144 0.034711
11 0.880887 0.298347 0.054573 0.058953
11 0.492947 0.339532 0.059278 0.034711
11 0.493065 0.477273 0.056775 0.034711
11 0.492134 0.605923 0.052176 0.016529
11 0.647116 0.813499 0.032891 0.039118
11 0.731654 0.164738 0.035380 0.039118
11 0.677005 0.280854 0.018029 0.016529
11 0.639752 0.251928 0.009242 0.016529
11 0.233126 0.418595 0.009242 0.016529
11 0.220406 0.512259 0.018029 0.016529
