0 0.016117 0.090286 0.023024 0.051105
4 0.135073 0.090286 0.030698 0.068140
11 0.144282 0.024275 0.223791 0.043439
2 0.984519 0.090286 0.021489 0.047698
3 0.135073 0.558750 0.076746 0.136280
11 0.135073 0.559176 0.064828 0.043439
3 0.789667 0.090286 0.076746 0.136280
11 0.789667 0.094545 0.071933 0.086879
3 0.261704 0.558750 0.076746 0.136280
11 0.261704 0.563009 0.085254 0.086879
3 0.826747 0.558750 0.076746 0.136280
11 0.826747 0.563009 0.077261 0.086879
1 0.372985 0.559908 0.023024 0.051105
1 0.372985 0.831311 0.023024 0.051105
11 0.372985 0.873153 0.179906 0.039819
1 0.372985 0.312992 0.023024 0.051105
11 0.372985 0.354835 0.070009 0.039819
4 0.450817 0.312992 0.030698 0.068140
3 0.567187 0.312992 0.076746 0.136280
11 0.567187 0.317251 0.064828 0.086879
2 0.984519 0.558750 0.021489 0.047698
1 0.466166 0.559908 0.023024 0.051105
11 0.466166 0.601751 0.075707 0.039819
3 0.585727 0.559908 0.076746 0.136280
11 0.585727 0.564167 0.086142 0.086879
4 0.711024 0.559908 0.030698 0.068140
11 0.720233 0.616550 0.070157 0.043439
13 0.073676 0.090697 0.095165 0.017035
13 0.135279 0.307483 0.007675 0.373068
11 0.124667 0.105420 0.018433 0.036382
13 0.900908 0.090286 0.148804 0.017035
13 0.450858 0.090727 0.603942 0.017035
11 0.165132 0.071088 0.026384 0.043487
13 0.198388 0.558750 0.052955 0.017035
13 0.330775 0.559469 0.064467 0.017035
13 0.372985 0.695610 0.007675 0.227111
13 0.919448 0.558750 0.111724 0.017035
13 0.512516 0.559908 0.072746 0.017035
13 0.659241 0.167569 0.187177 0.161380
13 0.599866 0.808335 0.456832 0.369703
13 0.419576 0.559908 0.073227 0.017035
13 0.372985 0.436450 0.007675 0.202625
13 0.409982 0.313395 0.054040 0.017035
13 0.497490 0.313504 0.065718 0.017035
11 0.476071 0.293656 0.016936 0.043559
13 0.757374 0.559959 0.065072 0.017035
11 0.745430 0.540666 0.026379 0.043439
13 0.659887 0.560411 0.074644 0.017035
13 0.731351 0.338909 0.042957 0.380672
11 0.693773 0.405009 0.016906 0.043439
