8 0.500000 0.500000 0.990369 0.978799
11 0.013644 0.551622 0.019262 0.585045
0 0.077047 0.231449 0.024077 0.053004
11 0.077047 0.301568 0.081724 0.123896
3 0.177368 0.231449 0.080257 0.141343
11 0.177368 0.239841 0.096583 0.135159
4 0.273676 0.231449 0.032103 0.070671
11 0.273676 0.168728 0.096583 0.090106
3 0.369984 0.231449 0.080257 0.141343
11 0.369984 0.239841 0.085439 0.135159
1 0.522472 0.231449 0.024077 0.053004
11 0.522472 0.301568 0.085130 0.123896
1 0.522472 0.664311 0.024077 0.053004
11 0.522472 0.707708 0.073211 0.041299
1 0.522472 0.434629 0.024077 0.053004
11 0.522472 0.478026 0.093643 0.041299
3 0.622793 0.664311 0.080257 0.141343
11 0.622793 0.668728 0.067794 0.090106
3 0.622793 0.434629 0.080257 0.141343
11 0.622793 0.439046 0.082653 0.090106
4 0.719101 0.434629 0.032103 0.070671
11 0.771360 0.439046 0.096583 0.090106
3 0.803371 0.231449 0.080257 0.141343
11 0.803371 0.239841 0.076152 0.135159
4 0.719101 0.867491 0.032103 0.070671
2 0.943018 0.867491 0.022472 0.049470
11 0.943018 0.922482 0.087683 0.082597
4 0.719101 0.231449 0.032103 0.070671
2 0.943018 0.231449 0.022472 0.049470
11 0.943018 0.273079 0.085981 0.041299
3 0.827448 0.867948 0.080257 0.141343
11 0.827448 0.872365 0.081724 0.090106
13 0.113162 0.231449 0.051364 0.017668
13 0.237560 0.231999 0.043339 0.017668
13 0.424157 0.232014 0.031300 0.017668
13 0.490369 0.231867 0.043339 0.017668
13 0.482544 0.465548 0.058989 0.404594
13 0.482544 0.350707 0.058989 0.174912
13 0.558587 0.664311 0.051364 0.017668
13 0.558587 0.434629 0.051364 0.017668
13 0.682986 0.435179 0.043339 0.017668
13 0.309791 0.232003 0.043339 0.017668
11 0.300373 0.211345 0.018339 0.045222
13 0.488563 0.567580 0.432183 0.608657
11 0.262841 0.239873 0.019262 0.086888
13 0.691212 0.748233 0.059791 0.174912
13 0.719502 0.651060 0.008026 0.369258
11 0.708266 0.449867 0.019262 0.040548
13 0.618780 0.231881 0.171750 0.017668
13 0.749197 0.232019 0.031300 0.017668
13 0.761236 0.868210 0.055378 0.017668
13 0.887640 0.231449 0.091493 0.017668
13 0.719502 0.333039 0.008026 0.139576
11 0.708266 0.372381 0.019262 0.086888
13 0.899679 0.867662 0.067415 0.017668
