0 0.020000 0.085000 0.010000 0.010000
4 0.086667 0.085000 0.013333 0.013333
1 0.115000 0.085000 0.010000 0.010000
3 0.151667 0.085000 0.033333 0.026667
3 0.351667 0.178333 0.033333 0.026667
1 0.200000 0.115000 0.010000 0.010000
3 0.186667 0.138333 0.033333 0.026667
4 0.245000 0.178333 0.013333 0.013333
4 0.245000 0.138333 0.013333 0.013333
3 0.351667 0.138333 0.033333 0.026667
1 0.245000 0.085000 0.010000 0.010000
1 0.320000 0.138333 0.010000 0.010000
3 0.285000 0.085000 0.033333 0.026667
4 0.320000 0.085000 0.013333 0.013333
2 0.388000 0.085000 0.009333 0.009333
2 0.388000 0.138333 0.009333 0.009333
2 0.388000 0.178333 0.009333 0.009333
3 0.056667 0.085000 0.033333 0.026667
1 0.200000 0.085000 0.010000 0.010000
