0 0.027778 0.119481 0.017361 0.077922
11 0.027778 0.192208 0.047879 0.057143
3 0.117477 0.119481 0.057870 0.207792
11 0.117477 0.114286 0.033929 0.062338
4 0.184028 0.119481 0.023148 0.103896
3 0.281829 0.119481 0.091435 0.207792
11 0.281829 0.114286 0.070089 0.062338
2 0.982639 0.119481 0.016204 0.072727
11 0.982639 0.175325 0.052790 0.028571
3 0.771991 0.405195 0.057870 0.207792
11 0.771991 0.400000 0.039286 0.062338
3 0.771991 0.119481 0.057870 0.207792
11 0.771991 0.114286 0.038393 0.062338
1 0.496528 0.119481 0.017361 0.077922
11 0.496528 0.177922 0.038058 0.028571
1 0.497685 0.405195 0.017361 0.077922
11 0.497685 0.463636 0.045833 0.028571
4 0.919560 0.119481 0.023148 0.103896
1 0.497685 0.703896 0.017361 0.077922
11 0.497685 0.762338 0.061793 0.028571
3 0.609954 0.703896 0.057870 0.207792
11 0.609954 0.698701 0.039732 0.062338
4 0.699653 0.703896 0.023148 0.103896
4 0.699653 0.405195 0.023148 0.103896
13 0.062500 0.119481 0.054398 0.025974
13 0.159433 0.120296 0.028356 0.025974
13 0.351273 0.120339 0.049769 0.025974
13 0.215856 0.120359 0.042824 0.025974
13 0.442998 0.119481 0.092014 0.025974
13 0.437789 0.288312 0.104745 0.244156
13 0.854456 0.120205 0.109375 0.025974
13 0.952836 0.119481 0.045718 0.025974
13 0.624132 0.119481 0.240162 0.025974
13 0.552083 0.577922 0.737847 0.823377
13 0.437934 0.437662 0.104456 0.542857
13 0.543692 0.703896 0.076968 0.025974
13 0.597222 0.405195 0.184028 0.025974
13 0.663484 0.704669 0.051505 0.025974
13 0.860388 0.288312 0.121238 0.244156
13 0.699612 0.554545 0.005787 0.205195
13 0.727141 0.405195 0.034144 0.025974
13 0.813442 0.438312 0.206746 0.544156
