8 0.227315 0.088345 0.425349 0.132768
3 0.075590 0.039218 0.033333 0.026667
4 0.113923 0.039218 0.013333 0.013333
3 0.146423 0.066886 0.033333 0.026667
3 0.385756 0.039218 0.033333 0.026667
2 0.422090 0.039218 0.009333 0.009333
4 0.336089 0.066718 0.013333 0.013333
3 0.385756 0.106179 0.033333 0.026667
2 0.422090 0.106179 0.009333 0.009333
3 0.194756 0.066886 0.033333 0.026667
1 0.260923 0.106304 0.010000 0.010000
4 0.336089 0.106179 0.013333 0.013333
0 0.039064 0.039346 0.010000 0.010000
3 0.297589 0.066718 0.033333 0.026667
1 0.260923 0.066886 0.010000 0.010000
1 0.260923 0.139093 0.010000 0.010000
3 0.297589 0.139179 0.033333 0.026667
3 0.385756 0.139179 0.033333 0.026667
2 0.422090 0.139179 0.009333 0.009333
4 0.336089 0.039346 0.013333 0.013333
