8 0.500000 0.500000 0.991292 0.978686
3 0.182148 0.223801 0.072569 0.142096
4 0.265602 0.223801 0.029028 0.071048
2 0.917997 0.223801 0.020319 0.049734
3 0.265602 0.401421 0.072569 0.142096
3 0.378084 0.401421 0.072569 0.142096
1 0.545718 0.836590 0.021771 0.053286
1 0.545718 0.401421 0.021771 0.053286
1 0.545718 0.623446 0.021771 0.053286
3 0.636430 0.401421 0.072569 0.142096
3 0.835269 0.223801 0.072569 0.142096
3 0.636430 0.623446 0.072569 0.142096
4 0.734398 0.623446 0.029028 0.071048
3 0.835269 0.836590 0.072569 0.142096
4 0.734398 0.836590 0.029028 0.071048
4 0.734398 0.223910 0.029028 0.071048
0 0.080552 0.223801 0.021771 0.053286
2 0.917997 0.836590 0.020319 0.049734
12 0.234761 0.224359 0.035559 0.017762
12 0.118650 0.223801 0.057329 0.017762
12 0.321843 0.401421 0.042816 0.017762
12 0.505624 0.636767 0.061321 0.406750
12 0.505624 0.530195 0.061321 0.193606
12 0.889695 0.223801 0.039187 0.017762
12 0.578374 0.401421 0.046444 0.017762
12 0.578374 0.623446 0.046444 0.017762
12 0.512700 0.401844 0.047170 0.017762
12 0.696299 0.623987 0.050073 0.017762
12 0.889695 0.836590 0.039187 0.017762
12 0.773948 0.837132 0.052975 0.017762
12 0.638244 0.837024 0.166183 0.017762
12 0.734761 0.730018 0.007257 0.149201
12 0.773948 0.224196 0.052975 0.017762
12 0.734761 0.423678 0.007257 0.335593
12 0.266328 0.294849 0.007257 0.078153
12 0.703737 0.330427 0.064949 0.149092
12 0.500000 0.224743 0.442671 0.017762
12 0.437954 0.401962 0.050073 0.017762
