8 0.227167 0.125000 0.354333 0.180000
0 0.079333 0.083333 0.010000 0.010000
3 0.111667 0.083333 0.033333 0.026667
4 0.141667 0.083333 0.013333 0.013333
3 0.301667 0.083333 0.033333 0.026667
2 0.389667 0.083333 0.009333 0.009333
3 0.166667 0.123333 0.033333 0.026667
3 0.246667 0.123333 0.033333 0.026667
4 0.276667 0.083333 0.013333 0.013333
1 0.195000 0.123333 0.010000 0.010000
1 0.215000 0.123333 0.010000 0.010000
1 0.215000 0.158333 0.010000 0.010000
3 0.246667 0.158333 0.033333 0.026667
4 0.276667 0.158333 0.013333 0.013333
3 0.321667 0.123333 0.033333 0.026667
4 0.351667 0.083333 0.013333 0.013333
1 0.195000 0.190000 0.010000 0.010000
4 0.321667 0.158333 0.013333 0.013333
11 0.226667 0.097667 0.073333 0.012000
