0 0.027950 0.355695 0.018634 0.055453
3 0.096273 0.355695 0.062112 0.147874
4 0.218609 0.355695 0.024845 0.073937
3 0.323578 0.355695 0.062112 0.147874
3 0.806161 0.355695 0.062112 0.147874
3 0.914398 0.355695 0.062112 0.147874
2 0.987690 0.355695 0.017391 0.051756
3 0.809888 0.584901 0.062112 0.147874
4 0.914398 0.584901 0.024845 0.073937
1 0.701193 0.908376 0.018634 0.055453
1 0.699329 0.356094 0.018634 0.055453
1 0.699329 0.585299 0.018634 0.055453
2 0.914398 0.910224 0.017391 0.051756
3 0.522149 0.355695 0.062112 0.147874
1 0.415950 0.355695 0.018634 0.055453
12 0.051242 0.355695 0.030435 0.018484
12 0.166758 0.356227 0.081342 0.018484
12 0.261776 0.356241 0.063975 0.018484
12 0.860280 0.355695 0.048609 0.018484
12 0.741876 0.356179 0.068944 0.018484
12 0.962224 0.355695 0.036025 0.018484
12 0.743739 0.585381 0.072671 0.018484
12 0.871460 0.585443 0.063516 0.018484
12 0.914578 0.488782 0.006211 0.125693
12 0.566659 0.164909 0.697963 0.315030
12 0.654919 0.356349 0.072671 0.018484
12 0.648863 0.488982 0.084783 0.200029
12 0.649795 0.650520 0.086646 0.523105
12 0.808106 0.909303 0.197678 0.018484
12 0.914549 0.753108 0.006211 0.269871
12 0.574093 0.356256 0.044261 0.018484
12 0.380634 0.355695 0.054484 0.018484
12 0.458180 0.355695 0.068311 0.018484
