0 0.015613 0.258101 0.022305 0.033520
3 0.119703 0.258101 0.074349 0.089385
4 0.242379 0.258101 0.029740 0.044693
3 0.353903 0.258101 0.074349 0.089385
3 0.353903 0.051397 0.074349 0.089385
2 0.472119 0.051397 0.020818 0.031285
1 0.506320 0.442458 0.022305 0.033520
4 0.506320 0.615642 0.029740 0.044693
3 0.677323 0.615642 0.074349 0.089385
4 0.506320 0.732961 0.029740 0.044693
3 0.677323 0.732961 0.074349 0.089385
3 0.777695 0.615642 0.074349 0.089385
2 0.873606 0.615642 0.020818 0.031285
4 0.777695 0.732961 0.029740 0.044693
3 0.900372 0.732961 0.074349 0.089385
2 0.985130 0.732961 0.020818 0.031285
3 0.900372 0.839106 0.074349 0.089385
2 0.900372 0.977654 0.020818 0.031285
3 0.506320 0.258101 0.074349 0.089385
1 0.606691 0.305028 0.022305 0.033520
1 0.606691 0.408939 0.022305 0.033520
1 0.606691 0.507821 0.022305 0.033520
13 0.054647 0.258101 0.058736 0.011173
13 0.192193 0.258430 0.073606 0.011173
13 0.286989 0.258437 0.062454 0.011173
13 0.426394 0.051397 0.073606 0.011173
13 0.298327 0.165922 0.114126 0.144134
13 0.506499 0.526257 0.007435 0.138547
13 0.580669 0.615959 0.121933 0.011173
13 0.506691 0.674302 0.007435 0.077095
13 0.727509 0.615642 0.028996 0.011173
13 0.839033 0.615642 0.051301 0.011173
13 0.738662 0.733301 0.051301 0.011173
13 0.956134 0.732961 0.040149 0.011173
13 0.827881 0.733292 0.073606 0.011173
13 0.580669 0.733277 0.121933 0.011173
13 0.900372 0.922905 0.007435 0.082682
13 0.820632 0.797207 0.088104 0.088268
13 0.684944 0.797207 0.359480 0.088268
13 0.430112 0.258101 0.081041 0.011173
13 0.506320 0.364246 0.007435 0.127374
13 0.556506 0.373743 0.081041 0.141899
13 0.556506 0.425698 0.081041 0.037989
13 0.556506 0.475140 0.081041 0.069832
11 0.119703 0.257654 0.059747 0.031732
11 0.244633 0.300000 0.065474 0.028156
11 0.353903 0.257654 0.060846 0.047821
11 0.353903 0.050950 0.038426 0.031732
11 0.553874 0.641899 0.066856 0.028156
11 0.677323 0.615196 0.042651 0.031732
11 0.570556 0.759218 0.054124 0.028156
11 0.678442 0.732514 0.053299 0.031732
11 0.777695 0.615196 0.038426 0.031732
11 0.799924 0.702235 0.048920 0.028156
11 0.900372 0.732514 0.038426 0.031732
11 0.900372 0.838659 0.061742 0.047821
11 0.507442 0.257654 0.046852 0.031732
11 0.607522 0.337989 0.049245 0.028156
11 0.606662 0.434525 0.066856 0.013408
11 0.608120 0.540223 0.043007 0.028156
11 0.266752 0.242346 0.007110 0.013408
11 0.285055 0.174190 0.015462 0.013408
11 0.530692 0.599888 0.007110 0.013408
11 0.802068 0.717207 0.007110 0.013408
11 0.530692 0.717207 0.007110 0.013408
11 0.767582 0.728380 0.015462 0.013408
11 0.496068 0.577765 0.065743 0.042905
