8 0.318087 0.834596 0.623701 0.315657
8 0.500000 0.334596 0.987526 0.654040
0 0.099792 0.165404 0.031185 0.037879
4 0.349272 0.165404 0.041580 0.050505
3 0.214137 0.165404 0.103950 0.101010
3 0.697505 0.165404 0.103950 0.101010
3 0.349272 0.329545 0.103950 0.101010
2 0.810811 0.165404 0.029106 0.035354
4 0.546778 0.329545 0.041580 0.050505
3 0.546778 0.537879 0.103950 0.101010
4 0.697505 0.537879 0.041580 0.050505
3 0.853430 0.537879 0.103950 0.101010
2 0.966736 0.537879 0.029106 0.035354
1 0.401247 0.376603 0.031185 0.037879
1 0.463617 0.329545 0.031185 0.037879
13 0.138773 0.165404 0.050936 0.012626
13 0.507796 0.165748 0.279626 0.012626
13 0.349573 0.234848 0.010395 0.093434
13 0.349272 0.528409 0.010395 0.301768
13 0.772869 0.165404 0.050936 0.012626
13 0.424636 0.329545 0.050936 0.012626
13 0.502599 0.329840 0.050936 0.012626
13 0.604929 0.242583 0.085361 0.128471
13 0.547070 0.421086 0.010395 0.137626
13 0.637734 0.538258 0.082121 0.012626
13 0.759875 0.538259 0.087318 0.012626
13 0.697782 0.364268 0.010395 0.301768
13 0.928794 0.537879 0.050936 0.012626
13 0.297297 0.165791 0.066528 0.012626
13 0.601351 0.518371 0.404366 0.250707
11 0.021414 0.834596 0.014553 0.021050
11 0.021414 0.334596 0.014553 0.021899
11 0.099354 0.194318 0.086441 0.015152
11 0.396003 0.186742 0.066434 0.015152
11 0.214137 0.164899 0.089095 0.017677
11 0.697505 0.164899 0.058580 0.035859
11 0.349272 0.329040 0.073853 0.054040
11 0.548341 0.537374 0.074519 0.035859
11 0.854998 0.537374 0.085418 0.054040
11 0.464015 0.358460 0.065245 0.015152
11 0.401361 0.413510 0.079229 0.031818
11 0.390138 0.147601 0.023519 0.015152
11 0.564847 0.256187 0.042376 0.015152
11 0.532614 0.265025 0.065229 0.015152
11 0.725127 0.416540 0.067718 0.015152
