0 0.039216 0.225806 0.024510 0.080645
3 0.178105 0.225806 0.081699 0.215054
4 0.276144 0.225806 0.032680 0.107527
3 0.643791 0.226630 0.081699 0.215054
1 0.357843 0.226630 0.024510 0.080645
1 0.529412 0.226630 0.024510 0.080645
2 0.969771 0.225806 0.022876 0.075269
1 0.529412 0.508065 0.024510 0.080645
3 0.643791 0.508065 0.081699 0.215054
4 0.766340 0.508065 0.032680 0.107527
4 0.766340 0.226102 0.032680 0.107527
1 0.529412 0.830645 0.024510 0.080645
2 0.766340 0.830645 0.022876 0.075269
3 0.864379 0.226630 0.081699 0.215054
13 0.094363 0.225806 0.089052 0.026882
13 0.239379 0.226643 0.044118 0.026882
13 0.400735 0.226877 0.064542 0.026882
13 0.490605 0.226879 0.056373 0.026882
13 0.572304 0.226630 0.064542 0.026882
13 0.717320 0.227118 0.068628 0.026882
13 0.482639 0.393817 0.072304 0.239247
13 0.572304 0.508065 0.064542 0.026882
13 0.717320 0.508868 0.068628 0.026882
13 0.803105 0.227142 0.044118 0.026882
13 0.766748 0.367083 0.008170 0.185188
13 0.482639 0.555108 0.072304 0.561828
13 0.648284 0.830645 0.216503 0.026882
13 0.766535 0.677419 0.008170 0.241935
13 0.319036 0.226879 0.056373 0.026882
13 0.931781 0.226103 0.056373 0.026882
13 0.521650 0.094234 0.493464 0.166962
11 0.038871 0.287366 0.067938 0.032258
11 0.178105 0.224731 0.066208 0.037634
11 0.274529 0.351882 0.071934 0.032258
11 0.643791 0.224731 0.046867 0.076344
11 0.358832 0.168011 0.070606 0.067742
11 0.529380 0.287366 0.073466 0.032258
11 0.969427 0.302419 0.049964 0.067742
11 0.530324 0.587366 0.054113 0.067742
11 0.645020 0.506989 0.058568 0.076344
11 0.849807 0.520161 0.057458 0.067742
11 0.529037 0.944892 0.071146 0.067742
11 0.766676 0.925000 0.064398 0.103226
11 0.864379 0.224731 0.042225 0.076344
11 0.755566 0.419086 0.009498 0.032258
11 0.755227 0.497043 0.016991 0.032258
11 0.302926 0.187903 0.007812 0.032258
11 0.265031 0.107258 0.016991 0.032258
