8 0.215475 0.124888 0.410950 0.239777
3 0.091667 0.050000 0.033333 0.026667
3 0.128667 0.110000 0.033333 0.026667
4 0.128667 0.050000 0.013333 0.013333
1 0.159000 0.158241 0.010000 0.010000
3 0.195667 0.158241 0.033333 0.026667
4 0.234000 0.158241 0.013333 0.013333
1 0.159000 0.192907 0.010000 0.010000
3 0.195667 0.192907 0.033333 0.026667
4 0.274500 0.192907 0.013333 0.013333
4 0.274500 0.158333 0.013333 0.013333
0 0.047000 0.050000 0.010000 0.010000
2 0.357000 0.158333 0.009333 0.009333
3 0.312834 0.158333 0.033333 0.026667
2 0.389317 0.219241 0.009333 0.009333
4 0.234000 0.050000 0.013333 0.013333
4 0.389317 0.192907 0.013333 0.013333
