8 0.500000 0.500000 0.989510 0.974895
11 0.014860 0.527839 0.020979 0.315511
11 0.041084 0.531773 0.020979 0.360094
0 0.097902 0.167364 0.026224 0.062762
11 0.097902 0.218750 0.117754 0.048902
3 0.194056 0.167364 0.087413 0.167364
11 0.194056 0.167887 0.073839 0.053347
4 0.285839 0.167364 0.034965 0.083682
11 0.286713 0.100941 0.124413 0.053347
3 0.285839 0.378661 0.087413 0.167364
11 0.285839 0.388598 0.093057 0.160042
1 0.451923 0.826360 0.026224 0.062762
11 0.451923 0.877746 0.115900 0.048902
3 0.840909 0.826360 0.087413 0.167364
11 0.840909 0.836297 0.073839 0.160042
1 0.451923 0.378661 0.026224 0.062762
11 0.451923 0.430047 0.140007 0.048902
3 0.548077 0.378661 0.087413 0.167364
11 0.548077 0.383891 0.090022 0.106695
2 0.940559 0.826360 0.024476 0.058577
11 0.940559 0.875654 0.110337 0.048902
4 0.652972 0.378661 0.034965 0.083682
11 0.653846 0.312238 0.200275 0.053347
2 0.940559 0.378661 0.024476 0.058577
11 0.940559 0.427955 0.170604 0.048902
3 0.840909 0.606695 0.087413 0.167364
11 0.840909 0.616632 0.077885 0.160042
4 0.652972 0.606695 0.034965 0.083682
1 0.451923 0.606695 0.026224 0.062762
11 0.451923 0.658081 0.133516 0.048902
3 0.840909 0.378661 0.087413 0.167364
11 0.840909 0.383891 0.064735 0.106695
2 0.940559 0.606695 0.024476 0.058577
11 0.940559 0.655988 0.205838 0.048902
4 0.731644 0.379226 0.034965 0.083682
13 0.130682 0.167364 0.042832 0.020921
13 0.253059 0.168033 0.034091 0.020921
13 0.286102 0.252092 0.008741 0.094142
11 0.273897 0.186014 0.021023 0.044848
13 0.631119 0.826360 0.335664 0.020921
13 0.423514 0.379150 0.034091 0.020921
13 0.484703 0.378661 0.042832 0.020921
13 0.906469 0.826360 0.047203 0.020921
13 0.613636 0.379312 0.047203 0.020921
13 0.906469 0.606695 0.047203 0.020921
13 0.653409 0.492678 0.008741 0.152720
11 0.641171 0.389140 0.020979 0.099455
13 0.733829 0.607292 0.130245 0.020921
13 0.550262 0.607205 0.173951 0.020921
13 0.692308 0.379986 0.047203 0.020921
11 0.681848 0.355340 0.019287 0.053481
13 0.906469 0.378661 0.047203 0.020921
13 0.351399 0.378661 0.047203 0.020921
13 0.773165 0.379664 0.051573 0.020921
13 0.517701 0.252897 0.432256 0.177343
11 0.320092 0.143828 0.030045 0.053347
13 0.414991 0.513598 0.051136 0.194561
13 0.414991 0.623431 0.051136 0.414226
