3 0.124710 0.098925 0.077459 0.172043
11 0.124710 0.094624 0.043621 0.025806
4 0.237026 0.098925 0.030984 0.086022
11 0.279518 0.134409 0.068717 0.025806
3 0.357088 0.098925 0.077459 0.172043
11 0.357088 0.094624 0.054974 0.077419
1 0.531371 0.391398 0.023238 0.064516
11 0.531371 0.439785 0.114479 0.023656
1 0.531371 0.098925 0.023238 0.064516
11 0.531371 0.147312 0.093665 0.023656
3 0.833462 0.098925 0.077459 0.172043
11 0.833462 0.094624 0.051389 0.051613
3 0.639814 0.638710 0.077459 0.172043
11 0.639814 0.634409 0.057962 0.051613
4 0.728892 0.638710 0.030984 0.086022
11 0.809804 0.634409 0.123094 0.025806
1 0.531371 0.638710 0.023238 0.064516
11 0.531371 0.687097 0.102429 0.023656
3 0.833462 0.391398 0.077459 0.172043
11 0.833462 0.387097 0.051389 0.077419
2 0.933385 0.391398 0.021689 0.060215
0 0.016266 0.098925 0.023238 0.064516
2 0.933385 0.864516 0.021689 0.060215
11 0.966692 0.912903 0.113384 0.023656
3 0.833462 0.864516 0.077459 0.172043
11 0.833462 0.860215 0.038243 0.051613
4 0.728892 0.864516 0.030984 0.086022
4 0.728892 0.391398 0.030984 0.086022
2 0.933385 0.098925 0.021689 0.060215
11 0.933385 0.145161 0.104072 0.023656
13 0.056933 0.098925 0.061193 0.021505
13 0.192486 0.099571 0.061193 0.021505
13 0.668861 0.098925 0.254841 0.021505
13 0.572037 0.638710 0.061193 0.021505
13 0.404628 0.099630 0.020720 0.021505
13 0.897366 0.391398 0.053447 0.021505
13 0.897366 0.864516 0.053447 0.021505
13 0.769558 0.865176 0.053447 0.021505
13 0.769558 0.864516 0.053447 0.021505
13 0.769558 0.392057 0.053447 0.021505
13 0.475407 0.503763 0.479086 0.732258
11 0.226569 0.099846 0.009295 0.049770
13 0.285438 0.099569 0.068939 0.021505
11 0.262815 0.069664 0.008396 0.025881
13 0.729087 0.751613 0.007746 0.148387
11 0.718314 0.652981 0.009335 0.023349
13 0.695972 0.639385 0.037955 0.021505
13 0.474535 0.390323 0.093532 0.505376
13 0.482088 0.099444 0.078428 0.021505
13 0.628195 0.391924 0.173509 0.021505
13 0.897366 0.098925 0.053447 0.021505
13 0.474535 0.266667 0.093532 0.258065
13 0.729280 0.515054 0.007746 0.169892
11 0.718435 0.553610 0.009295 0.049770
