0 0.033824 0.109635 0.022059 0.049834
11 0.033824 0.150436 0.308075 0.038829
3 0.114706 0.109635 0.073529 0.132890
11 0.114706 0.110050 0.062111 0.042359
4 0.225000 0.109635 0.029412 0.066445
11 0.230147 0.023671 0.104653 0.042359
3 0.346324 0.109635 0.073529 0.132890
11 0.346324 0.117525 0.091040 0.127076
2 0.225000 0.481728 0.020588 0.046512
3 0.451471 0.109635 0.073529 0.132890
11 0.451471 0.117525 0.085084 0.127076
1 0.655147 0.109635 0.022059 0.049834
11 0.655147 0.150436 0.097492 0.038829
1 0.655147 0.284053 0.022059 0.049834
11 0.655147 0.324855 0.142728 0.038829
3 0.655147 0.524917 0.073529 0.132890
11 0.655147 0.529070 0.075725 0.084718
4 0.655147 0.699336 0.029412 0.066445
11 0.655882 0.754568 0.147195 0.042359
2 0.985294 0.375415 0.020588 0.046512
1 0.555882 0.458472 0.022059 0.049834
11 0.475000 0.515885 0.304175 0.038829
3 0.890441 0.375415 0.073529 0.132890
11 0.890441 0.379568 0.054454 0.084718
4 0.791176 0.375415 0.029412 0.066445
2 0.761029 0.897010 0.020588 0.046512
11 0.761029 0.936150 0.209803 0.038829
3 0.791176 0.109635 0.073529 0.132890
11 0.791176 0.113787 0.073172 0.084718
4 0.655147 0.897010 0.029412 0.066445
13 0.061397 0.109635 0.036029 0.016611
13 0.225179 0.300664 0.007353 0.322259
11 0.215010 0.117590 0.017685 0.081787
13 0.274632 0.110127 0.072794 0.016611
11 0.249486 0.090792 0.016791 0.042474
13 0.180882 0.110131 0.061765 0.016611
13 0.398897 0.109635 0.034559 0.016611
13 0.514706 0.110136 0.055882 0.016611
13 0.607353 0.110036 0.076471 0.016611
13 0.600184 0.213455 0.090809 0.147841
13 0.655365 0.628738 0.007353 0.081395
13 0.829779 0.375925 0.050735 0.016611
13 0.655147 0.383721 0.007353 0.156146
13 0.730699 0.554402 0.124632 0.298173
11 0.701029 0.681478 0.016765 0.042359
13 0.710294 0.109635 0.091176 0.016611
13 0.791383 0.259136 0.007353 0.172757
13 0.951103 0.375415 0.050735 0.016611
13 0.556062 0.288206 0.007353 0.297342
13 0.710294 0.897409 0.083824 0.016611
13 0.655515 0.798173 0.007353 0.137874
11 0.670273 0.824336 0.025840 0.042359
13 0.598162 0.690615 0.087500 0.421096
