0 0.041415 0.191432 0.025884 0.040161
11 0.041415 0.224314 0.107078 0.031292
3 0.149267 0.191432 0.086281 0.107095
11 0.149267 0.191767 0.072883 0.034137
3 0.342537 0.188755 0.086281 0.107095
11 0.342537 0.192102 0.113817 0.068273
3 0.809318 0.847390 0.086281 0.107095
11 0.809318 0.850736 0.063897 0.068273
3 0.576359 0.124498 0.086281 0.107095
11 0.576359 0.130857 0.106829 0.102410
3 0.576359 0.365462 0.086281 0.107095
11 0.576359 0.365797 0.088857 0.034137
4 0.239862 0.191432 0.034513 0.053548
3 0.342537 0.526104 0.086281 0.107095
11 0.342537 0.529451 0.072883 0.068273
3 0.576359 0.546185 0.086281 0.107095
11 0.576359 0.549531 0.088857 0.068273
4 0.576359 0.659973 0.034513 0.053548
11 0.651313 0.685074 0.197683 0.034137
3 0.809318 0.659973 0.086281 0.107095
11 0.809318 0.666332 0.086861 0.102410
2 0.907679 0.659973 0.024159 0.037483
2 0.809318 0.973226 0.024159 0.037483
4 0.809318 0.124498 0.034513 0.053548
3 0.718723 0.124498 0.086281 0.107095
11 0.718723 0.127845 0.085862 0.068273
1 0.342537 0.365462 0.025884 0.040161
11 0.342537 0.398343 0.114400 0.031292
1 0.468507 0.151272 0.025884 0.040161
11 0.468507 0.184153 0.086944 0.031292
3 0.951682 0.546185 0.086281 0.107095
11 0.951682 0.549531 0.072883 0.068273
13 0.080242 0.191432 0.055220 0.013387
13 0.207506 0.191861 0.033650 0.013387
13 0.503236 0.532798 0.529336 0.634538
13 0.575928 0.686747 0.383952 0.326640
13 0.459448 0.277108 0.150992 0.182062
13 0.576359 0.455823 0.008628 0.078983
13 0.576624 0.616466 0.008628 0.038822
13 0.679896 0.661638 0.176014 0.013387
11 0.610636 0.646254 0.030557 0.035658
13 0.671484 0.767068 0.192839 0.165997
11 0.564711 0.671519 0.020708 0.030723
13 0.874029 0.659973 0.046592 0.013387
13 0.809318 0.927711 0.008628 0.058902
13 0.647541 0.124498 0.059534 0.013387
13 0.776963 0.124926 0.033650 0.013387
13 0.809545 0.378849 0.008628 0.460509
11 0.797588 0.099271 0.020814 0.280938
13 0.342537 0.293842 0.008628 0.108434
13 0.342537 0.429050 0.008628 0.092369
13 0.420621 0.170013 0.073339 0.042838
13 0.507334 0.137885 0.055220 0.032129
13 0.880500 0.696787 0.145815 0.199465
13 0.880716 0.321954 0.145384 0.346720
11 0.797670 0.111840 0.020708 0.195310
13 0.278257 0.192102 0.045729 0.013387
