8 0.499870 0.500050 0.991155 0.984695
9 0.510739 0.337501 0.969416 0.659598
9 0.510739 0.829849 0.969416 0.325098
0 0.053233 0.126138 0.021739 0.039012
4 0.244705 0.126138 0.028986 0.052016
3 0.353400 0.126138 0.072464 0.104031
3 0.462096 0.126138 0.072464 0.104031
3 0.244705 0.520938 0.072464 0.104031
1 0.578038 0.126138 0.021739 0.039012
1 0.523690 0.126138 0.021739 0.039012
1 0.578038 0.282185 0.021739 0.039012
3 0.668618 0.126138 0.072464 0.104031
3 0.804022 0.126138 0.072464 0.104031
3 0.872352 0.438231 0.072464 0.104031
1 0.578038 0.438231 0.021739 0.039012
4 0.872352 0.126138 0.028986 0.052016
2 0.973913 0.126138 0.020290 0.036411
4 0.738880 0.282185 0.028986 0.052016
4 0.738880 0.126138 0.028986 0.052016
4 0.738880 0.438231 0.028986 0.052016
2 0.430717 0.591886 0.020290 0.036411
13 0.288183 0.126529 0.060870 0.013004
13 0.244898 0.310534 0.007246 0.321978
13 0.550864 0.126138 0.035507 0.013004
13 0.545429 0.213914 0.046377 0.141743
13 0.545429 0.291938 0.046377 0.297789
13 0.505574 0.126138 0.017391 0.013004
13 0.610647 0.126138 0.046377 0.013004
13 0.714619 0.126561 0.022437 0.013004
13 0.407748 0.126138 0.039130 0.013004
13 0.872549 0.269181 0.007246 0.239272
13 0.849056 0.126564 0.020504 0.013004
13 0.350754 0.573642 0.142535 0.041689
13 0.353400 0.126138 0.007246 0.013004
13 0.760581 0.126574 0.017315 0.013004
13 0.739243 0.204161 0.007246 0.109233
13 0.656648 0.438231 0.138379 0.013004
13 0.794747 0.438611 0.085645 0.013004
13 0.739243 0.360208 0.007246 0.109233
13 0.357880 0.508774 0.007246 0.321941
13 0.546835 0.540669 0.060596 0.483159
13 0.656648 0.282185 0.138379 0.013004
13 0.578038 0.126138 0.007246 0.013004
13 0.925306 0.126138 0.079822 0.013004
13 0.147157 0.126138 0.169008 0.013004
11 0.036667 0.829649 0.010145 0.021680
11 0.036667 0.337451 0.010145 0.107140
11 0.052972 0.155917 0.030582 0.015605
11 0.245669 0.081795 0.063802 0.015605
11 0.353623 0.125618 0.059303 0.055657
11 0.462319 0.125618 0.059386 0.055657
11 0.244928 0.520936 0.047124 0.036931
11 0.578957 0.089597 0.065161 0.015605
11 0.579070 0.333550 0.047996 0.032770
11 0.668841 0.125618 0.061628 0.018205
11 0.804348 0.125618 0.047124 0.036931
11 0.873309 0.437711 0.050260 0.055657
11 0.577929 0.476593 0.063104 0.032770
11 0.800914 0.265930 0.048205 0.032770
11 0.268705 0.107802 0.008424 0.015605
11 0.728850 0.218336 0.008424 0.015605
11 0.729212 0.275553 0.016395 0.015605
