0 0.053800 0.106000 0.020175 0.060000
3 0.137861 0.106000 0.067249 0.160000
3 0.430397 0.106000 0.067249 0.160000
3 0.317754 0.356491 0.067249 0.160000
1 0.608608 0.356000 0.020175 0.060000
3 0.741426 0.356491 0.067249 0.160000
3 0.877606 0.356491 0.067249 0.160000
1 0.531271 0.846000 0.020175 0.060000
3 0.642233 0.846000 0.067249 0.160000
4 0.739744 0.846000 0.026900 0.080000
3 0.877606 0.846000 0.067249 0.160000
3 0.739744 0.596000 0.067249 0.160000
1 0.608608 0.596000 0.020175 0.060000
3 0.430397 0.356491 0.067249 0.160000
2 0.531271 0.106000 0.018830 0.056000
2 0.971083 0.356491 0.018830 0.056000
2 0.971083 0.846000 0.018830 0.056000
2 0.971083 0.596000 0.018830 0.056000
4 0.225286 0.106000 0.026900 0.080000
13 0.084062 0.106000 0.043040 0.020000
13 0.374075 0.356491 0.048083 0.020000
13 0.663248 0.356202 0.091796 0.020000
13 0.571621 0.356480 0.056490 0.020000
13 0.191661 0.106613 0.043040 0.020000
13 0.254876 0.257245 0.061197 0.230491
13 0.809516 0.356491 0.071621 0.020000
13 0.531436 0.606000 0.006725 0.428000
13 0.574983 0.846000 0.069939 0.020000
13 0.701076 0.846601 0.053127 0.020000
13 0.798588 0.846575 0.093477 0.020000
13 0.739939 0.741000 0.006725 0.138000
13 0.317754 0.106464 0.160726 0.020000
13 0.565064 0.496000 0.069603 0.208000
13 0.662408 0.596000 0.090114 0.020000
13 0.490921 0.356795 0.056490 0.020000
13 0.492939 0.106000 0.060525 0.020000
13 0.936449 0.356491 0.053127 0.020000
13 0.936449 0.846000 0.053127 0.020000
13 0.867518 0.596000 0.190989 0.020000
11 0.033026 0.179000 0.057982 0.050400
11 0.137861 0.105200 0.054498 0.028000
11 0.430397 0.105200 0.034757 0.056800
11 0.318090 0.355200 0.055036 0.056800
11 0.608482 0.415000 0.042787 0.050400
11 0.741762 0.355200 0.038578 0.056800
11 0.877606 0.355200 0.034757 0.056800
11 0.532548 0.905000 0.044248 0.050400
11 0.643244 0.845200 0.048209 0.056800
11 0.750615 0.959000 0.047295 0.050400
11 0.877606 0.845200 0.034757 0.056800
11 0.740529 0.595200 0.046644 0.085600
11 0.608300 0.655000 0.058563 0.050400
11 0.431409 0.355200 0.054945 0.085600
11 0.531066 0.163000 0.049355 0.050400
11 0.970878 0.413000 0.049355 0.050400
11 0.970878 0.903000 0.049355 0.050400
11 0.971613 0.666200 0.042756 0.076800
11 0.253672 0.041000 0.051393 0.050400
11 0.216532 0.023800 0.037636 0.024000
11 0.761790 0.817800 0.006431 0.024000
11 0.757497 0.757800 0.013986 0.024000
11 0.312481 0.141800 0.057376 0.024000
