1 0.024233 0.146067 0.014837 0.067416
3 0.078635 0.146067 0.049456 0.179775
4 0.135509 0.146067 0.019782 0.089888
3 0.192384 0.382022 0.049456 0.179775
3 0.269041 0.382022 0.049456 0.179775
4 0.635015 0.379775 0.019782 0.089888
3 0.691889 0.379775 0.049456 0.179775
4 0.838773 0.660674 0.019782 0.089888
3 0.780910 0.662921 0.049456 0.179775
3 0.839268 0.896629 0.049456 0.179775
4 0.527448 0.382022 0.019782 0.089888
3 0.584322 0.382022 0.049456 0.179775
3 0.470574 0.382022 0.049456 0.179775
3 0.927794 0.379775 0.049456 0.179775
3 0.672107 0.662921 0.049456 0.179775
4 0.728981 0.662921 0.019782 0.089888
4 0.866469 0.379775 0.019782 0.089888
2 0.981701 0.379775 0.013848 0.062921
2 0.896142 0.896629 0.013848 0.062921
1 0.348788 0.382022 0.014837 0.067416
13 0.042779 0.146067 0.024233 0.022472
13 0.114491 0.146773 0.024233 0.022472
13 0.151706 0.286517 0.033877 0.200000
13 0.230712 0.382022 0.029179 0.022472
13 0.656034 0.380487 0.024233 0.022472
13 0.838972 0.756180 0.004946 0.110112
13 0.506429 0.382728 0.024233 0.022472
13 0.548467 0.382734 0.024233 0.022472
13 0.617087 0.381300 0.018051 0.022472
13 0.786597 0.380384 0.141939 0.022472
13 0.641320 0.543820 0.014095 0.247191
13 0.707962 0.662921 0.024233 0.022472
13 0.747527 0.662921 0.019288 0.022472
13 0.817260 0.662219 0.025223 0.022472
13 0.771884 0.802247 0.087290 0.197753
13 0.857690 0.543258 0.020030 0.246067
13 0.889713 0.379775 0.028684 0.022472
13 0.963650 0.379775 0.024233 0.022472
13 0.876607 0.896629 0.027201 0.022472
13 0.434718 0.382734 0.024233 0.022472
13 0.467449 0.505618 0.121482 0.166292
13 0.505517 0.241330 0.722212 0.197268
13 0.317569 0.382022 0.049580 0.022472
13 0.380007 0.382561 0.049580 0.022472
11 0.025045 0.212360 0.044155 0.056629
11 0.079380 0.145169 0.026065 0.096180
11 0.141757 0.041573 0.025354 0.056629
11 0.192384 0.381124 0.041394 0.096180
11 0.269454 0.381124 0.033661 0.063820
11 0.640393 0.304494 0.034496 0.056629
11 0.691889 0.378876 0.028371 0.063820
11 0.842811 0.533708 0.034781 0.056629
11 0.781654 0.662022 0.035454 0.063820
11 0.840015 0.895730 0.032015 0.096180
11 0.531737 0.285169 0.040724 0.026966
11 0.585314 0.381124 0.035307 0.063820
11 0.471401 0.381124 0.030184 0.063820
11 0.927794 0.378876 0.025561 0.063820
11 0.672851 0.662022 0.035454 0.096180
11 0.729909 0.551685 0.034496 0.056629
11 0.981493 0.443820 0.030245 0.056629
11 0.349414 0.448315 0.044031 0.056629
11 0.128972 0.163820 0.004729 0.026966
11 0.651227 0.348090 0.004729 0.026966
11 0.851829 0.651461 0.010285 0.026966
11 0.543908 0.350337 0.004729 0.026966
11 0.628288 0.370562 0.010285 0.026966
11 0.745193 0.631236 0.004729 0.026966
11 0.722254 0.653708 0.010285 0.026966
11 0.854986 0.631236 0.004729 0.026966
11 0.520474 0.370562 0.010285 0.026966
