8 0.499996 0.499554 0.990874 0.976163
11 0.012918 0.499554 0.009119 0.299426
0 0.095745 0.097514 0.022796 0.057361
11 0.095745 0.140535 0.106394 0.021033
3 0.202128 0.097514 0.075988 0.152964
11 0.202128 0.093690 0.063309 0.022945
4 0.289514 0.097514 0.030395 0.076482
11 0.331198 0.129063 0.067412 0.022945
1 0.528336 0.097514 0.022796 0.057361
11 0.528336 0.140535 0.121977 0.021033
3 0.867329 0.828121 0.075988 0.152964
11 0.867329 0.824296 0.037516 0.045889
2 0.950156 0.828121 0.021277 0.053537
11 0.950156 0.869230 0.090274 0.021033
3 0.643116 0.097514 0.075988 0.152964
11 0.643116 0.093690 0.058619 0.068834
1 0.726722 0.097514 0.022796 0.057361
1 0.783742 0.441304 0.022796 0.057361
11 0.783742 0.484325 0.049973 0.021033
1 0.783742 0.097514 0.022796 0.057361
11 0.783742 0.140535 0.068780 0.021033
3 0.867329 0.097514 0.075988 0.152964
11 0.867329 0.093690 0.069171 0.045889
1 0.783742 0.278101 0.022796 0.057361
11 0.783742 0.321122 0.102632 0.021033
4 0.867329 0.278101 0.030395 0.076482
11 0.903445 0.309650 0.056274 0.022945
4 0.867329 0.616735 0.030395 0.076482
2 0.950156 0.097514 0.021277 0.053537
11 0.950156 0.138623 0.075765 0.021033
13 0.135638 0.097514 0.060030 0.019120
13 0.257219 0.098114 0.037234 0.019120
13 0.922420 0.828121 0.037234 0.019120
13 0.572428 0.097514 0.068428 0.019120
13 0.698217 0.097514 0.037253 0.019120
13 0.749533 0.283750 0.048661 0.322757
13 0.755232 0.097658 0.037263 0.019120
13 0.812238 0.097514 0.037234 0.019120
13 0.749533 0.202234 0.048661 0.159727
13 0.823636 0.278555 0.060030 0.019120
13 0.868578 0.206928 0.007599 0.073512
11 0.857940 0.205476 0.009119 0.042775
13 0.867554 0.703307 0.007599 0.104311
13 0.831425 0.509899 0.075608 0.144838
13 0.922420 0.097514 0.037234 0.019120
13 0.868144 0.446975 0.007599 0.268915
11 0.857071 0.291458 0.009119 0.019175
13 0.569881 0.377459 0.563014 0.491056
11 0.279255 0.099071 0.009119 0.042775
13 0.410825 0.097514 0.215266 0.019120
11 0.314239 0.070746 0.007620 0.022945
