8 0.247500 0.118667 0.495000 0.197333
3 0.074500 0.071795 0.029000 0.026667
4 0.113333 0.071795 0.013333 0.013333
3 0.151000 0.071795 0.033333 0.026667
3 0.284000 0.071795 0.033333 0.026667
2 0.479667 0.080462 0.009333 0.009333
3 0.284000 0.113462 0.033333 0.026667
4 0.322333 0.113462 0.013333 0.013333
3 0.409000 0.113462 0.033333 0.026667
3 0.409000 0.163462 0.033333 0.026667
1 0.251167 0.071795 0.010000 0.010000
3 0.189667 0.071795 0.033333 0.026667
4 0.453333 0.079872 0.013333 0.013333
1 0.252667 0.163462 0.010000 0.010000
4 0.322333 0.163462 0.013333 0.013333
2 0.479667 0.163462 0.009333 0.009333
0 0.040000 0.071859 0.010000 0.010000
3 0.284000 0.036795 0.033333 0.026667
1 0.252667 0.113526 0.010000 0.010000
