8 0.500000 0.500000 0.991870 0.979557
0 0.065041 0.541738 0.020325 0.051107
3 0.159892 0.541738 0.067751 0.136286
4 0.241192 0.541738 0.027100 0.068143
3 0.332656 0.541738 0.067751 0.136286
3 0.434282 0.541738 0.067751 0.136286
3 0.894986 0.814310 0.067751 0.136286
1 0.583333 0.814310 0.020325 0.051107
3 0.678184 0.814310 0.067751 0.136286
4 0.762873 0.814310 0.027100 0.068143
1 0.583333 0.541738 0.020325 0.051107
3 0.678184 0.541738 0.067751 0.136286
4 0.762873 0.541738 0.027100 0.068143
3 0.894986 0.541738 0.067751 0.136286
1 0.583333 0.235094 0.020325 0.051107
4 0.820461 0.541738 0.027100 0.068143
2 0.968835 0.541738 0.018970 0.047700
2 0.968835 0.814310 0.018970 0.047700
12 0.100610 0.541738 0.053523 0.017036
12 0.210705 0.542268 0.036585 0.017036
12 0.276762 0.542260 0.046748 0.017036
12 0.618902 0.814310 0.053523 0.017036
12 0.730691 0.814836 0.039973 0.017036
12 0.818767 0.814803 0.087398 0.017036
12 0.618902 0.541738 0.053523 0.017036
12 0.730691 0.542264 0.039973 0.017036
12 0.763211 0.678024 0.006775 0.211244
12 0.791667 0.542166 0.033198 0.017036
12 0.707148 0.371380 0.230014 0.279387
12 0.847561 0.541738 0.029810 0.017036
12 0.944106 0.541738 0.033198 0.017036
12 0.944106 0.814310 0.033198 0.017036
12 0.477304 0.542292 0.021003 0.017036
12 0.536755 0.371380 0.075542 0.279387
12 0.543360 0.542148 0.062331 0.017036
12 0.536755 0.695060 0.075542 0.245315
12 0.502371 0.751278 0.524390 0.357751
12 0.383469 0.541738 0.036585 0.017036
