0 0.022865 0.338942 0.020175 0.072115
3 0.096839 0.338942 0.067249 0.192308
4 0.177539 0.338942 0.026900 0.096154
3 0.254876 0.338942 0.067249 0.192308
3 0.352387 0.338942 0.067249 0.192308
1 0.496974 0.338942 0.020175 0.072115
3 0.591123 0.338942 0.067249 0.192308
2 0.968393 0.110577 0.018830 0.067308
3 0.890383 0.110577 0.067249 0.192308
1 0.496974 0.625000 0.020175 0.072115
3 0.591123 0.625000 0.067249 0.192308
4 0.671822 0.625000 0.026900 0.096154
4 0.823806 0.110577 0.026900 0.096154
3 0.752522 0.625000 0.067249 0.192308
1 0.496974 0.879808 0.020175 0.072115
12 0.048083 0.338942 0.032952 0.024038
12 0.147276 0.339690 0.036315 0.024038
12 0.206120 0.339703 0.032952 0.024038
12 0.303631 0.338942 0.032952 0.024038
12 0.717552 0.225361 0.188299 0.236779
12 0.847007 0.111364 0.022192 0.024038
12 0.941493 0.110577 0.037660 0.024038
12 0.532280 0.338942 0.053127 0.024038
12 0.532280 0.625000 0.053127 0.024038
12 0.641560 0.625748 0.036315 0.024038
12 0.702085 0.625754 0.036315 0.024038
12 0.612979 0.757943 0.214526 0.253344
12 0.465030 0.339516 0.046402 0.024038
12 0.458473 0.506010 0.059516 0.247596
12 0.458473 0.633413 0.059516 0.502404
12 0.401143 0.339697 0.032952 0.024038
12 0.805145 0.391827 0.040686 0.475962
12 0.494116 0.201322 0.635171 0.188702
12 0.747814 0.370128 0.127774 0.432990
