8 0.474545 0.500000 0.938182 0.977444
11 0.015455 0.500000 0.021818 0.184157
3 0.171818 0.124060 0.090909 0.150376
11 0.171818 0.120301 0.068026 0.045113
4 0.276364 0.124060 0.036364 0.075188
3 0.380909 0.312030 0.090909 0.150376
11 0.380909 0.308271 0.082753 0.112782
2 0.875455 0.124060 0.025455 0.052632
1 0.549091 0.312030 0.027273 0.056391
11 0.549091 0.364662 0.082286 0.041353
3 0.773636 0.312030 0.090909 0.150376
11 0.773636 0.308271 0.057506 0.067669
2 0.875455 0.312030 0.025455 0.052632
1 0.549091 0.481203 0.027273 0.056391
11 0.549091 0.533835 0.057214 0.041353
3 0.649091 0.481203 0.090909 0.150376
11 0.649091 0.477444 0.051195 0.045113
2 0.875455 0.481203 0.025455 0.052632
3 0.771818 0.124060 0.090909 0.150376
11 0.771818 0.120301 0.044883 0.045113
1 0.550909 0.669173 0.027273 0.056391
11 0.550909 0.721805 0.057214 0.041353
4 0.623636 0.669173 0.036364 0.075188
3 0.771818 0.669173 0.090909 0.150376
11 0.771818 0.665414 0.044883 0.045113
3 0.771818 0.866541 0.090909 0.150376
11 0.771818 0.862782 0.057506 0.067669
2 0.875455 0.866541 0.025455 0.052632
2 0.875455 0.669173 0.025455 0.052632
0 0.071818 0.124060 0.027273 0.056391
11 0.071818 0.187030 0.048857 0.062030
3 0.773636 0.481203 0.090909 0.150376
11 0.773636 0.477444 0.044883 0.045113
12 0.380909 0.706767 0.090909 0.093985
11 0.356623 0.701128 0.035065 0.022556
12 0.949091 0.763158 0.090909 0.093985
11 0.932519 0.757519 0.050494 0.045113
13 0.306136 0.236842 0.062273 0.157895
11 0.290767 0.349624 0.051195 0.045113
13 0.444545 0.312351 0.040000 0.018797
13 0.448123 0.498494 0.178299 0.330080
13 0.583182 0.481203 0.044545 0.018797
13 0.517273 0.312472 0.040000 0.018797
13 0.508182 0.415414 0.058182 0.139098
13 0.509091 0.509398 0.060000 0.327068
13 0.585000 0.669611 0.044545 0.018797
13 0.510455 0.124060 0.435455 0.018797
11 0.360996 0.097744 0.119221 0.022556
13 0.675227 0.786654 0.105909 0.167293
11 0.659329 0.915414 0.067325 0.067669
13 0.684091 0.669731 0.088182 0.018797
11 0.686327 0.631579 0.067325 0.045113
13 0.840909 0.312030 0.047273 0.018797
13 0.840000 0.124060 0.049091 0.018797
13 0.840000 0.669173 0.049091 0.018797
13 0.840000 0.866541 0.049091 0.018797
13 0.237727 0.124650 0.044545 0.018797
13 0.105909 0.124060 0.044545 0.018797
13 0.645455 0.312030 0.169091 0.018797
13 0.711364 0.481203 0.037273 0.018797
13 0.840909 0.481203 0.047273 0.018797
13 0.860455 0.796246 0.090000 0.076012
