3 0.115013 0.147959 0.087796 0.204082
4 0.215979 0.147959 0.035119 0.102041
3 0.904302 0.871415 0.087796 0.204082
3 0.215979 0.438776 0.087796 0.204082
3 0.343284 0.438776 0.087796 0.204082
1 0.492537 0.438776 0.026339 0.076531
1 0.492537 0.655612 0.026339 0.076531
3 0.606673 0.438776 0.087796 0.204082
4 0.700175 0.438776 0.035119 0.102041
3 0.781387 0.655612 0.087796 0.204082
4 0.700175 0.655612 0.035119 0.102041
3 0.606672 0.871998 0.087796 0.204082
4 0.700175 0.872449 0.035119 0.102041
1 0.492537 0.871415 0.026339 0.076531
0 0.035996 0.147959 0.026339 0.076531
2 0.982441 0.871415 0.024583 0.071429
2 0.861282 0.655612 0.024583 0.071429
3 0.343284 0.147959 0.087796 0.204082
2 0.421422 0.147959 0.024583 0.071429
12 0.178665 0.148760 0.043020 0.025510
12 0.959175 0.871415 0.025461 0.025510
12 0.279631 0.438776 0.043020 0.025510
12 0.398156 0.439610 0.025461 0.025510
12 0.461809 0.439375 0.038630 0.025510
12 0.534241 0.438776 0.060579 0.025510
12 0.700614 0.547194 0.008780 0.125000
12 0.727612 0.656461 0.023266 0.025510
12 0.266462 0.148732 0.069359 0.025510
12 0.837138 0.655612 0.027217 0.025510
12 0.216238 0.267857 0.008780 0.147959
12 0.666593 0.873099 0.035558 0.025510
12 0.534240 0.871415 0.060579 0.025510
12 0.666593 0.439589 0.035557 0.025510
12 0.398156 0.147959 0.025461 0.025510
12 0.789069 0.871998 0.146181 0.025510
12 0.700614 0.764031 0.008780 0.125000
12 0.449078 0.680605 0.064091 0.391823
12 0.456980 0.572704 0.048288 0.176020
12 0.811018 0.604712 0.190079 0.339527
12 0.594161 0.655612 0.180421 0.025510
12 0.060140 0.147959 0.025461 0.025510
