8 0.186500 0.130500 0.373000 0.261000
9 0.191500 0.088833 0.363000 0.177667
9 0.191500 0.219333 0.363000 0.083333
0 0.035000 0.025000 0.010000 0.010000
3 0.071667 0.025000 0.033333 0.026667
4 0.105000 0.025000 0.013333 0.013333
3 0.135000 0.069000 0.033333 0.026667
3 0.135000 0.110667 0.033333 0.026667
3 0.341667 0.025032 0.033333 0.026667
3 0.226667 0.069000 0.033333 0.026667
4 0.306667 0.025032 0.013333 0.013333
3 0.226667 0.110667 0.033333 0.026667
1 0.170000 0.069000 0.010000 0.010000
1 0.170000 0.110667 0.010000 0.010000
4 0.261667 0.110667 0.013333 0.013333
3 0.341667 0.143333 0.033333 0.026667
1 0.135000 0.150000 0.010000 0.010000
5 0.191667 0.069000 0.013333 0.013333
3 0.226667 0.150000 0.033333 0.026667
4 0.261833 0.143333 0.013333 0.013333
5 0.196667 0.110667 0.013333 0.013333
4 0.191667 0.150000 0.013333 0.013333
