3 0.110072 0.135447 0.071942 0.230548
4 0.192806 0.135447 0.028777 0.115274
3 0.275540 0.135447 0.071942 0.230548
1 0.520144 0.135447 0.021583 0.086455
3 0.599281 0.135447 0.071942 0.230548
3 0.890647 0.135447 0.071942 0.230548
1 0.520144 0.495677 0.021583 0.086455
3 0.599281 0.495677 0.071942 0.230548
4 0.682014 0.495677 0.028777 0.115274
3 0.682014 0.855908 0.071942 0.230548
3 0.381295 0.132565 0.071942 0.230548
0 0.030935 0.135447 0.021583 0.086455
1 0.520144 0.855908 0.021583 0.086455
2 0.969065 0.135447 0.020144 0.080692
4 0.807914 0.135447 0.028777 0.115274
4 0.809353 0.495677 0.028777 0.115274
13 0.057914 0.135447 0.035252 0.028818
13 0.162230 0.136351 0.035252 0.028818
13 0.223381 0.136359 0.035252 0.028818
13 0.328417 0.134006 0.036691 0.028818
13 0.495953 0.135447 0.029676 0.028818
13 0.547122 0.135447 0.035252 0.028818
13 0.488850 0.344380 0.043883 0.314121
13 0.547122 0.495677 0.035252 0.028818
13 0.651439 0.496582 0.035252 0.028818
13 0.682224 0.646974 0.007194 0.198847
13 0.588489 0.855908 0.117986 0.028818
13 0.942806 0.135447 0.035252 0.028818
13 0.488939 0.524496 0.043705 0.674352
13 0.435522 0.134726 0.039388 0.028818
13 0.714388 0.136240 0.161151 0.028818
13 0.500360 0.000000 0.613669 0.272964
13 0.838489 0.136359 0.035252 0.028818
13 0.763849 0.704611 0.094604 0.314121
13 0.745683 0.497118 0.101439 0.028818
13 0.809518 0.315562 0.007194 0.256484
11 0.110072 0.134294 0.041023 0.040346
11 0.230812 0.343228 0.055868 0.110663
11 0.275540 0.134294 0.058876 0.123343
11 0.520284 0.201441 0.044885 0.034582
11 0.599281 0.134294 0.041270 0.081844
11 0.890647 0.134294 0.037182 0.081844
11 0.520414 0.561671 0.045144 0.034582
11 0.600363 0.494524 0.051574 0.081844
11 0.744722 0.563401 0.050596 0.072622
11 0.683099 0.854755 0.059116 0.123343
11 0.381295 0.131412 0.056614 0.123343
11 0.031149 0.239481 0.053665 0.110663
11 0.519814 0.940922 0.062650 0.072622
11 0.968846 0.217579 0.052799 0.072622
11 0.216389 0.094813 0.006879 0.034582
11 0.673668 0.619308 0.014962 0.034582
