0 0.026187 0.096234 0.016367 0.062762
11 0.026187 0.154812 0.045137 0.046025
3 0.110747 0.096234 0.054555 0.167364
11 0.110747 0.092050 0.030722 0.025105
3 0.252864 0.595188 0.090562 0.167364
11 0.252864 0.591004 0.066074 0.050209
3 0.903983 0.294979 0.054555 0.167364
11 0.903983 0.290795 0.026935 0.050209
3 0.581560 0.595188 0.054555 0.167364
11 0.581560 0.591004 0.037456 0.050209
3 0.762139 0.895397 0.054555 0.167364
11 0.762139 0.891213 0.036614 0.075314
3 0.581560 0.294979 0.054555 0.167364
11 0.581560 0.290795 0.030722 0.050209
2 0.979814 0.295122 0.015276 0.058577
11 0.979814 0.340101 0.058253 0.023013
4 0.182215 0.096234 0.021822 0.083682
11 0.182215 0.025105 0.074071 0.025105
3 0.356247 0.595188 0.054555 0.167364
11 0.356247 0.591004 0.042086 0.075314
1 0.487179 0.895397 0.016367 0.062762
11 0.487179 0.942469 0.079472 0.023013
1 0.487179 0.294979 0.016367 0.062762
11 0.487179 0.342050 0.058253 0.023013
1 0.487179 0.595188 0.016367 0.062762
11 0.487179 0.642259 0.070599 0.023013
4 0.824877 0.295122 0.021822 0.083682
4 0.683033 0.595188 0.021822 0.083682
11 0.683033 0.511506 0.043769 0.050209
4 0.683033 0.895397 0.021822 0.083682
13 0.058920 0.096234 0.051282 0.020921
13 0.154664 0.096875 0.035461 0.020921
13 0.951718 0.295069 0.043099 0.020921
13 0.195035 0.366632 0.027278 0.465481
11 0.174569 0.454010 0.005471 0.025105
13 0.313557 0.595188 0.033006 0.020921
13 0.395799 0.595845 0.026732 0.020921
13 0.449127 0.424163 0.061920 0.266736
13 0.524823 0.294979 0.061102 0.020921
13 0.856247 0.295699 0.043099 0.020921
13 0.449127 0.766213 0.061920 0.266736
13 0.454446 0.595692 0.051282 0.020921
13 0.524823 0.595188 0.061102 0.020921
13 0.640480 0.595794 0.065466 0.020921
13 0.714403 0.896031 0.043099 0.020921
13 0.583743 0.895913 0.178942 0.020921
13 0.509138 0.175281 0.634206 0.164369
11 0.338579 0.071374 0.012205 0.025105
13 0.683306 0.745293 0.005456 0.224895
11 0.693500 0.708837 0.012205 0.025105
13 0.711402 0.295613 0.207310 0.020921
13 0.810284 0.616180 0.043917 0.566803
13 0.756077 0.466599 0.126447 0.267640
11 0.727473 0.563808 0.005471 0.025105
