8 0.179167 0.092167 0.348333 0.154333
0 0.041667 0.056667 0.010000 0.010000
3 0.078333 0.056667 0.033333 0.026667
4 0.110000 0.056667 0.013333 0.013333
2 0.328000 0.032333 0.009333 0.009333
3 0.148333 0.056667 0.033333 0.026667
1 0.185000 0.056667 0.010000 0.010000
1 0.210000 0.056667 0.010000 0.010000
1 0.210000 0.092000 0.010000 0.010000
2 0.328000 0.056667 0.009333 0.009333
3 0.246667 0.092000 0.033333 0.026667
2 0.328000 0.092000 0.009333 0.009333
1 0.210000 0.126667 0.010000 0.010000
3 0.246667 0.126667 0.033333 0.026667
4 0.285000 0.126667 0.013333 0.013333
2 0.328000 0.126667 0.009333 0.009333
2 0.328000 0.151000 0.009333 0.009333
3 0.246667 0.056667 0.033333 0.026667
