0 0.030675 0.051919 0.023006 0.033860
11 0.030675 0.077314 0.091647 0.012415
3 0.115031 0.051919 0.076687 0.090293
11 0.115031 0.049661 0.062708 0.027088
4 0.230061 0.051919 0.030675 0.045147
11 0.240031 0.014673 0.086372 0.013544
1 0.230061 0.187359 0.023006 0.033860
11 0.230061 0.212754 0.145333 0.012415
1 0.456288 0.943567 0.023006 0.033860
11 0.456288 0.968962 0.111711 0.012415
3 0.230637 0.334086 0.076687 0.090293
11 0.230637 0.331828 0.059159 0.027088
1 0.456288 0.334086 0.023006 0.033860
11 0.456288 0.359481 0.110084 0.012415
3 0.655675 0.334086 0.076687 0.090293
11 0.655675 0.331828 0.043186 0.027088
1 0.456288 0.762980 0.023006 0.033860
11 0.456288 0.788375 0.059652 0.012415
3 0.575153 0.762980 0.076687 0.090293
11 0.575153 0.760722 0.052651 0.027088
4 0.701687 0.762980 0.030675 0.045147
11 0.713957 0.724605 0.117134 0.013544
3 0.701687 0.943567 0.076687 0.090293
11 0.701687 0.941309 0.052060 0.040632
3 0.851227 0.051919 0.076687 0.090293
11 0.851227 0.049661 0.059750 0.013544
2 0.984663 0.051919 0.021472 0.031603
11 0.985429 0.020880 0.018980 0.012415
13 0.059433 0.051919 0.037577 0.011287
13 0.184049 0.052256 0.064417 0.011287
13 0.230061 0.122460 0.007669 0.100451
11 0.219325 0.059266 0.009202 0.011319
13 0.230294 0.246614 0.007669 0.089165
13 0.293616 0.334430 0.052338 0.011287
13 0.396856 0.334360 0.098926 0.011287
13 0.389379 0.559819 0.113880 0.410835
13 0.502301 0.762980 0.072086 0.011287
13 0.649923 0.763312 0.075920 0.011287
13 0.701903 0.841986 0.007669 0.117381
11 0.691242 0.763925 0.009256 0.025292
13 0.931748 0.051919 0.087423 0.011287
13 0.753451 0.193002 0.121933 0.286682
13 0.764954 0.407731 0.098926 0.716140
11 0.727005 0.747743 0.007691 0.013544
13 0.862347 0.505643 0.247699 0.880361
13 0.565567 0.943567 0.198620 0.011287
13 0.389475 0.650113 0.113688 0.591422
13 0.529141 0.052212 0.570552 0.011287
11 0.260097 0.036655 0.017162 0.013560
13 0.542561 0.334086 0.152607 0.011287
