8 0.500000 0.500000 0.991655 0.983827
0 0.045897 0.176550 0.020862 0.040431
11 0.045897 0.134939 0.076714 0.063005
3 0.132823 0.176550 0.069541 0.107817
11 0.132823 0.179919 0.069203 0.068733
4 0.226704 0.176550 0.027816 0.053908
3 0.320584 0.729111 0.069541 0.107817
11 0.320584 0.735512 0.075641 0.103100
3 0.445758 0.729111 0.069541 0.107817
11 0.445758 0.735512 0.080469 0.103100
3 0.769124 0.580863 0.069541 0.107817
11 0.769124 0.584232 0.071617 0.068733
3 0.570932 0.338275 0.069541 0.107817
11 0.570932 0.341644 0.069203 0.068733
1 0.570932 0.553908 0.020862 0.040431
11 0.526128 0.554666 0.088516 0.031503
1 0.671766 0.580863 0.020862 0.040431
11 0.671766 0.543885 0.102531 0.031503
4 0.845619 0.580863 0.027816 0.053908
3 0.949930 0.580863 0.069541 0.107817
11 0.949930 0.587264 0.095758 0.103100
2 0.963143 0.176550 0.019471 0.037736
11 0.963143 0.140920 0.095154 0.031503
1 0.769124 0.729111 0.020862 0.040431
11 0.769124 0.762214 0.154165 0.031503
1 0.671766 0.580863 0.020862 0.040431
13 0.077191 0.176550 0.044506 0.013477
13 0.190195 0.176960 0.047983 0.013477
13 0.383171 0.729111 0.058414 0.013477
13 0.571098 0.638140 0.006954 0.133423
13 0.570932 0.462938 0.006954 0.146900
13 0.708275 0.580863 0.054937 0.013477
13 0.817803 0.581289 0.030598 0.013477
13 0.887344 0.581268 0.058414 0.013477
11 0.872410 0.623625 0.077250 0.068733
13 0.597010 0.176885 0.715577 0.013477
11 0.646872 0.160066 0.140016 0.034367
13 0.256433 0.466307 0.061544 0.530997
11 0.184234 0.447695 0.108633 0.034367
13 0.518776 0.729111 0.079277 0.013477
13 0.623088 0.653005 0.079277 0.118757
13 0.671766 0.729442 0.176634 0.013477
13 0.864743 0.681941 0.173157 0.099730
13 0.779555 0.252251 0.350487 0.148764
13 0.905822 0.374663 0.106505 0.363881
11 0.868548 0.383787 0.077250 0.034367
