0 0.031322 0.335025 0.022918 0.076142
11 0.031322 0.397367 0.080222 0.059327
3 0.115355 0.335025 0.076394 0.203046
11 0.115355 0.335660 0.064531 0.064721
4 0.218487 0.335025 0.030558 0.101523
11 0.240642 0.432107 0.148510 0.064721
3 0.333079 0.335025 0.076394 0.203046
11 0.333079 0.341371 0.100775 0.129442
2 0.966769 0.335938 0.021390 0.071066
11 0.966769 0.395741 0.136134 0.059327
3 0.585180 0.335025 0.076394 0.203046
11 0.585180 0.335660 0.099007 0.064721
1 0.489687 0.335688 0.022918 0.076142
11 0.489687 0.398029 0.122359 0.059327
1 0.489687 0.601523 0.022918 0.076142
11 0.489687 0.663864 0.092377 0.059327
3 0.585180 0.602185 0.076394 0.203046
11 0.585180 0.608530 0.078675 0.129442
4 0.680176 0.602185 0.030558 0.101523
11 0.691635 0.686576 0.175030 0.064721
1 0.489688 0.906091 0.022918 0.076142
11 0.489688 0.968433 0.081032 0.059327
4 0.745608 0.602028 0.030558 0.101523
3 0.827884 0.601523 0.076394 0.203046
11 0.827884 0.607868 0.099007 0.129442
4 0.888159 0.335938 0.030558 0.101523
13 0.059969 0.335025 0.037433 0.025381
13 0.178380 0.335798 0.052712 0.025381
13 0.264324 0.335789 0.064171 0.025381
11 0.243920 0.306211 0.017448 0.064915
13 0.378915 0.335867 0.018335 0.025381
13 0.447670 0.335979 0.064172 0.025381
13 0.524064 0.335449 0.048892 0.025381
13 0.440222 0.493655 0.079069 0.225888
13 0.524064 0.601761 0.048892 0.025381
13 0.644137 0.602970 0.044576 0.025381
13 0.712892 0.603376 0.037930 0.025381
11 0.710388 0.573568 0.026854 0.064811
13 0.440222 0.645939 0.079069 0.530457
13 0.623568 0.779440 0.247899 0.263455
13 0.775287 0.602662 0.031856 0.025381
13 0.877311 0.494111 0.025516 0.224976
13 0.929756 0.336538 0.055691 0.025381
13 0.553705 0.150202 0.672727 0.280100
11 0.208174 0.245604 0.018335 0.124819
13 0.748128 0.335516 0.252559 0.025381
13 0.776719 0.444315 0.195378 0.224369
11 0.669862 0.522553 0.018335 0.058249
