0 0.021816 0.374690 0.021112 0.074442
3 0.130894 0.374690 0.070373 0.198511
4 0.225897 0.374690 0.028149 0.099256
3 0.331457 0.374690 0.070373 0.198511
3 0.433498 0.374690 0.070373 0.198511
3 0.225897 0.114144 0.070373 0.198511
2 0.331457 0.114144 0.019704 0.069479
1 0.570725 0.374690 0.021112 0.074442
1 0.570725 0.622829 0.021112 0.074442
1 0.570725 0.885856 0.021112 0.074442
3 0.679803 0.374690 0.070373 0.198511
3 0.679803 0.622829 0.070373 0.198511
4 0.770584 0.622829 0.028149 0.099256
3 0.880366 0.622829 0.070373 0.198511
2 0.985925 0.622829 0.019704 0.069479
3 0.880366 0.885856 0.070373 0.198511
4 0.770936 0.885856 0.028149 0.099256
13 0.064039 0.374690 0.066151 0.024814
13 0.188951 0.375445 0.048557 0.024814
13 0.268121 0.375437 0.059113 0.024814
13 0.382477 0.374690 0.034483 0.024814
13 0.226106 0.269231 0.007037 0.121588
13 0.291344 0.114144 0.063336 0.024814
13 0.484518 0.375469 0.034483 0.024814
13 0.544335 0.375275 0.034483 0.024814
13 0.537474 0.523573 0.048205 0.208437
13 0.537474 0.655087 0.048205 0.471464
13 0.612949 0.374690 0.066151 0.024814
13 0.612949 0.622829 0.066151 0.024814
13 0.735749 0.623590 0.044335 0.024814
13 0.814919 0.623571 0.063336 0.024814
13 0.945813 0.622829 0.063336 0.024814
13 0.771110 0.754342 0.007037 0.173697
13 0.815095 0.886598 0.062984 0.024814
13 0.669071 0.886464 0.178395 0.024814
13 0.845531 0.498759 0.263899 0.258065
13 0.945813 0.756749 0.063336 0.275524
11 0.022080 0.464268 0.035714 0.095285
11 0.131955 0.373697 0.053989 0.106203
11 0.231170 0.487593 0.059806 0.062531
11 0.331457 0.373697 0.057592 0.070471
11 0.434557 0.373697 0.057497 0.106203
11 0.225897 0.113151 0.039658 0.070471
11 0.331160 0.184864 0.043037 0.062531
11 0.570527 0.431514 0.046050 0.029777
11 0.570946 0.696030 0.042666 0.062531
11 0.570436 0.942680 0.058536 0.029777
11 0.679803 0.373697 0.048119 0.034739
11 0.680861 0.621836 0.050449 0.070471
11 0.783180 0.542184 0.046303 0.062531
11 0.880366 0.621836 0.039658 0.070471
11 0.880366 0.884864 0.053277 0.141935
11 0.263745 0.339702 0.006729 0.029777
11 0.244475 0.265261 0.014635 0.029777
11 0.793653 0.587841 0.006729 0.029777
11 0.789161 0.612655 0.014635 0.029777
