8 0.499555 0.500000 0.988424 0.977055
0 0.058771 0.250478 0.026714 0.057361
3 0.156723 0.250478 0.089047 0.152964
4 0.253785 0.252390 0.035619 0.076482
3 0.343722 0.250478 0.089047 0.152964
3 0.450579 0.254302 0.089047 0.152964
1 0.588602 0.250478 0.026714 0.057361
3 0.699911 0.252390 0.089047 0.152964
1 0.588602 0.527725 0.026714 0.057361
3 0.699911 0.527725 0.089047 0.152964
3 0.699911 0.527725 0.089047 0.152964
4 0.788068 0.527725 0.035619 0.076482
3 0.878005 0.527725 0.089047 0.152964
3 0.789849 0.864245 0.089047 0.152964
1 0.588602 0.674952 0.026714 0.057361
2 0.966162 0.254302 0.024933 0.053537
2 0.966162 0.864245 0.024933 0.053537
2 0.966162 0.527725 0.024933 0.053537
2 0.252004 0.500956 0.024933 0.053537
12 0.092164 0.250478 0.043633 0.019120
12 0.218611 0.252298 0.038290 0.019120
12 0.285396 0.252347 0.031167 0.019120
12 0.253117 0.382409 0.008905 0.191205
12 0.558771 0.252718 0.036509 0.019120
12 0.628673 0.251434 0.056990 0.019120
12 0.849065 0.253346 0.212823 0.019120
12 0.397150 0.252390 0.021371 0.019120
12 0.500890 0.254949 0.015138 0.019120
12 0.550089 0.410134 0.053874 0.242830
12 0.628673 0.527725 0.056990 0.019120
12 0.757346 0.528344 0.029386 0.019120
12 0.819679 0.528348 0.031167 0.019120
12 0.789181 0.676864 0.008905 0.229446
12 0.540071 0.483748 0.073909 0.390057
12 0.673642 0.769598 0.146928 0.196941
12 0.894034 0.864245 0.122885 0.019120
12 0.938112 0.527725 0.034728 0.019120
