8 0.500011 0.499930 0.990911 0.985874
0 0.061503 0.152681 0.022779 0.034965
3 0.145027 0.152681 0.075930 0.093240
4 0.232346 0.152681 0.030372 0.046620
2 0.861200 0.152681 0.021260 0.032634
3 0.592369 0.152681 0.075930 0.093240
3 0.232027 0.278555 0.075930 0.093240
1 0.292771 0.407168 0.022779 0.034965
3 0.405782 0.406993 0.097062 0.093240
4 0.714161 0.152681 0.030372 0.046620
4 0.438535 0.538228 0.030372 0.046620
3 0.438535 0.713928 0.075930 0.093240
1 0.232346 0.712937 0.022779 0.034965
1 0.292771 0.538228 0.022779 0.034965
2 0.861200 0.539744 0.021260 0.032634
2 0.861200 0.713928 0.021260 0.032634
13 0.089977 0.152681 0.037206 0.011655
13 0.200076 0.153046 0.037206 0.011655
13 0.400968 0.152959 0.309909 0.011655
13 0.232443 0.203963 0.007593 0.060606
13 0.232250 0.355507 0.007593 0.065326
13 0.330706 0.407109 0.056128 0.011655
13 0.664655 0.153025 0.071678 0.011655
13 0.264298 0.408377 0.037206 0.011655
13 0.438750 0.614423 0.007593 0.110431
13 0.232376 0.563957 0.007593 0.267657
13 0.322153 0.713369 0.159871 0.011655
13 0.363755 0.538228 0.122225 0.011655
13 0.263771 0.476603 0.044585 0.092949
13 0.663535 0.713928 0.377107 0.011655
13 0.789958 0.152964 0.124260 0.011655
13 0.584427 0.291492 0.263265 0.235664
13 0.652145 0.539282 0.399886 0.011655
11 0.015642 0.500000 0.010630 0.095223
11 0.145027 0.152214 0.043296 0.016317
11 0.238985 0.083333 0.064910 0.029371
11 0.861576 0.185897 0.055726 0.029371
11 0.592255 0.152214 0.052924 0.033100
11 0.233616 0.278089 0.061800 0.049883
11 0.293061 0.433450 0.068278 0.013986
11 0.406614 0.406294 0.073213 0.033100
11 0.457224 0.486597 0.053400 0.029371
11 0.439325 0.713986 0.047992 0.033100
11 0.232684 0.739977 0.059902 0.013986
11 0.293939 0.572844 0.050292 0.029371
11 0.861576 0.572844 0.055726 0.029371
11 0.861576 0.747669 0.055726 0.029371
11 0.288837 0.137413 0.015791 0.013986
11 0.221550 0.161888 0.007261 0.013986
11 0.428549 0.532517 0.015791 0.013986
11 0.463767 0.522028 0.007261 0.013986
