0 0.021967 0.111753 0.031381 0.057803
3 0.137029 0.111753 0.104603 0.154143
3 0.287657 0.111753 0.104603 0.154143
4 0.407950 0.111753 0.041841 0.077071
3 0.528243 0.111753 0.104603 0.154143
3 0.435146 0.911368 0.104603 0.154143
3 0.670502 0.111753 0.104603 0.154143
2 0.868201 0.911368 0.029289 0.053950
1 0.826360 0.333333 0.031381 0.057803
1 0.826360 0.111753 0.031381 0.057803
3 0.941423 0.111753 0.104603 0.154143
13 0.061192 0.111753 0.051255 0.019268
13 0.212343 0.111753 0.050209 0.019268
13 0.363494 0.112358 0.051255 0.019268
13 0.452406 0.112363 0.051255 0.019268
13 0.421810 0.492293 0.030858 0.691715
13 0.670502 0.911368 0.370293 0.019268
13 0.599372 0.111753 0.041841 0.019268
13 0.733264 0.112392 0.025105 0.019268
13 0.798117 0.112198 0.029289 0.019268
13 0.787918 0.241811 0.049686 0.190751
13 0.865586 0.111753 0.051255 0.019268
11 0.138608 0.110983 0.088618 0.054721
11 0.289235 0.110983 0.088618 0.054721
11 0.409306 0.035645 0.078027 0.048555
11 0.528243 0.110983 0.081281 0.082466
11 0.436725 0.910597 0.088618 0.054721
11 0.671431 0.110983 0.086754 0.110212
11 0.827774 0.390173 0.096970 0.048555
11 0.826164 0.168593 0.066553 0.048555
11 0.942996 0.110983 0.074676 0.054721
11 0.442272 0.084586 0.012160 0.023121
11 0.393632 0.101927 0.023666 0.023121
