8 0.500000 0.500256 0.991065 0.980034
0 0.083768 0.375427 0.022338 0.051195
3 0.175726 0.375427 0.074460 0.136519
4 0.261355 0.375427 0.029784 0.068259
3 0.389054 0.375427 0.074460 0.136519
3 0.871556 0.127133 0.074460 0.136519
2 0.952718 0.127133 0.020849 0.047782
3 0.575205 0.662116 0.074460 0.136519
4 0.659345 0.702218 0.029784 0.068259
3 0.659345 0.887372 0.074460 0.136519
1 0.575205 0.887372 0.022338 0.051195
1 0.575205 0.500000 0.022338 0.051195
1 0.575205 0.376280 0.022338 0.051195
13 0.116716 0.375427 0.046538 0.017065
13 0.229710 0.375962 0.036485 0.017065
13 0.925540 0.127133 0.036485 0.017065
13 0.604244 0.887372 0.038719 0.017065
13 0.314036 0.375929 0.078555 0.017065
13 0.548027 0.234215 0.575577 0.220990
13 0.443224 0.375962 0.036858 0.017065
13 0.659717 0.777730 0.007446 0.089590
13 0.575205 0.559727 0.007446 0.075085
13 0.628444 0.703072 0.034996 0.017065
13 0.772896 0.448805 0.200298 0.513652
13 0.784066 0.541382 0.177960 0.698805
13 0.728965 0.285836 0.288161 0.187713
13 0.526992 0.376280 0.077066 0.017065
13 0.519732 0.648464 0.091586 0.484642
13 0.519732 0.454778 0.091586 0.097270
11 0.015339 0.500000 0.010424 0.139422
11 0.083017 0.317577 0.055833 0.065529
11 0.175726 0.374744 0.042458 0.023891
11 0.389803 0.374744 0.052995 0.073038
11 0.871184 0.125597 0.038484 0.048464
11 0.575952 0.661433 0.053379 0.048464
11 0.658972 0.886689 0.048920 0.048464
11 0.573838 0.825768 0.036730 0.020478
11 0.630776 0.509386 0.067212 0.043003
11 0.575221 0.416212 0.043963 0.020478
11 0.303065 0.410410 0.032786 0.043003
11 0.293864 0.191980 0.047147 0.043003
11 0.693594 0.774915 0.049884 0.065529
11 0.770288 0.690273 0.049884 0.043003
