0 0.030000 0.185000 0.010000 0.010000
3 0.066667 0.185000 0.033333 0.026667
4 0.105000 0.185000 0.013333 0.013333
3 0.143333 0.158333 0.033333 0.026667
3 0.191667 0.158333 0.033333 0.026667
1 0.253333 0.158333 0.010000 0.010000
1 0.253333 0.213333 0.010000 0.010000
1 0.253333 0.125000 0.010000 0.010000
3 0.290000 0.158333 0.033333 0.026667
4 0.328333 0.158333 0.013333 0.013333
3 0.371667 0.213333 0.033333 0.026667
2 0.414667 0.213333 0.009333 0.009333
3 0.366667 0.125000 0.033333 0.026667
2 0.414667 0.125000 0.009333 0.009333
4 0.328333 0.125000 0.013333 0.013333
4 0.328333 0.213333 0.013333 0.013333
