8 0.260000 0.130833 0.470000 0.181667
4 0.161667 0.131000 0.013333 0.013333
0 0.055000 0.131000 0.010000 0.010000
3 0.211667 0.131000 0.033333 0.026667
3 0.211667 0.163333 0.033333 0.026667
2 0.244667 0.163333 0.009333 0.009333
1 0.290000 0.099000 0.010000 0.010000
1 0.290000 0.131000 0.010000 0.010000
3 0.331667 0.099000 0.033333 0.026667
3 0.331667 0.131000 0.033333 0.026667
3 0.411667 0.099000 0.033333 0.026667
2 0.444667 0.098333 0.009333 0.009333
4 0.371667 0.131000 0.013333 0.013333
4 0.371667 0.099000 0.013333 0.013333
3 0.456667 0.131000 0.033333 0.026667
1 0.290000 0.163333 0.010000 0.010000
4 0.411667 0.131000 0.013333 0.013333
2 0.489667 0.131000 0.009333 0.009333
7 0.107333 0.131000 0.033333 0.026667
