8 0.500393 0.500626 0.991563 0.982486
0 0.049934 0.197920 0.021475 0.045249
3 0.128674 0.197920 0.071582 0.120664
4 0.210993 0.197920 0.028633 0.060332
3 0.835858 0.197920 0.071582 0.120664
2 0.913883 0.197920 0.020043 0.042232
3 0.299790 0.285907 0.071582 0.120664
3 0.571859 0.285907 0.071582 0.120664
4 0.658751 0.197920 0.028633 0.060332
3 0.554567 0.629034 0.071582 0.120664
1 0.460343 0.623389 0.021475 0.045249
1 0.460343 0.855260 0.021475 0.045249
3 0.554567 0.855260 0.071582 0.120664
4 0.636886 0.855260 0.028633 0.060332
2 0.714299 0.626826 0.020043 0.042232
1 0.460578 0.285907 0.021475 0.045249
4 0.781811 0.197920 0.028633 0.060332
12 0.781586 0.522753 0.071582 0.075415
13 0.076777 0.197920 0.035075 0.015083
13 0.180571 0.198393 0.035075 0.015083
13 0.887755 0.197920 0.035075 0.015083
13 0.237675 0.256997 0.055511 0.063854
13 0.351752 0.286849 0.035206 0.015083
13 0.434872 0.198674 0.421988 0.015083
13 0.631922 0.256997 0.051407 0.063854
13 0.503692 0.286104 0.067616 0.015083
13 0.423198 0.285000 0.056148 0.015083
13 0.494928 0.626212 0.050559 0.015083
13 0.416102 0.585667 0.069871 0.545220
13 0.415923 0.469460 0.070229 0.312808
13 0.494928 0.855260 0.050559 0.015083
13 0.606464 0.855734 0.035075 0.015083
13 0.595905 0.757230 0.085540 0.141762
13 0.647317 0.626842 0.116783 0.015083
13 0.733268 0.564650 0.027917 0.088151
13 0.718327 0.542050 0.137112 0.633962
13 0.720281 0.198674 0.097291 0.015083
13 0.798098 0.198451 0.007158 0.015083
11 0.014746 0.500000 0.010021 0.196694
11 0.049828 0.232127 0.053843 0.018100
11 0.130039 0.196983 0.050599 0.042836
11 0.236606 0.233032 0.033699 0.038009
11 0.836077 0.196983 0.049893 0.042836
11 0.913688 0.250528 0.062164 0.057919
11 0.301125 0.285973 0.058261 0.064555
11 0.571940 0.285973 0.057303 0.042836
11 0.555840 0.628356 0.058820 0.064555
11 0.460619 0.667421 0.040781 0.038009
11 0.461631 0.899698 0.047099 0.038009
11 0.554760 0.854600 0.049162 0.042836
11 0.672988 0.890649 0.050342 0.038009
11 0.714103 0.670437 0.038084 0.038009
11 0.460904 0.331071 0.029181 0.038009
11 0.767013 0.528205 0.032236 0.064555
11 0.201682 0.206486 0.009664 0.018100
11 0.240636 0.177828 0.018852 0.018100
11 0.627179 0.782655 0.018852 0.018100
11 0.661238 0.835445 0.009664 0.018100
