8 0.253700 0.132000 0.507399 0.264000
0 0.050667 0.070333 0.010000 0.010000
3 0.087333 0.070333 0.033333 0.026667
4 0.139551 0.070333 0.013333 0.013333
2 0.450399 0.070333 0.009333 0.009333
3 0.139551 0.119790 0.039101 0.026667
3 0.362733 0.118333 0.033333 0.026667
3 0.198333 0.118333 0.033333 0.026667
3 0.362733 0.173000 0.033333 0.026667
3 0.246667 0.118333 0.033333 0.026667
4 0.411066 0.173000 0.013333 0.013333
1 0.319000 0.226000 0.010000 0.010000
3 0.411066 0.226000 0.033333 0.026667
1 0.319000 0.118333 0.010000 0.010000
1 0.319000 0.173000 0.010000 0.010000
4 0.412622 0.118333 0.013333 0.013333
