3 0.653631 0.942786 0.079808 0.099502
4 0.224262 0.332090 0.031923 0.049751
3 0.434956 0.332090 0.118117 0.099502
4 0.653631 0.332430 0.031923 0.049751
3 0.116520 0.332090 0.079808 0.099502
2 0.984038 0.332090 0.022346 0.034826
3 0.761373 0.332090 0.079808 0.099502
3 0.653631 0.573383 0.079808 0.099502
0 0.028731 0.332090 0.023943 0.037313
3 0.893057 0.332430 0.079808 0.099502
1 0.541899 0.332430 0.023943 0.037313
13 0.058659 0.332090 0.039106 0.012438
13 0.182362 0.332468 0.055068 0.012438
13 0.308061 0.332711 0.138867 0.012438
13 0.654030 0.440469 0.007981 0.171301
13 0.695531 0.332680 0.055068 0.012438
13 0.827215 0.332872 0.055068 0.012438
13 0.952913 0.332206 0.043097 0.012438
13 0.653631 0.758085 0.007981 0.274876
13 0.511971 0.332335 0.039106 0.012438
13 0.595770 0.332729 0.086991 0.012438
13 0.577813 0.646937 0.075020 0.596674
13 0.558859 0.240050 0.671588 0.139303
13 0.838787 0.646144 0.293695 0.598259
13 0.791052 0.480892 0.198225 0.202395
11 0.653631 0.942289 0.055623 0.035323
11 0.434956 0.331592 0.094593 0.017413
11 0.644615 0.288433 0.068161 0.014925
11 0.116520 0.331592 0.065738 0.017413
11 0.761373 0.331592 0.067875 0.017413
11 0.654832 0.572886 0.057213 0.035323
11 0.028700 0.360572 0.047823 0.014925
11 0.893057 0.331592 0.055627 0.035323
11 0.542666 0.297139 0.057400 0.014925
11 0.290521 0.324005 0.070269 0.031343
11 0.642776 0.326990 0.016598 0.014925
11 0.679793 0.315796 0.007632 0.014925
11 0.643294 0.678483 0.073499 0.031343
11 0.531097 0.031219 0.069377 0.047761
11 0.557880 0.164801 0.070269 0.031343
11 0.787308 0.571517 0.053467 0.031343
