8 0.499932 0.500000 0.992410 0.971765
0 0.059627 0.240000 0.018634 0.070588
3 0.146584 0.240000 0.062112 0.188235
4 0.230435 0.240000 0.024845 0.094118
1 0.283230 0.240000 0.018634 0.070588
1 0.518012 0.134118 0.018634 0.070588
3 0.360870 0.240000 0.062112 0.188235
1 0.518012 0.449412 0.018634 0.070588
1 0.518012 0.767059 0.018634 0.070588
3 0.595652 0.134118 0.062112 0.188235
2 0.942702 0.134118 0.017391 0.065882
3 0.595652 0.449412 0.062112 0.188235
4 0.679503 0.449412 0.024845 0.094118
2 0.942702 0.308235 0.017391 0.065882
1 0.679503 0.767059 0.018634 0.070588
3 0.739596 0.134118 0.062112 0.188235
3 0.815528 0.308235 0.062112 0.188235
3 0.818509 0.767059 0.062112 0.188235
2 0.942702 0.767059 0.017391 0.065882
3 0.299938 0.501176 0.062112 0.188235
2 0.390311 0.501176 0.017391 0.065882
12 0.092236 0.240000 0.049068 0.023529
12 0.197826 0.240716 0.042857 0.023529
12 0.422360 0.240000 0.063354 0.023529
12 0.487112 0.163529 0.045652 0.068235
12 0.487112 0.368235 0.045652 0.171765
12 0.545963 0.134118 0.039752 0.023529
12 0.545963 0.449412 0.039752 0.023529
12 0.646894 0.451017 0.042857 0.023529
12 0.487112 0.527059 0.045652 0.489412
12 0.679653 0.614118 0.006211 0.244706
12 0.311180 0.240000 0.039752 0.023529
12 0.258385 0.240557 0.033540 0.023529
12 0.598758 0.767059 0.145342 0.023529
12 0.667624 0.134118 0.084317 0.023529
12 0.852329 0.134118 0.165839 0.023529
12 0.732143 0.355294 0.107143 0.103529
12 0.891786 0.767059 0.086925 0.023529
12 0.890295 0.308235 0.089907 0.023529
12 0.738137 0.767059 0.101118 0.023529
12 0.356304 0.501176 0.053106 0.023529
12 0.249814 0.396706 0.040621 0.228706
