8 0.500000 0.500000 0.990025 0.979346
3 0.171239 0.242685 0.083126 0.137694
4 0.246052 0.242685 0.033250 0.068847
0 0.079800 0.242685 0.024938 0.051635
3 0.315877 0.371773 0.083126 0.137694
3 0.420615 0.371773 0.083126 0.137694
1 0.578554 0.621343 0.024938 0.051635
3 0.682461 0.621343 0.083126 0.137694
1 0.578554 0.371773 0.024938 0.051635
3 0.694929 0.371773 0.083126 0.137694
4 0.782211 0.371773 0.033250 0.068847
3 0.881962 0.139415 0.083126 0.137694
2 0.964256 0.139415 0.023275 0.048193
1 0.578554 0.139415 0.024938 0.051635
3 0.881962 0.543890 0.083126 0.137694
3 0.782211 0.724613 0.083126 0.137694
2 0.881962 0.724613 0.023275 0.048193
2 0.964256 0.543890 0.023275 0.048193
3 0.295927 0.104991 0.083126 0.137694
2 0.386534 0.104991 0.023275 0.048193
13 0.110973 0.242685 0.040732 0.017212
13 0.221114 0.243256 0.019950 0.017212
13 0.260391 0.324441 0.031172 0.101549
13 0.470490 0.372343 0.019950 0.017212
13 0.615960 0.621343 0.053200 0.017212
13 0.622195 0.371773 0.065669 0.017212
13 0.751039 0.372323 0.032419 0.017212
13 0.938071 0.139415 0.032419 0.017212
13 0.530964 0.238382 0.073566 0.204819
13 0.530964 0.513769 0.073566 0.222031
13 0.368246 0.371773 0.024938 0.017212
13 0.711554 0.707401 0.061513 0.041308
13 0.847049 0.724613 0.049875 0.017212
13 0.938071 0.543890 0.032419 0.017212
13 0.279302 0.208692 0.036575 0.076592
13 0.356193 0.104991 0.040732 0.017212
13 0.811513 0.475043 0.061097 0.144578
13 0.539069 0.372633 0.057357 0.017212
13 0.715711 0.139415 0.252702 0.017212
13 0.811513 0.238382 0.061097 0.204819
11 0.017124 0.500000 0.011638 0.140622
11 0.171239 0.241997 0.047399 0.024096
11 0.287861 0.271773 0.062006 0.020654
11 0.315877 0.371084 0.068028 0.073666
11 0.421866 0.371084 0.067916 0.073666
11 0.578450 0.672117 0.057980 0.043373
11 0.682461 0.620654 0.070696 0.024096
11 0.579482 0.422547 0.055058 0.043373
11 0.696179 0.371084 0.059591 0.048881
11 0.806731 0.429432 0.055689 0.043373
11 0.882931 0.138726 0.057655 0.073666
11 0.578924 0.190189 0.065578 0.043373
11 0.881962 0.543201 0.042962 0.048881
11 0.782211 0.723924 0.042962 0.048881
11 0.295927 0.104303 0.042962 0.048881
11 0.235063 0.256282 0.007949 0.020654
11 0.278802 0.220138 0.017288 0.020654
11 0.771249 0.383649 0.009663 0.020654
