8 0.499884 0.500020 0.991153 0.980931
0 0.047380 0.208599 0.021536 0.047771
3 0.126346 0.208599 0.071788 0.127389
3 0.230438 0.208599 0.071788 0.127389
4 0.312994 0.208599 0.028715 0.063694
3 0.395549 0.208599 0.071788 0.127389
3 0.556353 0.407643 0.071788 0.127389
3 0.660445 0.407643 0.071788 0.127389
3 0.395549 0.407643 0.071788 0.127389
3 0.556353 0.638535 0.071788 0.127389
3 0.556353 0.869427 0.071788 0.127389
3 0.849246 0.638535 0.071788 0.127389
2 0.951184 0.638535 0.020101 0.044586
4 0.638909 0.869427 0.028715 0.063694
3 0.721464 0.869427 0.071788 0.127389
2 0.951184 0.869427 0.020101 0.044586
2 0.951184 0.407643 0.020101 0.044586
2 0.951184 0.208599 0.020101 0.044586
1 0.477387 0.638535 0.021536 0.047771
12 0.074300 0.208599 0.035176 0.015924
12 0.178392 0.208599 0.035176 0.015924
12 0.282484 0.209098 0.035176 0.015924
12 0.686289 0.208599 0.512563 0.015924
12 0.336504 0.324045 0.049174 0.173567
12 0.343503 0.209103 0.035176 0.015924
12 0.504307 0.408147 0.035176 0.015924
12 0.608399 0.407643 0.035176 0.015924
12 0.818737 0.407643 0.247667 0.015924
12 0.913137 0.638535 0.058866 0.015924
12 0.608399 0.869927 0.035176 0.015924
12 0.849246 0.869427 0.186648 0.015924
12 0.669419 0.869931 0.035176 0.015924
12 0.702800 0.638535 0.223977 0.015924
12 0.639268 0.738057 0.007179 0.205414
12 0.503864 0.638535 0.034290 0.015924
12 0.474156 0.525478 0.007179 0.178344
12 0.445441 0.408149 0.030869 0.015924
12 0.492103 0.654459 0.059584 0.436306
