8 0.500000 0.500000 0.991989 0.975207
0 0.062750 0.165289 0.020027 0.061983
3 0.136182 0.165289 0.066756 0.165289
4 0.216288 0.165289 0.026702 0.082645
5 0.276368 0.165289 0.026702 0.082645
3 0.334446 0.500000 0.066756 0.165289
3 0.578104 0.165289 0.066756 0.165289
3 0.878505 0.165289 0.066756 0.165289
2 0.944593 0.165289 0.018692 0.057851
3 0.578104 0.367769 0.066756 0.165289
4 0.648198 0.367769 0.026702 0.082645
3 0.758344 0.500000 0.066756 0.165289
4 0.808411 0.165289 0.026702 0.082645
1 0.504673 0.367769 0.020027 0.061983
1 0.504673 0.165289 0.020027 0.061983
1 0.334446 0.165289 0.020027 0.061983
1 0.504673 0.539256 0.020027 0.061983
5 0.397864 0.165289 0.026702 0.082645
13 0.087784 0.165289 0.032710 0.020661
13 0.186248 0.165932 0.036048 0.020661
13 0.246328 0.166322 0.036048 0.020661
13 0.307076 0.165779 0.037383 0.020661
13 0.529706 0.165289 0.032710 0.020661
13 0.703271 0.165289 0.186248 0.020661
13 0.364486 0.165289 0.042724 0.020661
13 0.529706 0.367769 0.032710 0.020661
13 0.623164 0.368430 0.026035 0.020661
13 0.735147 0.287707 0.149866 0.170455
13 0.693258 0.433884 0.066088 0.140496
13 0.923565 0.165289 0.026035 0.020661
13 0.833445 0.165957 0.026035 0.020661
13 0.482977 0.165772 0.026035 0.020661
13 0.783545 0.311983 0.053071 0.219008
13 0.512684 0.522727 0.594793 0.640496
13 0.288885 0.353306 0.027036 0.301653
13 0.476469 0.287190 0.039052 0.169421
13 0.476469 0.372934 0.039052 0.340909
13 0.427904 0.164256 0.036048 0.020661
13 0.383011 0.353306 0.033044 0.301653
13 0.619826 0.519628 0.212951 0.047521
11 0.013752 0.500000 0.009346 0.177085
11 0.063710 0.267149 0.052654 0.133884
11 0.136182 0.164463 0.038065 0.028926
11 0.225963 0.104339 0.050056 0.052066
11 0.335451 0.499174 0.054541 0.088430
11 0.578104 0.164463 0.038295 0.088430
11 0.878505 0.164463 0.043412 0.058678
11 0.944389 0.224174 0.048992 0.052066
11 0.579108 0.366942 0.047855 0.058678
11 0.648975 0.286157 0.046948 0.052066
11 0.759123 0.499174 0.046301 0.088430
11 0.504384 0.415083 0.054161 0.024793
11 0.504757 0.226240 0.033546 0.052066
11 0.334370 0.226240 0.054588 0.052066
11 0.238172 0.138223 0.006384 0.024793
11 0.670081 0.340702 0.006384 0.024793
11 0.699198 0.470868 0.013883 0.024793
11 0.595727 0.809711 0.013883 0.024793
