8 0.500000 0.500000 0.989257 0.982808
11 0.015219 0.521759 0.021486 0.246597
0 0.072516 0.087393 0.026858 0.042980
11 0.072516 0.122582 0.113953 0.033489
3 0.184423 0.087393 0.089526 0.114613
11 0.184423 0.087751 0.075623 0.036533
4 0.291853 0.087393 0.035810 0.057307
2 0.380483 0.087393 0.025067 0.040115
3 0.291853 0.237822 0.089526 0.114613
11 0.291853 0.244628 0.110845 0.109599
3 0.291853 0.409742 0.089526 0.114613
11 0.291853 0.416547 0.103594 0.109599
1 0.488809 0.409742 0.026858 0.042980
11 0.488809 0.444932 0.113953 0.033489
3 0.614145 0.409742 0.089526 0.114613
11 0.614145 0.413324 0.066300 0.073066
2 0.796777 0.409742 0.025067 0.040115
1 0.488809 0.732092 0.026858 0.042980
11 0.488809 0.767282 0.106356 0.033489
1 0.488809 0.567335 0.026858 0.042980
11 0.488809 0.602525 0.084515 0.033489
3 0.614145 0.567335 0.089526 0.114613
11 0.614145 0.570917 0.092198 0.073066
4 0.708147 0.567335 0.035810 0.057307
2 0.796777 0.567335 0.025067 0.040115
3 0.708147 0.861032 0.089526 0.114613
11 0.708147 0.864613 0.107738 0.073066
2 0.810206 0.861032 0.025067 0.040115
4 0.708147 0.732092 0.035810 0.057307
13 0.112802 0.087393 0.057296 0.014327
13 0.251567 0.087838 0.048344 0.014327
13 0.291853 0.323782 0.008953 0.063037
13 0.367055 0.410177 0.064458 0.014327
13 0.454342 0.410081 0.045658 0.014327
13 0.535810 0.409742 0.070725 0.014327
13 0.445613 0.585244 0.063115 0.299427
13 0.445613 0.502865 0.063115 0.134670
13 0.535810 0.567335 0.070725 0.014327
13 0.674575 0.567794 0.034915 0.014327
13 0.755148 0.567673 0.061773 0.014327
11 0.738936 0.550988 0.022538 0.036735
13 0.775291 0.861032 0.048344 0.014327
13 0.338854 0.087731 0.061773 0.014327
11 0.322643 0.071045 0.022538 0.036735
13 0.292121 0.148281 0.008953 0.070201
11 0.279607 0.095672 0.021572 0.061236
13 0.721128 0.409742 0.128021 0.014327
13 0.596240 0.732442 0.191585 0.014327
13 0.708289 0.782235 0.008953 0.048711
13 0.708594 0.650430 0.008953 0.114613
11 0.695794 0.644587 0.028699 0.036533
