8 0.426621 0.157604 0.845051 0.299919
11 0.011604 0.164029 0.016382 0.072808
8 0.500000 0.570983 0.991809 0.441534
11 0.011604 0.587335 0.016382 0.185330
8 0.500000 0.915047 0.991809 0.154778
11 0.011604 0.921861 0.016382 0.077221
0 0.065529 0.118560 0.020478 0.040377
11 0.065529 0.161797 0.043442 0.062921
3 0.140614 0.118560 0.068259 0.107672
11 0.140614 0.121925 0.061609 0.068641
3 0.297611 0.118560 0.068259 0.107672
11 0.297611 0.118896 0.048971 0.034320
5 0.219113 0.118560 0.027304 0.053836
3 0.297611 0.243594 0.068259 0.107672
11 0.297611 0.246958 0.057660 0.068641
5 0.355631 0.118560 0.027304 0.053836
1 0.410239 0.118560 0.020478 0.040377
11 0.410239 0.151618 0.053579 0.031460
3 0.485324 0.118560 0.068259 0.107672
11 0.485324 0.131009 0.078196 0.171602
1 0.560410 0.118560 0.020478 0.040377
11 0.560410 0.063126 0.030410 0.157301
3 0.635495 0.118560 0.068259 0.107672
11 0.635495 0.118896 0.080566 0.034320
3 0.734471 0.118560 0.068259 0.107672
11 0.734471 0.121925 0.055290 0.068641
2 0.808874 0.118560 0.019113 0.037685
11 0.808874 0.160451 0.036926 0.062921
0 0.045051 0.426931 0.020478 0.040377
11 0.045051 0.480347 0.044890 0.094381
3 0.109898 0.426931 0.068259 0.107672
11 0.109898 0.430296 0.061609 0.068641
3 0.198635 0.426931 0.068259 0.107672
11 0.198635 0.430296 0.057660 0.068641
3 0.283959 0.426931 0.068259 0.107672
11 0.283959 0.427268 0.080566 0.034320
3 0.382935 0.426931 0.068259 0.107672
11 0.382935 0.433324 0.090834 0.102961
3 0.481911 0.426931 0.068259 0.107672
11 0.481911 0.436353 0.066348 0.137281
1 0.556997 0.426931 0.020478 0.040377
11 0.556997 0.385377 0.040546 0.062921
3 0.618430 0.426931 0.068259 0.107672
11 0.618430 0.430296 0.060029 0.068641
1 0.720819 0.426931 0.020478 0.040377
11 0.720819 0.500703 0.046338 0.157301
3 0.881229 0.426931 0.068259 0.107672
11 0.881229 0.430296 0.080566 0.068641
1 0.720819 0.604590 0.020478 0.040377
11 0.720819 0.647826 0.028237 0.062921
3 0.782253 0.604590 0.068259 0.107672
11 0.782253 0.604926 0.078986 0.034320
1 0.898294 0.604590 0.020478 0.040377
11 0.898294 0.678361 0.046338 0.157301
1 0.853925 0.700229 0.020478 0.040377
11 0.827240 0.706538 0.039098 0.094381
4 0.683618 0.604590 0.027304 0.053836
4 0.795904 0.426931 0.027304 0.053836
2 0.955631 0.426931 0.019113 0.037685
11 0.955631 0.458644 0.078196 0.031460
0 0.065529 0.917066 0.020478 0.040377
11 0.065529 0.960303 0.086884 0.062921
3 0.152560 0.917066 0.068259 0.107672
11 0.152560 0.920431 0.058450 0.068641
3 0.251536 0.917066 0.068259 0.107672
11 0.251536 0.923459 0.083725 0.102961
3 0.568942 0.917066 0.068259 0.107672
11 0.568942 0.920431 0.068718 0.068641
2 0.697952 0.917066 0.019113 0.037685
11 0.697952 0.948779 0.070956 0.031460
13 0.091126 0.118560 0.033447 0.013459
13 0.190102 0.118982 0.033447 0.013459
13 0.248123 0.118986 0.033447 0.013459
13 0.241468 0.194536 0.046758 0.103499
13 0.343857 0.194536 0.026962 0.103499
13 0.336860 0.119012 0.012969 0.013459
13 0.384642 0.118877 0.033447 0.013459
13 0.435836 0.118560 0.033447 0.013459
13 0.065529 0.426931 0.023208 0.013459
13 0.154266 0.426931 0.023208 0.013459
13 0.241297 0.426931 0.019795 0.013459
13 0.333447 0.426931 0.033447 0.013459
13 0.432423 0.426931 0.033447 0.013459
13 0.097099 0.917066 0.045392 0.013459
13 0.202048 0.917066 0.033447 0.013459
13 0.410239 0.917066 0.251877 0.013459
13 0.531399 0.426931 0.033447 0.013459
13 0.575768 0.426931 0.019795 0.013459
13 0.534812 0.118560 0.033447 0.013459
13 0.586007 0.118560 0.033447 0.013459
13 0.684983 0.118560 0.033447 0.013459
13 0.661092 0.427372 0.019795 0.013459
13 0.756655 0.427251 0.053925 0.013459
13 0.703754 0.427240 0.016382 0.013459
13 0.683787 0.515760 0.006826 0.129206
13 0.739590 0.604590 0.019795 0.013459
13 0.828328 0.605020 0.026621 0.013459
13 0.877816 0.604903 0.023208 0.013459
13 0.854085 0.655774 0.006826 0.053917
13 0.703925 0.604898 0.016041 0.013459
13 0.828328 0.427350 0.040273 0.013459
13 0.847270 0.519125 0.104778 0.135935
13 0.768942 0.692786 0.172696 0.127941
13 0.930717 0.426931 0.033447 0.013459
13 0.783959 0.118560 0.033447 0.013459
13 0.645734 0.917066 0.088055 0.013459
13 0.265188 0.289569 0.443003 0.239731
13 0.273720 0.688822 0.419113 0.421494
13 0.562969 0.655175 0.014676 0.421494
13 0.589420 0.255922 0.060751 0.239731
