8 0.500887 0.199257 0.987578 0.383663
11 0.016859 0.205165 0.021295 0.066951
8 0.503106 0.556312 0.983141 0.233911
11 0.021295 0.571349 0.021295 0.170421
8 0.496894 0.852723 0.983141 0.279703
11 0.015084 0.858988 0.021295 0.071009
0 0.086957 0.123762 0.026619 0.037129
11 0.086957 0.154162 0.074354 0.028929
3 0.184561 0.123762 0.088731 0.099010
11 0.184561 0.126856 0.080086 0.063119
3 0.317657 0.123762 0.088731 0.099010
11 0.317657 0.124072 0.116022 0.031559
1 0.459627 0.198020 0.026619 0.037129
11 0.459627 0.228419 0.045177 0.028929
3 0.317657 0.266089 0.088731 0.099010
11 0.317657 0.269183 0.089327 0.063119
3 0.517303 0.123762 0.088731 0.099010
11 0.517303 0.126856 0.074952 0.063119
3 0.850044 0.123762 0.088731 0.099010
11 0.850044 0.124072 0.120129 0.031559
3 0.637090 0.123762 0.088731 0.099010
11 0.637090 0.124072 0.096514 0.031559
2 0.937888 0.123762 0.024845 0.034653
11 0.937888 0.152924 0.096001 0.028929
1 0.751553 0.123762 0.026619 0.037129
11 0.751553 0.154162 0.077177 0.028929
4 0.822538 0.123762 0.035492 0.049505
0 0.086957 0.556931 0.026619 0.037129
11 0.086957 0.587330 0.108236 0.028929
3 0.211180 0.556931 0.088731 0.099010
11 0.211180 0.562809 0.092407 0.094678
3 0.344277 0.556931 0.088731 0.099010
11 0.344277 0.557240 0.073926 0.031559
3 0.490683 0.556931 0.088731 0.099010
11 0.490683 0.560025 0.110889 0.063119
3 0.637090 0.556931 0.088731 0.099010
11 0.637090 0.560025 0.074952 0.063119
2 0.751553 0.556931 0.024845 0.034653
11 0.751553 0.586092 0.170354 0.028929
0 0.085182 0.855198 0.026619 0.037129
11 0.085182 0.885597 0.131766 0.028929
3 0.344277 0.855198 0.088731 0.099010
11 0.344277 0.858292 0.075979 0.063119
3 0.543922 0.855198 0.088731 0.099010
11 0.543922 0.861077 0.085220 0.094678
2 0.658385 0.855198 0.024845 0.034653
11 0.658385 0.884360 0.092236 0.028929
13 0.120231 0.123762 0.043478 0.012376
13 0.251109 0.123762 0.047915 0.012376
13 0.383319 0.124149 0.046140 0.012376
13 0.441894 0.158812 0.022223 0.046238
13 0.456522 0.124160 0.036380 0.012376
13 0.410825 0.241337 0.101154 0.054455
13 0.785271 0.123762 0.044366 0.012376
13 0.133540 0.556931 0.070098 0.012376
13 0.277728 0.556931 0.047915 0.012376
13 0.577196 0.123762 0.034605 0.012376
13 0.417480 0.556931 0.061224 0.012376
13 0.563886 0.556931 0.061224 0.012376
13 0.909938 0.123762 0.034605 0.012376
13 0.199201 0.855198 0.204969 0.012376
13 0.444099 0.855198 0.114463 0.012376
13 0.617125 0.855198 0.061224 0.012376
13 0.350044 0.721535 0.533274 0.235149
13 0.658385 0.722153 0.008873 0.236386
13 0.710293 0.556931 0.061224 0.012376
13 0.751553 0.340965 0.008873 0.402228
13 0.709849 0.123762 0.060337 0.012376
13 0.302130 0.355817 0.433895 0.370050
13 0.390639 0.183168 0.067879 0.074257
13 0.784827 0.124051 0.043478 0.012376
