8 0.495214 0.142082 0.981591 0.271150
11 0.012518 0.147259 0.017673 0.058673
8 0.500000 0.497289 0.991163 0.363341
11 0.012518 0.508898 0.017673 0.131570
8 0.500000 0.857918 0.991163 0.271150
11 0.012518 0.863408 0.017673 0.062229
0 0.081738 0.142082 0.022091 0.032538
11 0.081738 0.168723 0.091387 0.025352
3 0.184831 0.142082 0.073638 0.086768
11 0.184831 0.149675 0.089470 0.110629
3 0.291605 0.142082 0.073638 0.086768
11 0.291605 0.142354 0.053682 0.027657
3 0.398380 0.142082 0.073638 0.086768
11 0.398380 0.144794 0.066463 0.055315
3 0.869661 0.142082 0.073638 0.086768
11 0.869661 0.142354 0.086914 0.027657
1 0.700295 0.142082 0.022091 0.032538
2 0.964654 0.142082 0.020619 0.030369
11 0.964654 0.167638 0.102322 0.025352
0 0.081738 0.451193 0.022091 0.032538
3 0.162739 0.451193 0.073638 0.086768
11 0.162739 0.456345 0.086914 0.082972
3 0.273196 0.451193 0.073638 0.086768
11 0.273196 0.451464 0.086914 0.027657
3 0.383652 0.451193 0.073638 0.086768
11 0.383652 0.451464 0.095434 0.027657
3 0.490427 0.451193 0.073638 0.086768
11 0.490427 0.451464 0.101399 0.027657
1 0.556701 0.451193 0.022091 0.032538
3 0.637703 0.451193 0.073638 0.086768
11 0.637703 0.451464 0.092878 0.027657
1 0.700295 0.451193 0.022091 0.032538
3 0.869661 0.451193 0.073638 0.086768
11 0.869661 0.451464 0.097991 0.027657
1 0.788660 0.586768 0.022091 0.032538
11 0.788660 0.613408 0.030462 0.025352
3 0.869661 0.586768 0.073638 0.086768
11 0.869661 0.587039 0.085209 0.027657
2 0.964654 0.451193 0.020619 0.030369
0 0.059647 0.857918 0.022091 0.032538
3 0.140648 0.857918 0.073638 0.086768
11 0.140648 0.860629 0.073280 0.055315
3 0.247423 0.857918 0.073638 0.086768
11 0.247423 0.860629 0.074132 0.055315
2 0.327688 0.857918 0.020619 0.030369
13 0.120398 0.142082 0.058174 0.010846
13 0.133284 0.310195 0.106038 0.253796
13 0.109352 0.451193 0.036082 0.010846
13 0.217968 0.451193 0.039764 0.010846
13 0.238218 0.142082 0.036082 0.010846
13 0.328424 0.451193 0.039764 0.010846
13 0.344993 0.142082 0.036082 0.010846
13 0.437040 0.451193 0.036082 0.010846
13 0.087261 0.857918 0.036082 0.010846
13 0.194035 0.857918 0.036082 0.010846
13 0.300810 0.857918 0.036082 0.010846
13 0.536451 0.451193 0.021355 0.010846
13 0.447349 0.662690 0.221649 0.394794
13 0.584315 0.451193 0.036082 0.010846
13 0.681885 0.451193 0.017673 0.010846
13 0.562224 0.142082 0.256996 0.010846
13 0.772091 0.142082 0.124448 0.010846
13 0.837562 0.297180 0.257129 0.281996
13 0.930412 0.142082 0.050810 0.010846
13 0.930412 0.451193 0.050810 0.010846
13 0.722386 0.451441 0.025037 0.010846
13 0.797865 0.451514 0.072901 0.010846
13 0.763071 0.529826 0.032032 0.118221
13 0.816274 0.586768 0.036082 0.010846
13 0.275037 0.668113 0.433726 0.351410
13 0.854054 0.529826 0.193218 0.118221
13 0.700295 0.296638 0.007364 0.280911
13 0.273196 0.296638 0.007364 0.226681
13 0.295287 0.296638 0.007364 0.226681
13 0.391016 0.296638 0.017673 0.226681
