8 0.500000 0.097763 0.994688 0.185584
8 0.500000 0.489644 0.994688 0.319801
8 0.500000 0.891466 0.994688 0.207125
0 0.042497 0.054681 0.013280 0.024855
3 0.091191 0.054681 0.044267 0.066280
3 0.155378 0.054681 0.044267 0.066280
3 0.257193 0.054681 0.044267 0.066280
3 0.370075 0.054681 0.044267 0.066280
3 0.498451 0.054681 0.044267 0.066280
1 0.728641 0.054681 0.013280 0.024855
3 0.828243 0.054681 0.044267 0.066280
3 0.901284 0.054681 0.044267 0.066280
2 0.951749 0.054681 0.012395 0.023198
1 0.759628 0.104391 0.013280 0.024855
4 0.781762 0.054681 0.017707 0.033140
1 0.208499 0.054681 0.013280 0.024855
0 0.257193 0.519470 0.013280 0.024855
3 0.305888 0.519470 0.044267 0.066280
3 0.370075 0.519470 0.044267 0.066280
3 0.434263 0.519470 0.044267 0.066280
3 0.498451 0.519470 0.044267 0.066280
3 0.562638 0.519470 0.044267 0.066280
1 0.675520 0.519470 0.013280 0.024855
2 0.951749 0.519470 0.012395 0.023198
3 0.728641 0.519470 0.044267 0.066280
3 0.854803 0.519470 0.044267 0.066280
1 0.759628 0.464789 0.013280 0.024855
3 0.775122 0.398509 0.044267 0.066280
1 0.806109 0.519470 0.013280 0.024855
0 0.562638 0.825186 0.013280 0.024855
3 0.562638 0.920464 0.044267 0.066280
3 0.622399 0.920464 0.044267 0.066280
3 0.675520 0.920464 0.044267 0.066280
2 0.951749 0.920464 0.012395 0.023198
13 0.059097 0.054681 0.021691 0.008285
13 0.123285 0.054681 0.021691 0.008285
13 0.189686 0.054681 0.026118 0.008285
13 0.225100 0.054681 0.021691 0.008285
13 0.257193 0.297432 0.004427 0.422535
13 0.273794 0.519470 0.021691 0.008285
13 0.337981 0.519470 0.021691 0.008285
13 0.313634 0.054681 0.070385 0.008285
13 0.402169 0.519470 0.021691 0.008285
13 0.466357 0.519470 0.021691 0.008285
13 0.434263 0.054681 0.085879 0.008285
13 0.530544 0.519470 0.021691 0.008285
13 0.562638 0.682684 0.004427 0.263463
13 0.562638 0.862469 0.004427 0.053024
13 0.592519 0.920464 0.017264 0.008285
13 0.648960 0.920464 0.010624 0.008285
13 0.675520 0.709611 0.004427 0.358741
13 0.626826 0.519470 0.085879 0.008285
13 0.694334 0.519470 0.026118 0.008285
13 0.580345 0.054906 0.121293 0.008285
13 0.864763 0.054681 0.030544 0.008285
13 0.758521 0.519735 0.017264 0.008285
13 0.911244 0.519470 0.070385 0.008285
13 0.934484 0.054681 0.023904 0.008285
13 0.821602 0.920464 0.249668 0.008285
13 0.728641 0.276719 0.004427 0.422535
13 0.766836 0.490058 0.009096 0.028998
13 0.764954 0.442005 0.006612 0.024027
13 0.775247 0.467274 0.004427 0.074565
13 0.689907 0.054883 0.065958 0.008285
13 0.701085 0.087821 0.105578 0.036454
13 0.759628 0.241094 0.004427 0.251864
13 0.774126 0.087821 0.017486 0.036454
13 0.754095 0.054879 0.039398 0.008285
13 0.798362 0.054949 0.017264 0.008285
13 0.841523 0.287075 0.004427 0.401823
13 0.498451 0.287075 0.004427 0.401823
13 0.370075 0.287075 0.004427 0.401823
13 0.791722 0.519470 0.017264 0.008285
13 0.822709 0.519470 0.021691 0.008285
11 0.009119 0.097763 0.006197 0.021547
11 0.042455 0.073654 0.035331 0.009942
11 0.091191 0.054350 0.026279 0.023529
11 0.155969 0.054350 0.032917 0.023529
11 0.257860 0.054350 0.026284 0.023529
11 0.370741 0.054350 0.026284 0.023529
11 0.498451 0.054350 0.036172 0.011599
11 0.729280 0.031400 0.036691 0.009942
11 0.828243 0.054350 0.029382 0.011599
11 0.901284 0.054350 0.024209 0.023529
11 0.951584 0.072825 0.031544 0.009942
11 0.760206 0.081110 0.023289 0.009942
11 0.209163 0.031400 0.027888 0.009942
11 0.009119 0.489644 0.006197 0.054162
11 0.257733 0.543911 0.024098 0.020878
11 0.306554 0.519138 0.026284 0.023529
11 0.370075 0.519138 0.035576 0.011599
11 0.434263 0.519138 0.022588 0.023529
11 0.498451 0.519138 0.025548 0.023529
11 0.562638 0.519138 0.026715 0.023529
11 0.674213 0.485418 0.025717 0.009942
11 0.951614 0.543082 0.032488 0.020878
11 0.728641 0.519138 0.021408 0.023529
11 0.854803 0.519138 0.025548 0.023529
11 0.748762 0.448964 0.011911 0.009942
11 0.775122 0.398177 0.033511 0.011599
11 0.806079 0.538442 0.031812 0.009942
11 0.009119 0.891466 0.006197 0.022931
11 0.593722 0.829743 0.024098 0.020878
11 0.562638 0.920133 0.025394 0.023529
11 0.622399 0.920133 0.028788 0.023529
11 0.676188 0.920133 0.031160 0.023529
11 0.952288 0.944076 0.024098 0.020878
11 0.269669 0.311350 0.024951 0.011599
11 0.848977 0.300994 0.014908 0.011599
11 0.506350 0.300994 0.015800 0.011599
