8 0.471866 0.500000 0.935185 0.977486
0 0.079060 0.245779 0.021368 0.056285
3 0.157407 0.245779 0.071225 0.150094
4 0.239316 0.245779 0.028490 0.075047
3 0.321225 0.245779 0.071225 0.150094
3 0.406695 0.245779 0.071225 0.150094
3 0.603989 0.163227 0.071225 0.150094
4 0.685897 0.245779 0.028490 0.075047
3 0.801994 0.163227 0.071225 0.150094
2 0.914530 0.245779 0.019943 0.052533
3 0.801994 0.523452 0.071225 0.150094
1 0.538462 0.360225 0.021368 0.056285
4 0.685897 0.523452 0.028490 0.075047
1 0.538462 0.163227 0.021368 0.056285
4 0.685897 0.048780 0.028490 0.075047
3 0.801994 0.720450 0.071225 0.150094
1 0.538462 0.720450 0.021368 0.056285
12 0.105769 0.245779 0.034900 0.018762
12 0.209046 0.246367 0.034900 0.018762
12 0.269587 0.246373 0.034900 0.018762
12 0.363960 0.245779 0.017094 0.018762
12 0.876068 0.496248 0.079772 0.455910
12 0.655627 0.204972 0.034900 0.090994
12 0.871083 0.204503 0.069801 0.090056
12 0.871083 0.384615 0.069801 0.285178
12 0.432336 0.340994 0.054131 0.047842
12 0.500178 0.243316 0.058048 0.166276
12 0.733262 0.524009 0.069088 0.018762
12 0.558761 0.163715 0.022080 0.018762
12 0.657764 0.720836 0.220085 0.018762
12 0.751068 0.068480 0.104701 0.046904
12 0.686254 0.147280 0.007123 0.129456
12 0.686254 0.384615 0.007123 0.210131
12 0.507123 0.360671 0.044160 0.018762
12 0.605057 0.456379 0.136040 0.143527
12 0.500178 0.559451 0.058048 0.330910
12 0.455662 0.128987 0.434829 0.166041
