8 0.471866 0.500000 0.935185 0.977486
11 0.012108 0.526052 0.017094 0.295256
11 0.033476 0.528494 0.017094 0.322936
0 0.079060 0.245779 0.021368 0.056285
11 0.079060 0.291862 0.086882 0.043856
3 0.157407 0.245779 0.071225 0.150094
11 0.157407 0.246248 0.060165 0.047842
4 0.239316 0.245779 0.028490 0.075047
11 0.250000 0.319887 0.050275 0.095685
3 0.321225 0.245779 0.071225 0.150094
11 0.321225 0.250469 0.088187 0.095685
3 0.406695 0.245779 0.071225 0.150094
11 0.406695 0.250469 0.082418 0.095685
3 0.603989 0.163227 0.071225 0.150094
11 0.603989 0.167917 0.073352 0.095685
4 0.685897 0.245779 0.028490 0.075047
11 0.721947 0.296435 0.085714 0.095685
3 0.801994 0.163227 0.071225 0.150094
11 0.801994 0.167917 0.052747 0.095685
2 0.914530 0.245779 0.019943 0.052533
11 0.973647 0.244958 0.114080 0.043856
3 0.801994 0.523452 0.071225 0.150094
11 0.801994 0.528143 0.065110 0.095685
1 0.538462 0.360225 0.021368 0.056285
11 0.538462 0.406309 0.083104 0.043856
4 0.685897 0.523452 0.028490 0.075047
1 0.538462 0.163227 0.021368 0.056285
11 0.538462 0.209311 0.067239 0.043856
4 0.685897 0.048780 0.028490 0.075047
3 0.801994 0.720450 0.071225 0.150094
11 0.801994 0.725141 0.060165 0.095685
1 0.538462 0.720450 0.021368 0.056285
11 0.538462 0.766534 0.064973 0.043856
13 0.105769 0.245779 0.034900 0.018762
13 0.209046 0.246367 0.034900 0.018762
13 0.269587 0.246373 0.034900 0.018762
11 0.262729 0.224421 0.015727 0.048017
13 0.363960 0.245779 0.017094 0.018762
13 0.876068 0.496248 0.079772 0.455910
13 0.655627 0.204972 0.034900 0.090994
13 0.871083 0.204503 0.069801 0.090056
13 0.871083 0.384615 0.069801 0.285178
13 0.432336 0.340994 0.054131 0.047842
13 0.500178 0.243316 0.058048 0.166276
13 0.733262 0.524009 0.069088 0.018762
13 0.558761 0.163715 0.022080 0.018762
13 0.657764 0.720836 0.220085 0.018762
11 0.558758 0.699059 0.015699 0.047883
13 0.751068 0.068480 0.104701 0.046904
13 0.686254 0.147280 0.007123 0.129456
11 0.676282 0.187366 0.017094 0.039983
13 0.686254 0.384615 0.007123 0.210131
11 0.676282 0.255176 0.017094 0.089192
13 0.507123 0.360671 0.044160 0.018762
13 0.605057 0.456379 0.136040 0.143527
13 0.500178 0.559451 0.058048 0.330910
13 0.455662 0.128987 0.434829 0.166041
11 0.229701 0.180129 0.017094 0.089192
