8 0.500113 0.152326 0.993250 0.290698
8 0.500113 0.516284 0.993250 0.332567
8 0.500113 0.854498 0.993250 0.276439
0 0.055814 0.152326 0.017442 0.034884
3 0.137209 0.152326 0.058140 0.093023
3 0.350490 0.152326 0.058140 0.093023
3 0.265116 0.152326 0.058140 0.093023
1 0.201163 0.152326 0.017442 0.034884
3 0.434792 0.153217 0.058140 0.093023
1 0.568605 0.152326 0.017442 0.034884
3 0.787197 0.152326 0.058140 0.093023
1 0.568605 0.239535 0.017442 0.034884
3 0.887197 0.152326 0.058140 0.093023
2 0.966114 0.152326 0.016279 0.032558
4 0.615116 0.152326 0.023256 0.046512
0 0.055814 0.504651 0.017442 0.034884
3 0.140774 0.504651 0.065269 0.093023
3 0.238953 0.504651 0.058140 0.093023
3 0.323256 0.504651 0.058140 0.093023
3 0.433721 0.504651 0.058140 0.093023
3 0.632558 0.504384 0.058140 0.093023
3 0.902741 0.504651 0.058140 0.093023
3 0.835382 0.597674 0.058140 0.093023
2 0.966114 0.504651 0.016279 0.032558
1 0.525000 0.504651 0.017442 0.034884
1 0.747875 0.597674 0.017442 0.034884
1 0.747875 0.504384 0.017442 0.034884
0 0.055814 0.854651 0.017442 0.034884
3 0.154651 0.854651 0.058140 0.093023
3 0.283725 0.854651 0.058140 0.093023
3 0.525000 0.854423 0.058140 0.093023
2 0.966114 0.854423 0.016279 0.032558
12 0.937121 0.152326 0.044033 0.011628
12 0.944893 0.504651 0.028488 0.011628
12 0.756022 0.854423 0.406230 0.011628
12 0.095058 0.854651 0.063372 0.011628
12 0.219188 0.854651 0.073260 0.011628
12 0.404363 0.854537 0.185461 0.011628
12 0.086337 0.152326 0.045930 0.011628
12 0.086337 0.504651 0.045930 0.011628
12 0.191646 0.504651 0.038801 0.011628
12 0.281105 0.504651 0.028488 0.011628
12 0.378488 0.504651 0.054651 0.011628
12 0.489535 0.504651 0.055814 0.011628
12 0.568605 0.504543 0.072093 0.011628
12 0.525000 0.665002 0.005814 0.290469
12 0.781454 0.597674 0.052043 0.011628
12 0.179360 0.152326 0.028488 0.011628
12 0.222965 0.152326 0.028488 0.011628
12 0.307803 0.152326 0.029560 0.011628
12 0.289877 0.328488 0.123552 0.263953
12 0.303973 0.328488 0.112984 0.263953
12 0.392641 0.152771 0.028488 0.011628
12 0.476408 0.153022 0.027417 0.011628
12 0.379024 0.328934 0.113862 0.263062
12 0.536047 0.152605 0.050000 0.011628
12 0.530378 0.207558 0.061337 0.068605
12 0.590407 0.152596 0.028488 0.011628
12 0.837197 0.152326 0.044186 0.011628
12 0.692436 0.152646 0.133709 0.011628
12 0.596366 0.207558 0.040407 0.068605
12 0.244767 0.694186 0.380233 0.290698
12 0.158140 0.343023 0.206977 0.293023
12 0.674709 0.504749 0.028488 0.011628
12 0.725100 0.504659 0.030433 0.011628
12 0.815134 0.504500 0.119402 0.011628
12 0.719432 0.562657 0.041770 0.074686
12 0.763621 0.594634 0.145847 0.138639
12 0.844969 0.328488 0.117870 0.263953
12 0.701994 0.404070 0.269103 0.298837
12 0.600581 0.278355 0.066279 0.363687
