8 0.500145 0.150175 0.992775 0.285857
11 0.010116 0.155940 0.013873 0.065334
8 0.272124 0.496014 0.536734 0.267391
11 0.010116 0.525188 0.013873 0.330629
8 0.210009 0.849450 0.412503 0.285857
11 0.010116 0.855565 0.013873 0.069293
8 0.732948 0.497826 0.346821 0.263768
11 0.565896 0.526126 0.013873 0.320730
0 0.050578 0.125000 0.017341 0.036232
11 0.050578 0.154665 0.049050 0.028231
3 0.118497 0.125000 0.057803 0.096618
11 0.118497 0.128019 0.054178 0.061594
3 0.194798 0.125000 0.057803 0.096618
11 0.194798 0.128019 0.048827 0.061594
3 0.269075 0.125000 0.057803 0.096618
11 0.269075 0.128019 0.048827 0.061594
3 0.419653 0.125000 0.057803 0.096618
11 0.419653 0.130737 0.066218 0.092391
3 0.347399 0.125000 0.057803 0.096618
11 0.347399 0.125302 0.041470 0.030797
1 0.675723 0.125000 0.017341 0.036232
3 0.800462 0.125000 0.057803 0.096618
11 0.800462 0.125302 0.068225 0.030797
2 0.963960 0.125000 0.016185 0.033816
11 0.963960 0.153457 0.063765 0.028231
3 0.891098 0.125000 0.057803 0.096618
11 0.891098 0.125302 0.027424 0.030797
3 0.269075 0.503623 0.057803 0.096618
11 0.269075 0.509360 0.068893 0.092391
3 0.347399 0.503623 0.057803 0.096618
11 0.347399 0.503925 0.044145 0.030797
3 0.419653 0.503623 0.057803 0.096618
11 0.419653 0.506643 0.050165 0.061594
0 0.050578 0.503623 0.017341 0.036232
2 0.497977 0.503623 0.016185 0.033816
11 0.497977 0.532080 0.094422 0.028231
0 0.050578 0.857488 0.017341 0.036232
3 0.118497 0.857488 0.057803 0.096618
11 0.118497 0.860507 0.076251 0.061594
3 0.194798 0.857488 0.057803 0.096618
11 0.194798 0.860507 0.075582 0.061594
2 0.269075 0.857488 0.016185 0.033816
0 0.608960 0.512077 0.017341 0.036232
3 0.675723 0.512077 0.057803 0.096618
11 0.675723 0.515097 0.052841 0.061594
1 0.800462 0.555694 0.017341 0.036232
11 0.826125 0.556373 0.042306 0.028231
2 0.873324 0.424396 0.016185 0.033816
11 0.873324 0.452853 0.067444 0.028231
1 0.800462 0.424396 0.017341 0.036232
11 0.800462 0.454061 0.066218 0.028231
13 0.074422 0.125000 0.032659 0.012077
13 0.156647 0.125000 0.020809 0.012077
13 0.231936 0.125000 0.018786 0.012077
13 0.308237 0.503623 0.022832 0.012077
13 0.383526 0.503623 0.016763 0.012077
13 0.308237 0.125000 0.022832 0.012077
13 0.383526 0.125000 0.016763 0.012077
13 0.149711 0.503623 0.183237 0.012077
13 0.159827 0.329408 0.220809 0.317029
13 0.074422 0.857488 0.032659 0.012077
13 0.156647 0.857488 0.020809 0.012077
13 0.242341 0.857488 0.039595 0.012077
13 0.469220 0.503623 0.043642 0.012077
13 0.632225 0.512077 0.031503 0.012077
13 0.557803 0.125000 0.220809 0.012077
13 0.727977 0.125000 0.089480 0.012077
13 0.717341 0.512457 0.027746 0.012077
13 0.845780 0.125000 0.035145 0.012077
13 0.937934 0.125000 0.038179 0.012077
13 0.419653 0.314312 0.005780 0.286836
11 0.411561 0.328636 0.013873 0.162345
13 0.337765 0.314312 0.005780 0.286836
13 0.357033 0.314312 0.005780 0.286836
13 0.274277 0.679952 0.449711 0.323671
13 0.766850 0.545963 0.052197 0.024293
13 0.443064 0.693841 0.334104 0.332126
13 0.738092 0.584457 0.127052 0.052971
13 0.675723 0.303442 0.005780 0.325483
13 0.766705 0.456159 0.052486 0.068358
13 0.837182 0.424396 0.058410 0.012077
