8 0.236930 0.046667 0.463861 0.083333
8 0.236930 0.141667 0.463861 0.083333
8 0.125167 0.236667 0.240333 0.083333
0 0.030000 0.046667 0.010000 0.010000
3 0.066667 0.046667 0.033333 0.026667
1 0.103333 0.046667 0.010000 0.010000
3 0.140000 0.046667 0.033333 0.026667
3 0.188333 0.046667 0.033333 0.026667
1 0.225000 0.046667 0.010000 0.010000
3 0.286667 0.046667 0.033333 0.026667
1 0.250000 0.046667 0.010000 0.010000
1 0.323333 0.046667 0.010000 0.010000
3 0.358333 0.046667 0.033333 0.026667
3 0.406667 0.046667 0.033333 0.026667
2 0.443000 0.046667 0.009333 0.009333
0 0.030000 0.139333 0.010000 0.010000
3 0.066667 0.139333 0.033333 0.026667
3 0.115000 0.139333 0.033333 0.026667
3 0.163333 0.139333 0.033333 0.026667
3 0.211667 0.139333 0.033333 0.026667
1 0.248333 0.139333 0.010000 0.010000
3 0.285000 0.139333 0.033333 0.026667
3 0.397333 0.139333 0.033333 0.026667
1 0.433999 0.139333 0.010000 0.010000
2 0.458666 0.139333 0.009333 0.009333
1 0.350000 0.139333 0.010000 0.010000
1 0.323333 0.166077 0.010000 0.010000
3 0.360000 0.166077 0.033333 0.026667
0 0.030000 0.236667 0.010000 0.010000
3 0.066667 0.236667 0.033333 0.026667
3 0.115000 0.236667 0.033333 0.026667
3 0.163333 0.236667 0.033333 0.026667
2 0.199667 0.236667 0.009333 0.009333
