8 0.223017 0.052633 0.446033 0.075267
8 0.245805 0.162153 0.491610 0.104307
8 0.180062 0.301817 0.360123 0.083333
0 0.023150 0.059450 0.010000 0.010000
3 0.052967 0.059450 0.033333 0.026667
3 0.114200 0.059450 0.033333 0.026667
1 0.083650 0.059450 0.010000 0.010000
1 0.259100 0.077600 0.010000 0.010000
3 0.162533 0.059450 0.033333 0.026667
3 0.349417 0.059450 0.033333 0.026667
1 0.259100 0.042967 0.010000 0.010000
3 0.397817 0.059450 0.033333 0.026667
2 0.434217 0.059450 0.009333 0.009333
3 0.288917 0.077600 0.033333 0.026667
3 0.210267 0.059450 0.033333 0.026667
3 0.065867 0.151667 0.033333 0.026667
3 0.114200 0.151667 0.033333 0.026667
3 0.162533 0.151667 0.033333 0.026667
3 0.210867 0.151667 0.033333 0.026667
3 0.288917 0.151667 0.033333 0.026667
1 0.247000 0.151667 0.010000 0.010000
3 0.452267 0.151667 0.033333 0.026667
1 0.349417 0.180450 0.010000 0.010000
3 0.386083 0.180450 0.033333 0.026667
2 0.482617 0.151667 0.009333 0.009333
0 0.023150 0.151667 0.010000 0.010000
3 0.065867 0.301817 0.033333 0.026667
3 0.125567 0.301817 0.033333 0.026667
2 0.240950 0.301817 0.009333 0.009333
0 0.023150 0.301817 0.010000 0.010000
3 0.185000 0.301817 0.033333 0.026667
