8 0.500000 0.165468 0.994350 0.316547
11 0.008004 0.171191 0.011299 0.064864
8 0.500000 0.493504 0.994350 0.265186
11 0.008004 0.508073 0.011299 0.165108
8 0.500000 0.850534 0.994350 0.283801
11 0.008004 0.856604 0.011299 0.068795
0 0.038136 0.157074 0.014124 0.035971
11 0.038136 0.186526 0.043447 0.028028
3 0.089925 0.157074 0.047081 0.095923
11 0.089925 0.160072 0.043039 0.061151
3 0.186441 0.157074 0.047081 0.095923
11 0.186441 0.157374 0.063741 0.030576
3 0.251883 0.157074 0.047081 0.095923
11 0.251883 0.157374 0.057748 0.030576
3 0.456685 0.157074 0.047081 0.095923
11 0.456685 0.160072 0.039770 0.061151
3 0.840395 0.157074 0.047081 0.095923
11 0.840395 0.160072 0.041404 0.061151
3 0.908663 0.157074 0.047081 0.095923
11 0.908663 0.160072 0.045763 0.061151
2 0.959981 0.157074 0.013183 0.033573
11 0.959981 0.185327 0.034958 0.028028
1 0.707627 0.157074 0.014124 0.035971
11 0.707627 0.124176 0.047942 0.028028
1 0.139360 0.157074 0.014124 0.035971
11 0.139360 0.120054 0.044446 0.056055
3 0.251883 0.492806 0.047081 0.095923
11 0.251883 0.495803 0.042494 0.061151
3 0.320151 0.492806 0.047081 0.095923
11 0.320151 0.493106 0.055569 0.030576
3 0.388418 0.492806 0.047081 0.095923
11 0.388418 0.493106 0.064286 0.030576
3 0.456685 0.492806 0.047081 0.095923
11 0.456685 0.495803 0.040860 0.061151
0 0.186441 0.492806 0.014124 0.035971
11 0.186441 0.522257 0.067418 0.028028
3 0.707627 0.494005 0.047081 0.095923
11 0.707627 0.497002 0.041404 0.061151
3 0.840395 0.492806 0.047081 0.095923
11 0.840395 0.495803 0.040860 0.061151
1 0.793315 0.492806 0.014124 0.035971
11 0.793315 0.459907 0.044446 0.028028
1 0.763884 0.582734 0.014124 0.035971
11 0.763884 0.612185 0.034458 0.028028
2 0.891714 0.492806 0.013183 0.033573
11 0.891714 0.521058 0.057430 0.028028
1 0.645009 0.494005 0.014124 0.035971
11 0.645009 0.456984 0.033459 0.056055
0 0.456685 0.858513 0.014124 0.035971
11 0.456685 0.887965 0.067418 0.028028
3 0.508475 0.858513 0.047081 0.095923
11 0.508475 0.861511 0.042494 0.061151
3 0.576742 0.858513 0.047081 0.095923
11 0.576742 0.861511 0.062651 0.061151
2 0.696328 0.858513 0.013183 0.033573
11 0.696328 0.886766 0.041949 0.028028
3 0.645009 0.858513 0.047081 0.095923
11 0.645009 0.858813 0.047397 0.030576
13 0.055791 0.157074 0.023070 0.011990
13 0.286017 0.492806 0.023070 0.011990
13 0.354284 0.492806 0.023070 0.011990
13 0.422552 0.492806 0.023070 0.011990
13 0.219162 0.157074 0.020245 0.011990
13 0.354284 0.157074 0.159605 0.011990
13 0.210923 0.492806 0.036723 0.011990
13 0.186441 0.339928 0.004708 0.274580
13 0.474341 0.858513 0.023070 0.011990
13 0.542608 0.858513 0.023070 0.011990
13 0.874529 0.157074 0.023070 0.011990
13 0.942797 0.157074 0.023070 0.011990
13 0.590395 0.157074 0.222222 0.011990
13 0.765772 0.157074 0.104049 0.011990
13 0.742818 0.493633 0.025183 0.011990
13 0.779776 0.493084 0.014835 0.011990
13 0.764057 0.540767 0.004708 0.052758
13 0.808616 0.492806 0.018362 0.011990
13 0.732224 0.562350 0.051078 0.045564
13 0.874529 0.492806 0.023070 0.011990
13 0.707627 0.310552 0.004708 0.275779
13 0.559087 0.493405 0.159605 0.011990
13 0.456685 0.690647 0.004708 0.304556
13 0.645009 0.661271 0.004708 0.303357
13 0.610876 0.858513 0.023070 0.011990
13 0.679143 0.858513 0.023070 0.011990
13 0.456685 0.324940 0.004708 0.244604
11 0.447269 0.355464 0.016949 0.345941
13 0.122881 0.157074 0.020716 0.011990
13 0.154661 0.157074 0.018362 0.011990
13 0.668079 0.494005 0.033898 0.011990
