8 0.500132 0.151796 0.993276 0.289687
8 0.500132 0.667304 0.993276 0.651222
0 0.047929 0.151796 0.017472 0.034762
3 0.111994 0.151796 0.058241 0.092700
3 0.196444 0.151796 0.058241 0.092700
1 0.280079 0.151796 0.017472 0.034762
3 0.344144 0.151796 0.058241 0.092700
3 0.428593 0.151796 0.058241 0.092700
1 0.500291 0.151796 0.017472 0.034762
1 0.620728 0.081947 0.017472 0.034762
3 0.766331 0.151796 0.058241 0.092700
3 0.850780 0.151796 0.058241 0.092700
2 0.914263 0.151796 0.016308 0.032445
6 0.561407 0.151796 0.023296 0.046350
1 0.620728 0.228290 0.017472 0.034762
9 0.508868 0.504498 0.975803 0.325611
9 0.508868 0.830109 0.975803 0.325611
0 0.047929 0.505076 0.017472 0.034762
3 0.111994 0.505076 0.058241 0.092700
3 0.196444 0.505076 0.058241 0.092700
3 0.280893 0.505076 0.058241 0.092700
3 0.365343 0.505076 0.058241 0.092700
1 0.450322 0.505076 0.017472 0.034762
3 0.514387 0.505076 0.058241 0.092700
4 0.581364 0.505076 0.023296 0.046350
3 0.809353 0.418835 0.058241 0.092700
3 0.694934 0.572794 0.058241 0.092700
2 0.872836 0.418835 0.016308 0.032445
1 0.759855 0.572794 0.017472 0.034762
0 0.047929 0.830687 0.017472 0.034762
3 0.111994 0.830687 0.058241 0.092700
3 0.196444 0.830687 0.058241 0.092700
3 0.280893 0.830687 0.058241 0.092700
2 0.344376 0.830687 0.016308 0.032445
12 0.069769 0.151796 0.028538 0.011587
12 0.154219 0.151796 0.028538 0.011587
12 0.248453 0.151796 0.048108 0.011587
12 0.301919 0.151796 0.028538 0.011587
12 0.181476 0.332107 0.269424 0.315811
12 0.069769 0.505076 0.028538 0.011587
12 0.154219 0.505076 0.028538 0.011587
12 0.386369 0.151796 0.028538 0.011587
12 0.297958 0.319618 0.205359 0.282853
12 0.238668 0.505076 0.028538 0.011587
12 0.323118 0.505076 0.028538 0.011587
12 0.474635 0.151796 0.036171 0.011587
12 0.428449 0.313534 0.128542 0.295020
12 0.529393 0.151796 0.043062 0.011587
12 0.192076 0.672130 0.290623 0.286987
12 0.069769 0.830687 0.028538 0.011587
12 0.154219 0.830687 0.028538 0.011587
12 0.418024 0.505076 0.049452 0.011587
12 0.472162 0.505076 0.028538 0.011587
12 0.360286 0.650799 0.164929 0.271712
12 0.571198 0.279027 0.092654 0.364033
12 0.683337 0.116872 0.110076 0.074484
12 0.808555 0.151796 0.028538 0.011587
12 0.893005 0.151796 0.028538 0.011587
12 0.556612 0.505440 0.028538 0.011587
12 0.623735 0.550523 0.086488 0.049178
12 0.680944 0.450368 0.200907 0.067702
12 0.787842 0.285315 0.005824 0.178974
12 0.851578 0.418835 0.028538 0.011587
12 0.238668 0.830687 0.028538 0.011587
12 0.323118 0.830687 0.028538 0.011587
12 0.737587 0.572794 0.029393 0.011587
12 0.676434 0.530245 0.169172 0.054972
12 0.586845 0.105284 0.052623 0.051309
12 0.586845 0.201630 0.052623 0.057954
12 0.683337 0.190043 0.110076 0.081129
12 0.657831 0.386058 0.076536 0.285409
