8 0.500000 0.153756 0.992899 0.293427
11 0.010059 0.185503 0.014201 0.359796
8 0.445266 0.500000 0.883432 0.293427
11 0.010059 0.545158 0.014201 0.511796
8 0.204142 0.846244 0.401183 0.293427
11 0.010059 0.878840 0.014201 0.369417
0 0.056805 0.153756 0.017751 0.035211
11 0.056805 0.191461 0.037658 0.054871
3 0.110059 0.153756 0.059172 0.093897
11 0.110059 0.156690 0.053407 0.059859
3 0.195858 0.153756 0.059172 0.093897
11 0.195858 0.156690 0.049983 0.059859
3 0.326036 0.153756 0.059172 0.093897
11 0.326036 0.159331 0.067101 0.089789
3 0.411834 0.153756 0.059172 0.093897
11 0.411834 0.154049 0.043136 0.029930
3 0.497633 0.153756 0.059172 0.093897
11 0.497633 0.159331 0.071893 0.089789
3 0.583432 0.153756 0.059172 0.093897
11 0.583432 0.156690 0.079425 0.059859
3 0.725444 0.153756 0.059172 0.093897
11 0.725444 0.154049 0.079425 0.029930
1 0.670710 0.153756 0.017751 0.035211
11 0.671302 0.122726 0.052722 0.027435
3 0.897041 0.153756 0.059172 0.093897
11 0.897041 0.156690 0.047929 0.059859
2 0.961538 0.153756 0.016568 0.032864
1 0.793491 0.153756 0.017751 0.035211
11 0.793491 0.182585 0.074062 0.027435
1 0.260947 0.153756 0.017751 0.035211
11 0.260947 0.200337 0.077828 0.082306
1 0.636686 0.153756 0.017751 0.035211
11 0.636686 0.191461 0.065902 0.054871
3 0.121893 0.482394 0.059172 0.093897
11 0.121893 0.485329 0.075317 0.059859
3 0.207692 0.482394 0.059172 0.093897
11 0.207692 0.482688 0.046560 0.029930
3 0.293491 0.482394 0.059172 0.093897
11 0.293491 0.487969 0.076686 0.089789
3 0.565680 0.482394 0.059172 0.093897
11 0.565680 0.482688 0.074632 0.029930
1 0.657396 0.576291 0.017751 0.035211
11 0.657396 0.605120 0.043307 0.027435
3 0.722485 0.576291 0.059172 0.093897
11 0.722485 0.576585 0.068470 0.029930
0 0.056805 0.482394 0.017751 0.035211
11 0.056805 0.520100 0.045818 0.054871
3 0.367456 0.482394 0.059172 0.093897
11 0.367456 0.485329 0.054091 0.059859
1 0.473964 0.482394 0.017751 0.035211
11 0.473964 0.511224 0.061509 0.027435
1 0.688462 0.458920 0.017751 0.035211
11 0.688462 0.487749 0.064019 0.027435
3 0.753550 0.458920 0.059172 0.093897
11 0.753550 0.461854 0.081479 0.059859
2 0.818047 0.458920 0.016568 0.032864
1 0.429586 0.482394 0.017751 0.035211
11 0.429586 0.520100 0.038914 0.054871
3 0.133728 0.828638 0.059172 0.093897
11 0.133728 0.831573 0.050668 0.059859
3 0.219527 0.828638 0.059172 0.093897
11 0.219527 0.834214 0.056830 0.089789
0 0.056805 0.828638 0.017751 0.035211
11 0.056805 0.866344 0.045818 0.054871
3 0.305325 0.828638 0.059172 0.093897
11 0.305325 0.831573 0.059569 0.059859
2 0.369822 0.828638 0.016568 0.032864
13 0.073077 0.153756 0.017160 0.011737
13 0.152959 0.153756 0.028994 0.011737
13 0.238757 0.153756 0.028994 0.011737
13 0.283136 0.153756 0.028994 0.011737
13 0.368935 0.153756 0.028994 0.011737
13 0.164793 0.482394 0.028994 0.011737
13 0.250592 0.482394 0.028994 0.011737
13 0.454734 0.153756 0.028994 0.011737
13 0.395562 0.318075 0.206509 0.239437
13 0.540533 0.153756 0.028994 0.011737
13 0.176627 0.828638 0.028994 0.011737
13 0.599704 0.482789 0.011243 0.011737
13 0.632396 0.541080 0.034615 0.075117
13 0.679586 0.576291 0.028994 0.011737
13 0.192012 0.332746 0.272781 0.268779
13 0.078994 0.482394 0.028994 0.011737
13 0.210420 0.670188 0.316439 0.286385
13 0.084911 0.828638 0.040828 0.011737
13 0.330473 0.482394 0.017160 0.011737
13 0.262426 0.828638 0.028994 0.011737
13 0.408876 0.482394 0.026036 0.011737
13 0.451775 0.482394 0.028994 0.011737
13 0.509467 0.482394 0.055621 0.011737
13 0.620414 0.153756 0.017160 0.011737
13 0.618195 0.303404 0.107396 0.268779
13 0.653698 0.153756 0.018639 0.011737
13 0.687722 0.153756 0.018639 0.011737
13 0.319625 0.318075 0.206509 0.239437
13 0.299901 0.318075 0.206509 0.239437
13 0.706953 0.321009 0.039349 0.245305
13 0.710651 0.458920 0.028994 0.011737
13 0.939941 0.153756 0.028994 0.011737
13 0.769822 0.153756 0.031953 0.011737
13 0.834911 0.153756 0.067456 0.011737
13 0.796450 0.458920 0.028994 0.011737
13 0.773521 0.291667 0.042308 0.245305
13 0.348225 0.828638 0.028994 0.011737
13 0.389645 0.640845 0.171006 0.286385
13 0.653698 0.470951 0.054142 0.028756
13 0.757988 0.541080 0.014201 0.075117
