8 0.499933 0.172444 0.991796 0.331556
8 0.499933 0.527111 0.991796 0.277778
8 0.499933 0.854889 0.991796 0.277778
0 0.051782 0.199333 0.020175 0.033333
3 0.125757 0.199333 0.067249 0.088889
3 0.223268 0.199333 0.067249 0.088889
3 0.347680 0.199333 0.067249 0.088889
3 0.445192 0.199333 0.067249 0.088889
1 0.285474 0.199333 0.020175 0.033333
3 0.530935 0.199333 0.067249 0.088889
1 0.605077 0.199556 0.020175 0.033333
3 0.808272 0.199333 0.067249 0.088889
2 0.884970 0.199333 0.018830 0.031111
3 0.707666 0.199333 0.067249 0.088889
0 0.061870 0.527111 0.020175 0.033333
3 0.125757 0.527111 0.067249 0.088889
3 0.213181 0.527111 0.067249 0.088889
3 0.300605 0.527111 0.067249 0.088889
3 0.388030 0.527111 0.067249 0.088889
3 0.472091 0.527111 0.067249 0.088889
1 0.530935 0.527111 0.020175 0.033333
3 0.605077 0.527111 0.067249 0.088889
1 0.747747 0.576667 0.020175 0.033333
1 0.707666 0.468778 0.020175 0.033333
3 0.830733 0.576667 0.067249 0.088889
2 0.904035 0.468778 0.018830 0.031111
3 0.781641 0.468778 0.067249 0.088889
0 0.261937 0.854889 0.020175 0.033333
3 0.335911 0.854889 0.067249 0.088889
3 0.433423 0.854889 0.067249 0.088889
3 0.628447 0.854889 0.067249 0.088889
2 0.693611 0.854889 0.018830 0.031111
3 0.530935 0.854889 0.067249 0.088889
13 0.077001 0.199333 0.032952 0.011111
13 0.174512 0.199333 0.032952 0.011111
13 0.205239 0.377111 0.289428 0.271111
13 0.082044 0.527111 0.022865 0.011111
13 0.396436 0.199333 0.032952 0.011111
13 0.169469 0.527111 0.022865 0.011111
13 0.317978 0.363222 0.234701 0.243333
13 0.340395 0.363222 0.234701 0.243333
13 0.266140 0.199333 0.021184 0.011111
13 0.304808 0.199333 0.021184 0.011111
13 0.256893 0.527111 0.022865 0.011111
13 0.344317 0.527111 0.022865 0.011111
13 0.488063 0.199333 0.021184 0.011111
13 0.579775 0.199627 0.033120 0.011111
13 0.430061 0.527111 0.019502 0.011111
13 0.367014 0.704889 0.212845 0.271111
13 0.287155 0.854889 0.032952 0.011111
13 0.384667 0.854889 0.032952 0.011111
13 0.513282 0.527111 0.017821 0.011111
13 0.530935 0.677111 0.006725 0.271111
13 0.482179 0.854889 0.032952 0.011111
13 0.673134 0.854889 0.024815 0.011111
13 0.556237 0.527111 0.033120 0.011111
13 0.605077 0.349444 0.006725 0.270889
13 0.579691 0.854889 0.032952 0.011111
13 0.649765 0.527468 0.024815 0.011111
13 0.686096 0.486833 0.025656 0.040556
13 0.777471 0.576667 0.041964 0.011111
13 0.732885 0.468778 0.032952 0.011111
13 0.757969 0.199333 0.036046 0.011111
13 0.854943 0.468778 0.082044 0.011111
13 0.718215 0.374222 0.227726 0.320444
13 0.644603 0.199470 0.061567 0.011111
13 0.858726 0.199333 0.036348 0.011111
13 0.707666 0.347944 0.006725 0.212778
13 0.459482 0.363222 0.145595 0.243333
13 0.752017 0.591944 0.160121 0.089667
13 0.710917 0.563000 0.056176 0.031778
11 0.013853 0.172222 0.009415 0.157865
11 0.051674 0.231667 0.028029 0.028000
11 0.126658 0.198444 0.041726 0.031556
11 0.223268 0.198444 0.038804 0.031556
11 0.347680 0.198444 0.032523 0.031556
11 0.446204 0.198444 0.039929 0.031556
11 0.285670 0.161667 0.038724 0.028000
11 0.531271 0.198444 0.045534 0.031556
11 0.604954 0.162778 0.022282 0.028000
11 0.808339 0.198444 0.022648 0.015556
11 0.886057 0.155444 0.043802 0.013333
11 0.707465 0.198444 0.053612 0.015556
11 0.013853 0.526667 0.009415 0.222361
11 0.061743 0.559444 0.042787 0.028000
11 0.126880 0.526222 0.054724 0.047556
11 0.213181 0.526222 0.034757 0.031556
11 0.300605 0.526222 0.034316 0.031556
11 0.388030 0.526222 0.038812 0.031556
11 0.472091 0.526222 0.040585 0.031556
11 0.528576 0.469444 0.034959 0.028000
11 0.605245 0.526222 0.032523 0.031556
11 0.747804 0.602111 0.020154 0.013333
11 0.707542 0.494333 0.040504 0.013333
11 0.831652 0.576222 0.034765 0.031556
11 0.909008 0.427222 0.049355 0.028000
11 0.781439 0.468444 0.038812 0.031556
11 0.013853 0.854444 0.009415 0.162309
11 0.262063 0.887222 0.034549 0.028000
11 0.337091 0.854000 0.040266 0.031556
11 0.434772 0.854000 0.045751 0.047556
11 0.628783 0.854000 0.038800 0.031556
11 0.693747 0.878778 0.020984 0.013333
11 0.532286 0.854000 0.047337 0.031556
