8 0.499950 0.150402 0.993971 0.287026
11 0.008399 0.181456 0.011858 0.351948
8 0.499950 0.565394 0.993971 0.359262
11 0.008399 0.609568 0.011858 0.500631
8 0.499950 0.910987 0.993971 0.165683
11 0.008399 0.936229 0.017787 0.286075
0 0.054842 0.110568 0.014822 0.034443
11 0.054842 0.138768 0.060792 0.026837
3 0.116601 0.110218 0.049407 0.091848
11 0.116601 0.113088 0.044593 0.058553
3 0.190711 0.110218 0.049407 0.091848
11 0.190711 0.113088 0.042878 0.058553
3 0.272233 0.110218 0.049407 0.091848
11 0.272233 0.115672 0.054313 0.087830
3 0.353755 0.110218 0.049407 0.091848
11 0.353755 0.113088 0.041735 0.058553
3 0.435277 0.110218 0.049407 0.091848
11 0.435277 0.113088 0.064603 0.058553
1 0.593379 0.110218 0.014822 0.034443
11 0.598814 0.148751 0.060268 0.026837
3 0.805737 0.110568 0.049407 0.091848
11 0.805737 0.110855 0.058315 0.029277
3 0.894763 0.110568 0.049407 0.091848
11 0.894763 0.113438 0.040020 0.058553
2 0.958498 0.110568 0.013834 0.032147
11 0.958498 0.137620 0.053455 0.026837
3 0.725068 0.110568 0.049407 0.091848
11 0.725068 0.113438 0.052026 0.058553
0 0.054842 0.494834 0.014822 0.034443
11 0.054842 0.523034 0.081755 0.026837
3 0.212945 0.587441 0.049407 0.091848
11 0.212945 0.595478 0.058315 0.117107
3 0.212945 0.448909 0.049407 0.091848
11 0.212945 0.449196 0.058315 0.029277
3 0.353755 0.494834 0.049407 0.091848
11 0.353755 0.495121 0.064032 0.029277
3 0.435277 0.494834 0.049407 0.091848
11 0.435277 0.497704 0.064603 0.058553
3 0.519269 0.494834 0.049407 0.091848
11 0.519269 0.502870 0.045165 0.117107
3 0.593379 0.494834 0.049407 0.091848
11 0.593379 0.495121 0.062316 0.029277
3 0.894763 0.448909 0.049407 0.091848
11 0.894763 0.451780 0.065747 0.058553
1 0.725068 0.448909 0.014822 0.034443
11 0.725068 0.477110 0.078086 0.026837
1 0.721838 0.587441 0.014822 0.034443
11 0.721838 0.615641 0.019391 0.026837
3 0.809782 0.587441 0.049407 0.091848
11 0.809782 0.587728 0.057171 0.029277
2 0.958498 0.448909 0.013834 0.032147
11 0.958498 0.475962 0.064984 0.026837
5 0.116601 0.494834 0.019763 0.045924
5 0.269763 0.512055 0.019763 0.045924
0 0.054842 0.902475 0.014822 0.034443
11 0.054842 0.930675 0.081755 0.026837
3 0.116601 0.902475 0.049407 0.091848
11 0.116601 0.905345 0.042307 0.058553
3 0.257411 0.902475 0.049407 0.091848
11 0.257411 0.907928 0.056028 0.087830
2 0.328557 0.902475 0.013834 0.032147
11 0.328557 0.929527 0.083851 0.026837
13 0.077075 0.110442 0.031621 0.011481
13 0.153656 0.110218 0.026680 0.011481
13 0.231472 0.110218 0.034091 0.011481
13 0.084486 0.495108 0.046443 0.011481
13 0.312994 0.110218 0.034091 0.011481
13 0.394516 0.494834 0.034091 0.011481
13 0.477273 0.494834 0.036561 0.011481
13 0.077075 0.902475 0.031621 0.011481
13 0.301877 0.902475 0.041502 0.011481
13 0.428030 0.713580 0.200922 0.350236
13 0.556324 0.494834 0.026680 0.011481
13 0.394516 0.110218 0.034091 0.011481
13 0.435277 0.302526 0.004941 0.297359
13 0.593379 0.288175 0.004941 0.326062
13 0.850250 0.110568 0.041595 0.011481
13 0.935524 0.110568 0.034091 0.011481
13 0.635375 0.495181 0.036561 0.011481
13 0.690227 0.460390 0.056837 0.027555
13 0.801269 0.448909 0.139556 0.011481
13 0.688612 0.552618 0.053607 0.074238
13 0.765403 0.110568 0.033238 0.011481
13 0.725068 0.294090 0.004941 0.279788
13 0.282938 0.713006 0.458169 0.349088
11 0.088276 0.780755 0.069177 0.029277
13 0.935524 0.448909 0.034091 0.011481
13 0.850250 0.279739 0.094013 0.251085
13 0.650578 0.110370 0.101550 0.011481
13 0.522974 0.110218 0.127964 0.011481
13 0.757163 0.587441 0.057805 0.011481
13 0.152544 0.552618 0.073370 0.074238
13 0.152544 0.460390 0.073370 0.027555
13 0.153903 0.316877 0.200099 0.326062
13 0.270998 0.279564 0.142787 0.251435
13 0.253829 0.561229 0.034338 0.057016
13 0.304348 0.503731 0.051383 0.022388
13 0.253829 0.469001 0.034338 0.044776
13 0.293643 0.279564 0.146904 0.251435
11 0.337788 0.372847 0.035446 0.029277
13 0.741033 0.603904 0.166512 0.176808
13 0.187006 0.902475 0.093379 0.011481
