8 0.500000 0.151972 0.991118 0.290023
11 0.012583 0.157845 0.017765 0.066560
8 0.500000 0.494200 0.991118 0.290023
11 0.012583 0.508295 0.017765 0.159745
8 0.505551 0.848028 0.980015 0.290023
11 0.023686 0.853565 0.017765 0.062757
3 0.152480 0.151972 0.074019 0.092807
11 0.152480 0.154872 0.063382 0.059165
3 0.259808 0.151972 0.074019 0.092807
11 0.259808 0.157483 0.071090 0.088747
1 0.422650 0.151972 0.022206 0.034803
11 0.422650 0.189240 0.069092 0.054234
0 0.071058 0.151972 0.022206 0.034803
11 0.071058 0.189240 0.063596 0.054234
3 0.637306 0.151972 0.074019 0.092807
11 0.637306 0.162703 0.081368 0.147912
2 0.718727 0.151972 0.020725 0.032483
11 0.718727 0.188080 0.070662 0.054234
0 0.071058 0.459397 0.022206 0.034803
11 0.071058 0.496665 0.057315 0.054234
3 0.152480 0.459397 0.074019 0.092807
11 0.152480 0.464907 0.087364 0.088747
3 0.259808 0.459397 0.074019 0.092807
11 0.259808 0.462297 0.056530 0.059165
1 0.341229 0.459397 0.022206 0.034803
11 0.341229 0.496665 0.044753 0.054234
3 0.422650 0.459397 0.074019 0.092807
11 0.422650 0.464907 0.083081 0.088747
3 0.637306 0.459397 0.074019 0.092807
11 0.637306 0.462297 0.053104 0.059165
3 0.529978 0.459397 0.074019 0.092807
11 0.529978 0.464907 0.067664 0.088747
3 0.951887 0.581206 0.074019 0.092807
11 0.951887 0.584107 0.053104 0.059165
1 0.718727 0.459397 0.022206 0.034803
1 0.822354 0.459397 0.022206 0.034803
11 0.822354 0.496665 0.047893 0.054234
1 0.774241 0.581206 0.022206 0.034803
11 0.774241 0.618474 0.043182 0.054234
4 0.822354 0.581206 0.029608 0.046404
11 0.849255 0.612529 0.057386 0.059165
0 0.071058 0.848028 0.022206 0.034803
11 0.071058 0.894069 0.061240 0.081352
3 0.152480 0.848028 0.074019 0.092807
11 0.152480 0.850928 0.062525 0.059165
3 0.319023 0.848028 0.074019 0.092807
11 0.319023 0.850928 0.062525 0.059165
1 0.422650 0.848028 0.022206 0.034803
11 0.422650 0.894069 0.045538 0.081352
3 0.637306 0.848028 0.074019 0.092807
11 0.637306 0.850928 0.047108 0.059165
3 0.885270 0.848028 0.074019 0.092807
11 0.885270 0.850928 0.059956 0.059165
2 0.965951 0.848028 0.020725 0.032483
11 0.965951 0.884136 0.040042 0.054234
1 0.233901 0.848028 0.022206 0.034803
11 0.233901 0.885296 0.052604 0.054234
13 0.098816 0.848028 0.036269 0.011601
13 0.098816 0.459397 0.036269 0.011601
13 0.206144 0.459397 0.036269 0.011601
13 0.383790 0.848028 0.058475 0.011601
13 0.313472 0.459397 0.036269 0.011601
13 0.368986 0.459397 0.036269 0.011601
13 0.206144 0.151972 0.036269 0.011601
13 0.354182 0.151972 0.117691 0.011601
13 0.517024 0.848028 0.169504 0.011601
13 0.761288 0.848028 0.176906 0.011601
13 0.422650 0.668213 0.007402 0.329466
13 0.476314 0.459397 0.036269 0.011601
13 0.583642 0.459397 0.036269 0.011601
13 0.098816 0.151972 0.036269 0.011601
13 0.517024 0.151972 0.169504 0.011601
13 0.637306 0.305684 0.007402 0.219258
13 0.637306 0.653712 0.007402 0.300464
13 0.300518 0.291183 0.461880 0.248260
13 0.690970 0.459397 0.036269 0.011601
13 0.740933 0.529002 0.047372 0.109049
13 0.800765 0.714617 0.305206 0.178654
13 0.938934 0.848028 0.036269 0.011601
13 0.691340 0.151972 0.037010 0.011601
13 0.195041 0.639211 0.250925 0.329466
13 0.206144 0.848028 0.036269 0.011601
13 0.263509 0.848028 0.039970 0.011601
13 0.770540 0.459397 0.084382 0.011601
13 0.892672 0.497100 0.121392 0.080046
13 0.796447 0.581472 0.025167 0.011601
13 0.822529 0.517401 0.007402 0.085847
11 0.841851 0.545136 0.017800 0.024862
13 0.876018 0.581454 0.080681 0.011601
11 0.851263 0.567997 0.025477 0.029802
13 0.868674 0.614269 0.095369 0.024362
