8 0.464464 0.150922 0.921446 0.288018
8 0.500000 0.508641 0.992519 0.323733
8 0.384352 0.839862 0.761222 0.306452
0 0.059850 0.150922 0.018703 0.034562
3 0.128429 0.150922 0.062344 0.092166
3 0.218828 0.150922 0.062344 0.092166
1 0.287406 0.150922 0.018703 0.034562
3 0.355985 0.150922 0.062344 0.092166
3 0.446384 0.150922 0.062344 0.092166
3 0.536783 0.150922 0.062344 0.092166
1 0.605362 0.150922 0.018703 0.034562
3 0.673940 0.150922 0.062344 0.092166
3 0.820449 0.150922 0.062344 0.092166
2 0.888404 0.150922 0.017456 0.032258
1 0.742519 0.150922 0.018703 0.034562
0 0.059850 0.490783 0.018703 0.034562
3 0.137781 0.490783 0.062344 0.092166
3 0.237531 0.490783 0.062344 0.092166
1 0.340399 0.490783 0.018703 0.034562
1 0.421446 0.490783 0.018703 0.034562
3 0.605362 0.490783 0.062344 0.092166
1 0.673940 0.625576 0.018703 0.034562
1 0.820449 0.490783 0.018703 0.034562
3 0.883416 0.490783 0.062344 0.092166
2 0.951372 0.490783 0.017456 0.032258
4 0.673940 0.561060 0.024938 0.046083
3 0.811097 0.588710 0.062344 0.092166
2 0.888404 0.588710 0.017456 0.032258
0 0.340399 0.839862 0.018703 0.034562
3 0.408978 0.839862 0.062344 0.092166
3 0.499377 0.839862 0.062344 0.092166
2 0.583541 0.839862 0.017456 0.032258
12 0.083229 0.150922 0.030549 0.011521
12 0.173628 0.150922 0.030549 0.011521
12 0.264027 0.150922 0.030549 0.011521
12 0.310786 0.150922 0.030549 0.011521
12 0.401185 0.150922 0.030549 0.011521
12 0.492158 0.150922 0.029399 0.011521
12 0.581983 0.150922 0.030549 0.011521
12 0.628741 0.150922 0.030549 0.011521
12 0.719140 0.150922 0.030549 0.011521
12 0.865648 0.150922 0.030549 0.011521
12 0.207918 0.335253 0.298628 0.281106
12 0.087905 0.490783 0.039900 0.011521
12 0.281692 0.320853 0.311097 0.252304
12 0.187656 0.490783 0.039900 0.011521
12 0.387157 0.320853 0.301746 0.252304
12 0.302473 0.320853 0.311097 0.252304
12 0.299875 0.490783 0.064838 0.011521
12 0.380923 0.490783 0.064838 0.011521
12 0.605362 0.306452 0.006234 0.281106
12 0.649002 0.491148 0.027431 0.011521
12 0.674097 0.525922 0.006234 0.028802
12 0.502494 0.490783 0.145885 0.011521
12 0.363778 0.839862 0.030549 0.011521
12 0.454177 0.839862 0.030549 0.011521
12 0.340399 0.665323 0.006234 0.319124
12 0.552681 0.839862 0.046758 0.011521
12 0.502494 0.665899 0.164589 0.320276
12 0.674252 0.525922 0.006234 0.028802
12 0.740274 0.335253 0.162844 0.281106
12 0.841022 0.490783 0.024938 0.011521
12 0.928616 0.490783 0.030549 0.011521
12 0.770574 0.150922 0.039900 0.011521
12 0.812968 0.306452 0.143392 0.281106
12 0.634975 0.581221 0.061721 0.093318
12 0.748753 0.490783 0.127182 0.011521
12 0.860973 0.588710 0.039900 0.011521
12 0.733167 0.574885 0.096010 0.032258
12 0.673940 0.596198 0.006234 0.028802
