8 0.500000 0.151972 0.995636 0.290023
11 0.006182 0.157510 0.008727 0.062757
8 0.500000 0.500000 0.995636 0.290023
11 0.006182 0.514095 0.008727 0.159745
8 0.500000 0.848028 0.995636 0.290023
11 0.006182 0.853901 0.008727 0.066560
0 0.029455 0.151972 0.010909 0.034803
11 0.029455 0.189240 0.024686 0.054234
3 0.064000 0.151972 0.036364 0.092807
11 0.064000 0.154872 0.032821 0.059165
3 0.118545 0.151972 0.036364 0.092807
11 0.118545 0.154872 0.030717 0.059165
1 0.154909 0.151972 0.010909 0.034803
11 0.154909 0.198013 0.021214 0.081352
3 0.189455 0.151972 0.036364 0.092807
11 0.189455 0.154872 0.030717 0.059165
3 0.282182 0.151972 0.036364 0.092807
11 0.282182 0.154872 0.026088 0.059165
3 0.353091 0.151972 0.036364 0.092807
11 0.353091 0.157483 0.027771 0.088747
1 0.620364 0.151972 0.010909 0.034803
11 0.620364 0.198013 0.025843 0.081352
3 0.850545 0.151972 0.036364 0.092807
11 0.850545 0.152262 0.048810 0.029582
3 0.916000 0.151972 0.036364 0.092807
11 0.916000 0.154872 0.029455 0.059165
2 0.957455 0.151972 0.010182 0.032483
11 0.957455 0.188080 0.022757 0.054234
4 0.653091 0.151972 0.014545 0.046404
3 0.694909 0.070766 0.036364 0.092807
11 0.694909 0.073666 0.029455 0.059165
4 0.729455 0.151972 0.014545 0.046404
4 0.794909 0.151972 0.014545 0.046404
3 0.762182 0.070766 0.036364 0.092807
11 0.762182 0.071056 0.050073 0.029582
0 0.189455 0.500000 0.010909 0.034803
11 0.189455 0.546041 0.028157 0.081352
3 0.233091 0.500000 0.036364 0.092807
11 0.233091 0.505510 0.042919 0.088747
3 0.282182 0.500000 0.036364 0.092807
11 0.282182 0.502900 0.043761 0.059165
1 0.318545 0.500000 0.010909 0.034803
11 0.318545 0.528495 0.035871 0.027117
3 0.353091 0.500000 0.036364 0.092807
11 0.353091 0.508121 0.031558 0.118329
3 0.407636 0.500000 0.036364 0.092807
11 0.407636 0.508121 0.033242 0.118329
3 0.571273 0.500000 0.036364 0.092807
11 0.571273 0.505510 0.044603 0.088747
3 0.620364 0.500000 0.036364 0.092807
11 0.620364 0.502900 0.048810 0.059165
3 0.850545 0.500000 0.036364 0.092807
11 0.850545 0.502900 0.037449 0.059165
1 0.694909 0.441995 0.010909 0.034803
11 0.694909 0.479263 0.038186 0.054234
1 0.694909 0.563805 0.010909 0.034803
11 0.694909 0.618619 0.036257 0.108469
3 0.762182 0.563805 0.036364 0.092807
11 0.762182 0.566705 0.026088 0.059165
2 0.896364 0.500000 0.010182 0.032483
11 0.896364 0.536108 0.036643 0.054234
0 0.407636 0.848028 0.010909 0.034803
11 0.407636 0.894069 0.055543 0.081352
3 0.462182 0.848028 0.036364 0.092807
11 0.462182 0.850928 0.031138 0.059165
3 0.516727 0.848028 0.036364 0.092807
11 0.516727 0.853538 0.045444 0.088747
3 0.571273 0.848028 0.036364 0.092807
11 0.571273 0.856148 0.050073 0.118329
2 0.612727 0.848028 0.010182 0.032483
11 0.612727 0.910455 0.032014 0.135586
13 0.040364 0.151972 0.012364 0.011601
13 0.091273 0.151972 0.019636 0.011601
13 0.143091 0.151972 0.014182 0.011601
13 0.165818 0.151972 0.012364 0.011601
13 0.189455 0.340487 0.003636 0.288863
13 0.204909 0.500000 0.021455 0.011601
13 0.257636 0.500000 0.014182 0.011601
13 0.235818 0.151972 0.057818 0.011601
13 0.306727 0.500000 0.014182 0.011601
13 0.329455 0.500000 0.012364 0.011601
13 0.317636 0.151972 0.036000 0.011601
13 0.353091 0.325986 0.003636 0.259861
13 0.380364 0.500000 0.019636 0.011601
13 0.407636 0.688515 0.003636 0.288863
13 0.428545 0.848028 0.032364 0.011601
13 0.489455 0.848028 0.019636 0.011601
13 0.489455 0.500000 0.128727 0.011601
13 0.544000 0.848028 0.019636 0.011601
13 0.571273 0.674014 0.003636 0.259861
11 0.564000 0.687102 0.013091 0.148334
13 0.595818 0.500000 0.014182 0.011601
13 0.493091 0.151972 0.245091 0.011601
13 0.620364 0.311485 0.003636 0.288863
13 0.883273 0.151972 0.030545 0.011601
13 0.943273 0.151972 0.019636 0.011601
13 0.647636 0.500361 0.019636 0.011601
13 0.676818 0.459397 0.026727 0.039443
13 0.766364 0.470998 0.133455 0.062645
13 0.676818 0.543503 0.026727 0.045244
13 0.722182 0.563805 0.045091 0.011601
13 0.716727 0.508991 0.092364 0.021462
13 0.635818 0.152245 0.021455 0.011601
13 0.665000 0.099768 0.024909 0.062645
13 0.721364 0.099768 0.018000 0.062645
13 0.736818 0.099768 0.015818 0.062645
13 0.787727 0.099768 0.016182 0.062645
13 0.817273 0.152320 0.031636 0.011601
13 0.841455 0.325986 0.003636 0.259861
13 0.859636 0.325986 0.003636 0.259861
13 0.880000 0.500000 0.024000 0.011601
13 0.598545 0.848028 0.019636 0.011601
13 0.769091 0.317285 0.003636 0.404872
13 0.691273 0.152552 0.063273 0.011601
11 0.686275 0.138921 0.069008 0.029582
13 0.762182 0.152552 0.052364 0.011601
11 0.761797 0.138921 0.066483 0.029582
13 0.273091 0.325986 0.003636 0.259861
13 0.301879 0.340487 0.031152 0.288863
