8 0.500000 0.163342 0.993197 0.311721
8 0.496599 0.525561 0.986395 0.362843
8 0.298186 0.852244 0.589569 0.280549
0 0.054422 0.163342 0.017007 0.037406
3 0.116780 0.163342 0.056689 0.099751
3 0.198980 0.163342 0.056689 0.099751
3 0.281179 0.163342 0.056689 0.099751
3 0.363379 0.163342 0.056689 0.099751
3 0.445578 0.163342 0.056689 0.099751
3 0.675737 0.163342 0.056689 0.099751
3 0.757937 0.163342 0.056689 0.099751
3 0.901361 0.163342 0.056689 0.099751
2 0.963152 0.163342 0.015873 0.034913
1 0.504535 0.164589 0.017007 0.037406
1 0.584467 0.164589 0.017007 0.037406
0 0.054422 0.500000 0.017007 0.037406
3 0.116780 0.500000 0.056689 0.099751
3 0.198980 0.500000 0.056689 0.099751
3 0.281179 0.500000 0.056689 0.099751
3 0.363379 0.500000 0.056689 0.099751
3 0.445578 0.500000 0.056689 0.099751
3 0.556689 0.500000 0.056689 0.099751
3 0.675737 0.500000 0.056689 0.099751
3 0.849773 0.500000 0.056689 0.099751
3 0.854025 0.500000 0.065193 0.099751
1 0.726190 0.593516 0.017007 0.037406
3 0.849773 0.655860 0.056689 0.099751
2 0.942177 0.500000 0.015873 0.034913
1 0.768707 0.500000 0.017007 0.037406
0 0.054422 0.852868 0.017007 0.037406
3 0.157880 0.852868 0.056689 0.099751
3 0.260629 0.852868 0.056689 0.099751
3 0.363379 0.852868 0.056689 0.099751
2 0.425170 0.852868 0.015873 0.034913
12 0.075680 0.163342 0.027778 0.012469
12 0.157880 0.163342 0.027778 0.012469
12 0.240079 0.163342 0.027778 0.012469
12 0.322279 0.163342 0.027778 0.012469
12 0.404478 0.163342 0.027778 0.012469
12 0.484977 0.164175 0.024376 0.012469
12 0.716837 0.163342 0.027778 0.012469
12 0.829649 0.163342 0.089002 0.012469
12 0.942460 0.163342 0.027778 0.012469
12 0.075680 0.500000 0.027778 0.012469
12 0.157880 0.500000 0.027778 0.012469
12 0.240079 0.500000 0.027778 0.012469
12 0.322279 0.500000 0.027778 0.012469
12 0.404478 0.500000 0.027778 0.012469
12 0.501134 0.500000 0.056689 0.012469
12 0.616213 0.500000 0.064626 0.012469
12 0.773810 0.634040 0.097506 0.048628
12 0.910431 0.500000 0.049887 0.012469
12 0.209255 0.852868 0.048328 0.012469
12 0.312004 0.852868 0.048328 0.012469
12 0.404478 0.852868 0.027778 0.012469
12 0.445578 0.331671 0.005669 0.241895
12 0.628685 0.316708 0.096372 0.271820
12 0.363379 0.676434 0.005669 0.258105
12 0.322279 0.331671 0.084467 0.241895
12 0.305556 0.692020 0.504535 0.289277
12 0.793651 0.556686 0.114512 0.103586
12 0.704365 0.418644 0.236395 0.475693
12 0.620181 0.163965 0.056689 0.012469
12 0.726190 0.549875 0.005669 0.054863
12 0.544501 0.164589 0.065193 0.012469
12 0.709467 0.500000 0.013039 0.012469
12 0.748866 0.500000 0.024943 0.012469
12 0.799320 0.500000 0.046485 0.012469
12 0.096230 0.852868 0.068878 0.012469
