8 0.500000 0.131402 0.989257 0.246631
8 0.500000 0.454852 0.989257 0.246631
8 0.500000 0.823450 0.989257 0.336927
0 0.085944 0.132075 0.026858 0.040431
3 0.184423 0.132075 0.089526 0.107817
0 0.314235 0.132075 0.026858 0.040431
3 0.446285 0.132075 0.120859 0.107817
1 0.569382 0.132075 0.026858 0.040431
3 0.446285 0.455526 0.120859 0.107817
1 0.582811 0.455526 0.026858 0.040431
1 0.703671 0.455526 0.026858 0.040431
0 0.582811 0.776280 0.026858 0.040431
3 0.681289 0.776280 0.089526 0.107817
12 0.119517 0.132075 0.043868 0.013477
12 0.169502 0.114106 0.008953 0.013477
12 0.184423 0.132075 0.008953 0.013477
12 0.356759 0.132075 0.061773 0.013477
12 0.426141 0.293801 0.008953 0.221024
12 0.486571 0.293801 0.008953 0.221024
12 0.446285 0.293801 0.008953 0.221024
12 0.466428 0.293801 0.008953 0.221024
12 0.531334 0.132075 0.052820 0.013477
12 0.405998 0.293801 0.008953 0.221024
12 0.538048 0.455526 0.066249 0.013477
12 0.616383 0.776280 0.043868 0.013477
12 0.582811 0.615903 0.008953 0.285714
12 0.692480 0.599057 0.025962 0.252022
12 0.629812 0.303908 0.124440 0.308625
