8 0.295167 0.046667 0.513000 0.083333
8 0.295167 0.159667 0.513000 0.089333
8 0.204667 0.276667 0.329333 0.083333
0 0.058667 0.046667 0.010000 0.010000
3 0.092543 0.046667 0.033333 0.026667
1 0.125000 0.046667 0.010000 0.010000
3 0.155333 0.046667 0.033333 0.026667
3 0.209667 0.046667 0.033333 0.026667
3 0.262000 0.046667 0.033333 0.026667
1 0.303667 0.046667 0.010000 0.010000
3 0.436667 0.046667 0.033333 0.026667
4 0.341667 0.046667 0.013333 0.013333
1 0.365000 0.070000 0.010000 0.010000
3 0.501667 0.046667 0.033333 0.026667
2 0.538000 0.046667 0.009333 0.009333
4 0.400333 0.046667 0.013333 0.013333
0 0.068667 0.156667 0.010000 0.010000
3 0.105333 0.156667 0.033333 0.026667
3 0.191667 0.156667 0.033333 0.026667
3 0.255333 0.156667 0.033333 0.026667
3 0.303667 0.156667 0.033333 0.026667
2 0.340000 0.156667 0.009333 0.009333
0 0.363667 0.156667 0.010000 0.010000
3 0.400333 0.156667 0.033333 0.026667
1 0.465000 0.156667 0.010000 0.010000
1 0.465000 0.185000 0.010000 0.010000
1 0.490000 0.185000 0.010000 0.010000
3 0.501667 0.185000 0.033333 0.026667
3 0.501667 0.156667 0.033333 0.026667
2 0.538000 0.156667 0.009333 0.009333
0 0.070000 0.276667 0.010000 0.010000
3 0.106667 0.276667 0.033333 0.026667
3 0.155000 0.276667 0.033333 0.026667
3 0.203333 0.276667 0.033333 0.026667
2 0.239667 0.276667 0.009333 0.009333
