8 0.256667 0.116926 0.463333 0.047186
8 0.256833 0.043867 0.463667 0.087733
8 0.254333 0.205000 0.458667 0.083333
0 0.051333 0.125000 0.010000 0.010000
3 0.088000 0.125000 0.033333 0.026667
3 0.136333 0.125000 0.033333 0.026667
3 0.184667 0.125000 0.033333 0.026667
3 0.233000 0.125000 0.033333 0.026667
3 0.388000 0.125000 0.033333 0.026667
3 0.436333 0.125000 0.033333 0.026667
2 0.474333 0.125000 0.009333 0.009333
0 0.083333 0.041667 0.010000 0.010000
3 0.120000 0.041667 0.033333 0.026667
3 0.206667 0.041667 0.033333 0.026667
3 0.255000 0.041667 0.033333 0.026667
3 0.303333 0.041667 0.033333 0.026667
3 0.374167 0.041667 0.033333 0.026667
1 0.430000 0.041667 0.010000 0.010000
3 0.463000 0.041667 0.033333 0.026667
1 0.410000 0.073333 0.010000 0.010000
3 0.446667 0.073333 0.033333 0.026667
2 0.483000 0.073333 0.009333 0.009333
1 0.335000 0.041667 0.010000 0.010000
0 0.061667 0.190000 0.010000 0.010000
3 0.098333 0.190000 0.033333 0.026667
3 0.146667 0.190000 0.033333 0.026667
2 0.463000 0.190000 0.009333 0.009333
