8 0.500000 0.160343 0.991984 0.305998
8 0.500000 0.498164 0.991984 0.325581
8 0.500000 0.839657 0.991984 0.305998
0 0.074148 0.160343 0.020040 0.036720
3 0.147629 0.160343 0.066800 0.097919
3 0.237809 0.160343 0.066800 0.097919
3 0.344689 0.160343 0.066800 0.097919
3 0.434744 0.160343 0.066800 0.097919
3 0.531605 0.160343 0.066800 0.097919
3 0.729702 0.160343 0.066800 0.097919
3 0.849031 0.160343 0.066800 0.097919
2 0.921844 0.160343 0.018704 0.034272
1 0.292765 0.160343 0.020040 0.036720
3 0.264863 0.533660 0.066800 0.097919
3 0.344689 0.533660 0.066800 0.097919
3 0.424850 0.533660 0.066800 0.097919
3 0.595190 0.533660 0.066800 0.097919
3 0.729702 0.533660 0.066800 0.097919
3 0.511690 0.533660 0.066800 0.097919
3 0.872411 0.423501 0.066800 0.097919
1 0.802605 0.423501 0.020040 0.036720
1 0.802605 0.594859 0.020040 0.036720
3 0.872411 0.594859 0.066800 0.097919
2 0.935204 0.423501 0.018704 0.034272
0 0.074649 0.533660 0.020040 0.036720
1 0.661991 0.533660 0.020040 0.036720
0 0.454910 0.864137 0.020040 0.036720
3 0.595190 0.864137 0.066800 0.097919
3 0.692051 0.864137 0.066800 0.097919
2 0.764863 0.864137 0.018704 0.034272
12 0.099198 0.160343 0.032732 0.012240
12 0.192719 0.160343 0.026052 0.012240
12 0.276977 0.160343 0.014207 0.012240
12 0.304776 0.533660 0.015698 0.012240
12 0.384770 0.533660 0.016032 0.012240
12 0.389717 0.160343 0.025927 0.012240
12 0.468270 0.533660 0.022712 0.012240
12 0.483175 0.160343 0.032732 0.012240
12 0.513360 0.864137 0.099532 0.012240
12 0.553440 0.533660 0.019372 0.012240
12 0.525050 0.714198 0.142953 0.268054
12 0.643621 0.864137 0.032732 0.012240
12 0.640281 0.533660 0.026052 0.012240
12 0.158066 0.533660 0.149466 0.012240
12 0.630653 0.160343 0.133968 0.012240
12 0.789366 0.144023 0.055202 0.012240
12 0.782853 0.290902 0.042176 0.233374
12 0.825818 0.423501 0.029058 0.012240
12 0.825818 0.594859 0.029058 0.012240
12 0.802605 0.475520 0.006680 0.072215
12 0.802605 0.567319 0.006680 0.023256
12 0.776006 0.534048 0.028482 0.012240
12 0.844021 0.540086 0.059452 0.016524
12 0.915832 0.423501 0.022712 0.012240
12 0.897462 0.160343 0.032732 0.012240
12 0.740481 0.864137 0.032732 0.012240
12 0.211673 0.362301 0.276720 0.310894
12 0.429797 0.347001 0.006680 0.280294
12 0.677021 0.683599 0.032732 0.268054
12 0.684156 0.533660 0.026963 0.012240
12 0.872411 0.291922 0.006680 0.170135
12 0.521647 0.347001 0.006680 0.280294
12 0.728723 0.347001 0.006680 0.280294
12 0.307037 0.160343 0.011177 0.012240
12 0.462426 0.344313 0.011025 0.285670
