8 0.293133 0.066667 0.456267 0.083333
8 0.297283 0.161667 0.464567 0.083333
8 0.192050 0.256667 0.254100 0.083333
0 0.087500 0.066667 0.010000 0.010000
3 0.124167 0.066667 0.033333 0.026667
3 0.189000 0.066300 0.033333 0.026667
1 0.153500 0.066667 0.010000 0.010000
1 0.263333 0.066300 0.010000 0.010000
1 0.288500 0.066450 0.010000 0.010000
1 0.313583 0.066508 0.010000 0.010000
3 0.350250 0.066508 0.033333 0.026667
3 0.398583 0.066508 0.033333 0.026667
3 0.231667 0.066300 0.033333 0.026667
2 0.434917 0.066508 0.009333 0.009333
0 0.087500 0.161667 0.010000 0.010000
3 0.124167 0.161667 0.033333 0.026667
3 0.172500 0.161667 0.033333 0.026667
3 0.221200 0.160933 0.033333 0.026667
3 0.307867 0.160933 0.033333 0.026667
1 0.340333 0.160933 0.010000 0.010000
3 0.377000 0.160933 0.033333 0.026667
3 0.507900 0.160933 0.033333 0.026667
1 0.444833 0.160933 0.010000 0.010000
1 0.444917 0.136375 0.010000 0.010000
3 0.481583 0.136250 0.033333 0.026667
0 0.087500 0.256667 0.010000 0.010000
3 0.124167 0.256667 0.033333 0.026667
3 0.172500 0.256667 0.033333 0.026667
3 0.220833 0.256667 0.033333 0.026667
2 0.299000 0.256667 0.009333 0.009333
