8 0.500000 0.119669 0.992670 0.228895
8 0.500000 0.503916 0.992670 0.217581
8 0.500000 0.880331 0.992670 0.228895
0 0.089188 0.114012 0.018326 0.026110
3 0.183873 0.114012 0.061087 0.069626
3 0.403787 0.114012 0.061087 0.069626
1 0.290776 0.114012 0.018326 0.026110
3 0.492364 0.114012 0.061087 0.069626
1 0.596213 0.114012 0.018326 0.026110
3 0.721442 0.114012 0.061087 0.069626
3 0.843616 0.114012 0.061087 0.069626
2 0.959071 0.114012 0.017104 0.024369
0 0.089188 0.503916 0.018326 0.026110
3 0.183873 0.503916 0.061087 0.069626
3 0.272450 0.503916 0.061087 0.069626
3 0.361026 0.503916 0.061087 0.069626
3 0.449603 0.503916 0.061087 0.069626
1 0.529016 0.503916 0.018326 0.026110
3 0.596213 0.503916 0.061087 0.069626
3 0.852779 0.436031 0.061087 0.069626
1 0.739768 0.503916 0.018326 0.026110
3 0.806964 0.503481 0.061087 0.047868
2 0.959071 0.436031 0.017104 0.024369
1 0.721442 0.436031 0.018326 0.026110
0 0.089188 0.874674 0.018326 0.026110
3 0.198534 0.874674 0.061087 0.069626
3 0.361026 0.874674 0.061087 0.069626
3 0.528902 0.874674 0.061087 0.069626
2 0.959071 0.874674 0.017104 0.024369
13 0.125840 0.114012 0.057422 0.008703
13 0.248015 0.114012 0.069640 0.008703
13 0.238852 0.319843 0.301772 0.345518
13 0.125840 0.503916 0.057422 0.008703
13 0.336591 0.114012 0.075748 0.008703
13 0.448076 0.114012 0.029933 0.008703
13 0.228161 0.503916 0.029933 0.008703
13 0.374771 0.308964 0.207086 0.323760
13 0.316738 0.503916 0.029933 0.008703
13 0.434331 0.308964 0.149053 0.323760
13 0.405315 0.503916 0.029933 0.008703
13 0.301466 0.308964 0.237630 0.323760
13 0.269395 0.700174 0.362859 0.326371
13 0.133170 0.874674 0.072083 0.008703
13 0.279780 0.874674 0.103849 0.008703
13 0.500000 0.503916 0.042150 0.008703
13 0.444964 0.874674 0.109232 0.008703
13 0.754982 0.874674 0.393517 0.008703
13 0.551924 0.503916 0.029933 0.008703
13 0.554979 0.114012 0.066585 0.008703
13 0.596213 0.298085 0.006109 0.345518
13 0.648137 0.114012 0.087966 0.008703
13 0.782529 0.114012 0.063531 0.008703
13 0.912340 0.114012 0.078803 0.008703
13 0.646610 0.504181 0.042150 0.008703
13 0.710751 0.504124 0.042150 0.008703
13 0.762676 0.503768 0.029933 0.008703
13 0.916921 0.436031 0.069640 0.008703
13 0.742975 0.547433 0.130422 0.055701
13 0.529016 0.678416 0.006109 0.326371
13 0.695480 0.461271 0.036042 0.053960
13 0.776420 0.436031 0.094075 0.008703
13 0.721442 0.285901 0.006109 0.277633
13 0.806964 0.356832 0.006109 0.248912
11 0.012584 0.119669 0.008552 0.123654
11 0.089168 0.139687 0.036614 0.021932
11 0.184894 0.113664 0.039525 0.037250
11 0.404707 0.113664 0.036271 0.024717
11 0.290633 0.139687 0.053471 0.021932
11 0.493283 0.113664 0.036271 0.024717
11 0.596971 0.089556 0.041835 0.010444
11 0.722362 0.113664 0.039525 0.037250
11 0.843616 0.113664 0.033407 0.024717
11 0.012584 0.503916 0.008552 0.175044
11 0.090347 0.529591 0.051189 0.021932
11 0.184737 0.503568 0.050023 0.049782
11 0.273417 0.503568 0.033506 0.037250
11 0.361945 0.503568 0.047276 0.037250
11 0.449609 0.503568 0.036877 0.049782
11 0.529775 0.479460 0.041835 0.010444
11 0.596213 0.503568 0.029543 0.024717
11 0.656823 0.482071 0.027146 0.010444
11 0.852779 0.435683 0.035255 0.024717
11 0.739529 0.529591 0.045949 0.021932
11 0.806964 0.503133 0.046244 0.012185
11 0.721400 0.455962 0.043900 0.010444
11 0.012584 0.880331 0.008552 0.127135
11 0.090347 0.911836 0.051189 0.044909
11 0.198534 0.874326 0.035043 0.024717
11 0.361949 0.874326 0.040346 0.037250
11 0.529938 0.874326 0.043000 0.024717
11 0.209947 0.268755 0.034432 0.012185
11 0.460194 0.434117 0.015683 0.012185
11 0.518537 0.426061 0.021803 0.012185
11 0.363192 0.353351 0.091686 0.024717
11 0.259737 0.660400 0.057043 0.012185
11 0.617402 0.312707 0.042378 0.012185
11 0.551931 0.693037 0.045829 0.012185
