8 0.500000 0.163342 0.992878 0.311721
8 0.500000 0.500000 0.992878 0.311721
8 0.500000 0.836658 0.992878 0.311721
0 0.056973 0.163342 0.017804 0.037406
3 0.122255 0.163342 0.059347 0.099751
3 0.205341 0.163342 0.059347 0.099751
3 0.291395 0.163342 0.059347 0.099751
1 0.430861 0.163342 0.017804 0.037406
1 0.558457 0.163342 0.017804 0.037406
3 0.720475 0.163342 0.059347 0.099751
3 0.812463 0.163342 0.059347 0.099751
2 0.871217 0.163342 0.016617 0.034913
0 0.056973 0.500000 0.017804 0.037406
3 0.122255 0.500000 0.059347 0.099751
3 0.205341 0.500000 0.059347 0.099751
3 0.291395 0.500000 0.059347 0.099751
3 0.380415 0.500000 0.059347 0.099751
1 0.478338 0.500000 0.017804 0.037406
3 0.558457 0.500000 0.059347 0.099751
3 0.720475 0.418953 0.059347 0.099751
1 0.653412 0.568579 0.017804 0.037406
1 0.653412 0.418953 0.017804 0.037406
3 0.720475 0.568579 0.059347 0.099751
2 0.800593 0.418953 0.016617 0.034913
0 0.235015 0.836658 0.017804 0.037406
3 0.309199 0.836658 0.059347 0.099751
3 0.398220 0.836658 0.059347 0.099751
3 0.478338 0.836658 0.059347 0.099751
2 0.558457 0.836658 0.016617 0.034913
13 0.079228 0.163342 0.029080 0.012469
13 0.163798 0.163342 0.026113 0.012469
13 0.079228 0.500000 0.029080 0.012469
13 0.163798 0.500000 0.026113 0.012469
13 0.131157 0.347257 0.150742 0.273067
13 0.248368 0.163342 0.029080 0.012469
13 0.248368 0.500000 0.029080 0.012469
13 0.371513 0.163342 0.103264 0.012469
13 0.361128 0.316085 0.141840 0.273067
13 0.335905 0.500000 0.032047 0.012469
13 0.307715 0.683915 0.147774 0.273067
13 0.261721 0.836658 0.037982 0.012469
13 0.353709 0.836658 0.032047 0.012469
13 0.439763 0.500000 0.061721 0.012469
13 0.438279 0.836658 0.023145 0.012469
13 0.478338 0.652743 0.005935 0.273067
13 0.508012 0.500000 0.043917 0.012469
13 0.494659 0.163342 0.112166 0.012469
13 0.558457 0.316085 0.005935 0.273067
13 0.766469 0.163342 0.035015 0.012469
13 0.598516 0.500399 0.023145 0.012469
13 0.730366 0.291147 0.005935 0.160848
13 0.710584 0.291147 0.005935 0.160848
13 0.632789 0.546758 0.025816 0.048628
13 0.632789 0.447007 0.025816 0.061097
13 0.676558 0.418953 0.030861 0.012469
13 0.676558 0.568579 0.030861 0.012469
13 0.676558 0.509663 0.090208 0.023067
13 0.852522 0.163342 0.023145 0.012469
13 0.771217 0.418953 0.044510 0.012469
13 0.529080 0.836658 0.044510 0.012469
13 0.629080 0.163342 0.125816 0.012469
13 0.647277 0.456359 0.089423 0.279302
13 0.248368 0.331671 0.088427 0.241895
13 0.122114 0.556853 0.005935 0.018942
13 0.122114 0.556853 0.005935 0.018942
11 0.012226 0.163342 0.008309 0.032429
11 0.057130 0.200125 0.032360 0.031421
11 0.122255 0.162843 0.047695 0.017456
11 0.206234 0.162843 0.035237 0.035411
11 0.292288 0.162843 0.035237 0.035411
11 0.431041 0.191895 0.044279 0.014963
11 0.564800 0.131546 0.032863 0.031421
11 0.721271 0.162843 0.028505 0.035411
11 0.812463 0.162843 0.032455 0.035411
11 0.870996 0.190648 0.042289 0.014963
11 0.012226 0.500000 0.008309 0.081513
11 0.057231 0.536783 0.036124 0.031421
11 0.123148 0.499501 0.035237 0.035411
11 0.205341 0.499501 0.047524 0.053367
11 0.291395 0.499501 0.040983 0.035411
11 0.380415 0.499501 0.035816 0.035411
11 0.478153 0.536783 0.032863 0.031421
11 0.558457 0.499501 0.028701 0.035411
11 0.720475 0.418454 0.040983 0.035411
11 0.653654 0.532294 0.051521 0.014963
11 0.653389 0.447506 0.048618 0.014963
11 0.720475 0.568080 0.044927 0.017456
11 0.800298 0.454489 0.039764 0.031421
11 0.120929 0.619576 0.042452 0.014963
11 0.012226 0.836658 0.008309 0.034511
11 0.235738 0.873441 0.032307 0.031421
11 0.309199 0.836160 0.034045 0.035411
11 0.398220 0.836160 0.038594 0.035411
11 0.479234 0.836160 0.041775 0.035411
11 0.558253 0.872195 0.037574 0.031421
