8 0.435976 0.147357 0.863821 0.281215
8 0.500000 0.500000 0.991870 0.322835
8 0.301829 0.852643 0.595528 0.281215
0 0.065041 0.147357 0.020325 0.033746
3 0.139566 0.147357 0.067751 0.089989
1 0.207317 0.147357 0.020325 0.033746
1 0.258130 0.147357 0.020325 0.033746
3 0.332656 0.147357 0.067751 0.089989
1 0.420732 0.147357 0.020325 0.033746
3 0.508808 0.147357 0.067751 0.089989
3 0.627371 0.147357 0.067751 0.089989
2 0.721545 0.147357 0.018970 0.031496
0 0.065041 0.479190 0.020325 0.033746
3 0.159892 0.479190 0.067751 0.089989
3 0.302168 0.479190 0.067751 0.089989
3 0.397019 0.479190 0.067751 0.089989
1 0.481707 0.479190 0.020325 0.033746
1 0.542683 0.479190 0.020325 0.033746
3 0.627371 0.479190 0.067751 0.089989
2 0.907859 0.389201 0.018970 0.031496
1 0.721545 0.591676 0.020325 0.033746
1 0.801491 0.389201 0.020325 0.033746
3 0.801491 0.591676 0.067751 0.089989
0 0.065041 0.852643 0.020325 0.033746
3 0.139566 0.852643 0.067751 0.089989
3 0.237805 0.852643 0.067751 0.089989
2 0.312331 0.852643 0.018970 0.031496
13 0.090447 0.147357 0.033198 0.011249
13 0.161585 0.313273 0.195799 0.302587
13 0.185298 0.147357 0.026423 0.011249
13 0.232724 0.147357 0.033198 0.011249
13 0.283537 0.147357 0.033198 0.011249
13 0.317412 0.313273 0.006775 0.246344
13 0.100610 0.479190 0.053523 0.011249
13 0.231030 0.479190 0.077236 0.011249
13 0.349593 0.479190 0.029810 0.011249
13 0.388550 0.147357 0.046748 0.011249
13 0.090447 0.852643 0.033198 0.011249
13 0.188686 0.852643 0.033198 0.011249
13 0.287263 0.852643 0.033875 0.011249
13 0.451220 0.479190 0.043360 0.011249
13 0.273374 0.665917 0.419377 0.344207
13 0.512195 0.479190 0.043360 0.011249
13 0.432249 0.674353 0.223577 0.361080
13 0.573171 0.479190 0.043360 0.011249
13 0.524051 0.299213 0.209350 0.274466
13 0.568089 0.147357 0.053523 0.011249
13 0.686653 0.147357 0.053523 0.011249
13 0.452913 0.147357 0.046748 0.011249
13 0.756606 0.422947 0.072154 0.071991
13 0.684621 0.479531 0.049458 0.011249
13 0.855014 0.389201 0.089431 0.011249
13 0.721706 0.538245 0.006775 0.077615
13 0.749661 0.591676 0.038618 0.011249
13 0.768293 0.513217 0.069106 0.071429
13 0.397019 0.361080 0.006775 0.150731
11 0.013957 0.147357 0.009485 0.159818
11 0.064932 0.180540 0.028238 0.028346
11 0.139566 0.146907 0.039093 0.031946
11 0.207656 0.180540 0.042683 0.028346
11 0.257918 0.180540 0.034807 0.028346
11 0.332656 0.146907 0.034123 0.015748
11 0.420482 0.173116 0.049636 0.013498
11 0.509716 0.146907 0.032541 0.031946
11 0.627371 0.146907 0.037051 0.031946
11 0.721293 0.171991 0.048277 0.013498
11 0.013957 0.500000 0.009485 0.225112
11 0.064829 0.512373 0.034807 0.028346
11 0.160911 0.478740 0.048812 0.064342
11 0.303241 0.478740 0.037161 0.048144
11 0.397019 0.478740 0.039101 0.031946
11 0.481797 0.519798 0.038120 0.043195
11 0.542650 0.512373 0.028390 0.028346
11 0.627371 0.478740 0.054003 0.015748
11 0.908001 0.421260 0.039580 0.028346
11 0.721651 0.617435 0.032732 0.013498
11 0.801203 0.422385 0.029234 0.028346
11 0.801491 0.591226 0.031860 0.031946
11 0.013957 0.852643 0.009485 0.164317
11 0.064829 0.885827 0.034807 0.028346
11 0.139566 0.852193 0.038865 0.031946
11 0.238823 0.852193 0.046096 0.064342
11 0.312177 0.884702 0.041698 0.028346
