8 0.500056 0.155025 0.994982 0.295161
8 0.500056 0.490012 0.994982 0.295161
8 0.500056 0.844850 0.994982 0.295161
0 0.044891 0.162531 0.012826 0.037221
3 0.090979 0.162531 0.042753 0.099256
1 0.143651 0.162531 0.012826 0.037221
3 0.190680 0.162531 0.042753 0.099256
3 0.285592 0.162531 0.042753 0.099256
1 0.237708 0.162531 0.012826 0.037221
1 0.332621 0.162531 0.012826 0.037221
1 0.394613 0.162531 0.012826 0.037221
3 0.806227 0.162531 0.042753 0.099256
3 0.909509 0.162531 0.042753 0.099256
2 0.959843 0.162531 0.011971 0.034739
1 0.143651 0.246898 0.012826 0.037221
1 0.680601 0.162531 0.012826 0.037221
0 0.190680 0.490074 0.012826 0.037221
3 0.237708 0.490074 0.042753 0.099256
1 0.285592 0.490074 0.012826 0.037221
3 0.332621 0.490074 0.042753 0.099256
3 0.394613 0.490074 0.042753 0.099256
1 0.462639 0.490074 0.012826 0.037221
1 0.633653 0.490074 0.012826 0.037221
3 0.680681 0.490074 0.042753 0.099256
1 0.806227 0.490074 0.012826 0.037221
1 0.806227 0.576412 0.012826 0.037221
3 0.853256 0.576412 0.042753 0.099256
3 0.909509 0.490074 0.042753 0.099256
2 0.959843 0.490074 0.011971 0.034739
12 0.430657 0.592049 0.042753 0.062035
0 0.462639 0.852356 0.012826 0.037221
3 0.509668 0.852356 0.042753 0.099256
3 0.571660 0.852356 0.042753 0.099256
2 0.633572 0.852356 0.011971 0.034739
13 0.060453 0.162531 0.020009 0.012407
13 0.124797 0.162531 0.026593 0.012407
13 0.159684 0.162531 0.020949 0.012407
13 0.190680 0.341811 0.004275 0.264268
13 0.206712 0.490074 0.020949 0.012407
13 0.237708 0.310794 0.004275 0.264268
13 0.221676 0.162531 0.020949 0.012407
13 0.254168 0.162531 0.021804 0.012407
13 0.285592 0.341811 0.004275 0.264268
13 0.269132 0.490074 0.021804 0.012407
13 0.301625 0.490074 0.020949 0.012407
13 0.332621 0.310794 0.004275 0.264268
13 0.316588 0.162531 0.020949 0.012407
13 0.363617 0.490074 0.020949 0.012407
13 0.405665 0.563829 0.008941 0.053216
13 0.363617 0.162531 0.050876 0.012407
13 0.394613 0.310794 0.004275 0.264268
13 0.436108 0.490074 0.041947 0.012407
13 0.462639 0.671215 0.004275 0.330024
13 0.478672 0.852356 0.020949 0.012407
13 0.540664 0.852356 0.020949 0.012407
13 0.548146 0.490074 0.159897 0.012407
13 0.649685 0.490074 0.020949 0.012407
13 0.610312 0.852356 0.036260 0.012407
13 0.633572 0.671836 0.004275 0.331264
13 0.735932 0.162531 0.099547 0.012407
13 0.712310 0.490462 0.022215 0.012407
13 0.769739 0.490377 0.061861 0.012407
13 0.806227 0.341811 0.004275 0.264268
13 0.822260 0.576412 0.020949 0.012407
13 0.778915 0.558057 0.107638 0.091300
13 0.765571 0.545650 0.070198 0.066486
13 0.850387 0.490074 0.077202 0.012407
13 0.942372 0.490074 0.024682 0.012407
13 0.909509 0.326303 0.004275 0.233251
13 0.857868 0.162531 0.062239 0.012407
13 0.942372 0.162531 0.024682 0.012407
13 0.537607 0.162531 0.274872 0.012407
11 0.008807 0.155087 0.005985 0.032268
11 0.045052 0.199132 0.023408 0.031266
11 0.091779 0.162035 0.027663 0.053102
11 0.144206 0.199132 0.031891 0.031266
11 0.191323 0.162035 0.025385 0.035236
11 0.286304 0.162035 0.023668 0.053102
11 0.806972 0.162035 0.029527 0.035236
11 0.909363 0.162035 0.024386 0.035236
11 0.681354 0.199132 0.031370 0.031266
11 0.008807 0.490074 0.005985 0.081108
11 0.238352 0.489578 0.025385 0.035236
11 0.332621 0.489578 0.034359 0.017370
11 0.395256 0.489578 0.033087 0.053102
11 0.681278 0.489578 0.030148 0.070968
11 0.853356 0.576427 0.024093 0.017370
11 0.909363 0.489578 0.022678 0.035236
11 0.430703 0.613648 0.037977 0.088834
11 0.773962 0.524194 0.031891 0.031266
11 0.764099 0.566377 0.023281 0.031266
11 0.008807 0.844913 0.005985 0.034340
11 0.509619 0.851861 0.024526 0.035236
11 0.572256 0.851861 0.034223 0.053102
11 0.202729 0.362655 0.024098 0.017370
11 0.243554 0.331638 0.011690 0.017370
11 0.291080 0.362655 0.010976 0.017370
11 0.342388 0.331638 0.019534 0.017370
11 0.402243 0.331638 0.015259 0.017370
11 0.474688 0.692059 0.024098 0.017370
11 0.664158 0.701612 0.062026 0.035236
11 0.834243 0.362655 0.056030 0.017370
11 0.916709 0.347146 0.014398 0.017370
