8 0.499851 0.157452 0.991155 0.300481
11 0.012108 0.163189 0.017094 0.065020
8 0.499851 0.500000 0.991155 0.300481
11 0.012108 0.514603 0.017094 0.165505
8 0.261040 0.842548 0.513533 0.300481
11 0.012108 0.848633 0.017094 0.068960
0 0.057692 0.157452 0.021368 0.036058
11 0.056980 0.206881 0.058929 0.056190
3 0.136040 0.157452 0.071225 0.096154
11 0.136040 0.160457 0.060165 0.061298
1 0.214387 0.157452 0.021368 0.036058
11 0.214387 0.206881 0.066484 0.056190
3 0.292735 0.157452 0.071225 0.096154
11 0.292735 0.160457 0.060165 0.061298
3 0.396011 0.157452 0.071225 0.096154
11 0.396011 0.157752 0.096429 0.030649
1 0.474359 0.157452 0.021368 0.036058
11 0.472934 0.110727 0.043063 0.056190
3 0.606125 0.157452 0.071225 0.096154
11 0.606125 0.163161 0.061813 0.091947
1 0.527778 0.157452 0.021368 0.036058
11 0.527778 0.120343 0.032486 0.056190
1 0.684473 0.157452 0.021368 0.036058
11 0.685185 0.121544 0.043063 0.056190
3 0.759259 0.157452 0.071225 0.096154
11 0.759259 0.160457 0.074176 0.061298
3 0.862536 0.157452 0.071225 0.096154
11 0.862536 0.157752 0.079121 0.030649
2 0.940171 0.157452 0.019943 0.033654
0 0.057692 0.491587 0.021368 0.036058
11 0.057692 0.530198 0.055151 0.056190
3 0.136040 0.491587 0.071225 0.096154
11 0.136040 0.494591 0.060165 0.061298
3 0.239316 0.491587 0.071225 0.096154
11 0.239316 0.491887 0.084066 0.030649
3 0.342593 0.491587 0.071225 0.096154
11 0.342593 0.491887 0.092308 0.030649
3 0.445869 0.491587 0.071225 0.096154
11 0.445869 0.491887 0.098077 0.030649
1 0.524217 0.491587 0.021368 0.036058
11 0.523504 0.450871 0.048352 0.056190
3 0.602564 0.491587 0.071225 0.096154
11 0.602564 0.491887 0.089835 0.030649
3 0.842591 0.491587 0.071225 0.096154
11 0.842591 0.494591 0.073352 0.061298
1 0.920939 0.491587 0.021368 0.036058
11 0.920939 0.530198 0.043063 0.056190
2 0.973645 0.491587 0.019943 0.033654
1 0.741453 0.491587 0.021368 0.036058
11 0.741453 0.454477 0.073283 0.056190
1 0.684473 0.588016 0.021368 0.036058
11 0.684473 0.617538 0.033242 0.028095
3 0.762821 0.588016 0.071225 0.096154
11 0.762821 0.588317 0.082418 0.030649
0 0.057692 0.842548 0.021368 0.036058
3 0.136040 0.842548 0.071225 0.096154
11 0.136040 0.845553 0.060989 0.061298
3 0.239316 0.842548 0.071225 0.096154
11 0.239316 0.848257 0.068407 0.091947
3 0.342593 0.842548 0.071225 0.096154
11 0.342593 0.845553 0.065110 0.061298
2 0.420228 0.842548 0.019943 0.033654
13 0.084402 0.157452 0.034900 0.012019
13 0.187678 0.157452 0.034900 0.012019
13 0.241097 0.157452 0.034900 0.012019
13 0.174105 0.339543 0.235674 0.272837
13 0.084402 0.491587 0.034900 0.012019
13 0.187678 0.491587 0.034900 0.012019
13 0.344373 0.157452 0.034900 0.012019
13 0.299414 0.324519 0.158657 0.242788
11 0.272325 0.302295 0.073034 0.099665
13 0.334104 0.324519 0.160373 0.242788
11 0.262118 0.376639 0.024347 0.068261
13 0.290954 0.491587 0.034900 0.012019
13 0.447650 0.157452 0.034900 0.012019
13 0.409040 0.309495 0.135745 0.272837
11 0.348786 0.351150 0.034343 0.078027
13 0.394231 0.491587 0.034900 0.012019
13 0.251781 0.682091 0.391026 0.289663
13 0.084402 0.842548 0.034900 0.012019
13 0.187678 0.842548 0.034900 0.012019
13 0.290954 0.842548 0.034900 0.012019
13 0.394231 0.842548 0.034900 0.012019
13 0.497507 0.491587 0.034900 0.012019
13 0.443077 0.652043 0.165128 0.289663
13 0.550926 0.491587 0.034900 0.012019
13 0.501068 0.157452 0.034900 0.012019
13 0.565265 0.309495 0.076121 0.272837
13 0.554487 0.157452 0.034900 0.012019
13 0.657764 0.157452 0.034900 0.012019
13 0.709402 0.157452 0.031339 0.012019
13 0.810897 0.157452 0.034900 0.012019
13 0.914174 0.157452 0.034900 0.012019
13 0.894229 0.491587 0.034900 0.012019
13 0.947648 0.491587 0.034900 0.012019
13 0.654202 0.491964 0.034900 0.012019
13 0.714744 0.491870 0.034900 0.012019
13 0.684641 0.542806 0.007123 0.059170
13 0.711182 0.588016 0.034900 0.012019
13 0.678976 0.577955 0.099313 0.129468
13 0.779558 0.491587 0.057691 0.012019
13 0.668671 0.341312 0.127045 0.276374
13 0.853847 0.339543 0.137033 0.272837
11 0.894200 0.253099 0.034615 0.030649
13 0.763532 0.309495 0.160967 0.272837
11 0.763532 0.317608 0.041209 0.030649
