8 0.242167 0.061667 0.454333 0.083333
8 0.242167 0.166500 0.454333 0.113000
8 0.242167 0.289000 0.454333 0.083333
0 0.040000 0.061667 0.010000 0.010000
3 0.076667 0.061667 0.033333 0.026667
3 0.126667 0.061667 0.033333 0.026667
1 0.160000 0.061667 0.010000 0.010000
3 0.191667 0.061667 0.033333 0.026667
3 0.231667 0.061667 0.033333 0.026667
1 0.265000 0.061667 0.010000 0.010000
1 0.290000 0.061667 0.010000 0.010000
3 0.336667 0.061667 0.033333 0.026667
3 0.381667 0.061667 0.033333 0.026667
2 0.424667 0.061667 0.009333 0.009333
11 0.290000 0.038333 0.033333 0.016667
0 0.040000 0.155000 0.010000 0.010000
3 0.076667 0.155000 0.033333 0.026667
3 0.120000 0.155000 0.033333 0.026667
3 0.164667 0.155000 0.033333 0.026667
3 0.206667 0.155000 0.033333 0.026667
3 0.251667 0.155000 0.033333 0.026667
1 0.285000 0.155000 0.010000 0.010000
3 0.316667 0.155000 0.033333 0.026667
3 0.411667 0.155000 0.033333 0.026667
1 0.375000 0.155000 0.010000 0.010000
3 0.411667 0.195000 0.033333 0.026667
1 0.375000 0.195000 0.010000 0.010000
2 0.451667 0.155000 0.009333 0.009333
11 0.244667 0.123333 0.033333 0.016667
11 0.451667 0.178333 0.033333 0.016667
0 0.040000 0.289000 0.010000 0.010000
3 0.076667 0.289000 0.033333 0.026667
3 0.120000 0.289000 0.033333 0.026667
2 0.154667 0.289000 0.009333 0.009333
