8 0.437335 0.156138 0.868022 0.297974
11 0.009418 0.188377 0.013296 0.365371
8 0.500014 0.500119 0.993379 0.282718
11 0.009418 0.545977 0.013296 0.519726
8 0.437335 0.851728 0.868022 0.282718
11 0.009418 0.884829 0.013296 0.375140
0 0.053186 0.084625 0.016620 0.035757
11 0.053186 0.122914 0.035259 0.055721
3 0.114127 0.084625 0.055402 0.095352
11 0.114127 0.087604 0.046799 0.060787
1 0.169529 0.084625 0.016620 0.035757
11 0.173407 0.028084 0.063467 0.027861
3 0.230471 0.084625 0.055402 0.095352
11 0.230471 0.087604 0.046799 0.060787
3 0.305817 0.084625 0.055402 0.095352
11 0.305817 0.084923 0.040388 0.030393
3 0.388366 0.084625 0.055402 0.095352
11 0.388366 0.084923 0.066672 0.030393
3 0.709695 0.084625 0.055402 0.095352
11 0.709695 0.087604 0.046799 0.060787
1 0.634903 0.084625 0.016620 0.035757
1 0.521330 0.197855 0.016620 0.035757
11 0.504709 0.148465 0.058178 0.027861
3 0.790028 0.084625 0.055402 0.095352
11 0.790028 0.084923 0.075006 0.030393
2 0.850416 0.084625 0.015512 0.033373
3 0.579501 0.197855 0.055402 0.095352
11 0.579501 0.200834 0.075006 0.060787
4 0.448199 0.084910 0.022161 0.047676
0 0.036565 0.483909 0.016620 0.035757
3 0.097507 0.483909 0.055402 0.095352
11 0.097507 0.486889 0.051286 0.060787
3 0.177839 0.483909 0.055402 0.095352
11 0.177839 0.484207 0.065390 0.030393
1 0.241551 0.483909 0.016620 0.035757
11 0.241551 0.522199 0.042899 0.055721
3 0.305263 0.483909 0.055402 0.095352
11 0.305263 0.484207 0.071801 0.030393
3 0.380055 0.483909 0.055402 0.095352
11 0.380055 0.486889 0.065390 0.060787
3 0.467036 0.483909 0.055402 0.095352
11 0.467036 0.489571 0.062184 0.091180
3 0.634903 0.483909 0.055402 0.095352
11 0.634903 0.484207 0.069877 0.030393
1 0.527978 0.483909 0.016620 0.035757
1 0.689751 0.589988 0.016620 0.035757
11 0.689197 0.519145 0.049363 0.027861
3 0.752244 0.430095 0.055402 0.095352
11 0.752244 0.433075 0.046799 0.060787
4 0.568421 0.483909 0.022161 0.047676
2 0.894737 0.430095 0.015512 0.033373
4 0.741163 0.589988 0.022161 0.047676
11 0.755014 0.529499 0.117958 0.030393
3 0.790028 0.589988 0.055402 0.095352
11 0.790028 0.592968 0.048081 0.060787
4 0.850970 0.430095 0.022161 0.047676
12 0.151212 0.589956 0.035388 0.069066
0 0.047645 0.859356 0.016620 0.035757
11 0.048199 0.823749 0.042899 0.055721
3 0.114127 0.859356 0.055402 0.095352
11 0.114127 0.862336 0.055133 0.060787
1 0.173407 0.859356 0.016620 0.035757
11 0.176177 0.808254 0.065230 0.055721
3 0.234349 0.859356 0.055402 0.095352
11 0.234349 0.865018 0.058979 0.091180
3 0.314681 0.859356 0.055402 0.095352
11 0.314681 0.862336 0.055774 0.060787
2 0.380055 0.859356 0.015512 0.033373
13 0.073961 0.084625 0.027147 0.011919
13 0.151524 0.084625 0.021607 0.011919
13 0.190305 0.084625 0.027147 0.011919
13 0.133518 0.299166 0.196122 0.338498
13 0.057341 0.483909 0.027147 0.011919
13 0.127687 0.543504 0.014288 0.028605
13 0.137673 0.483909 0.027147 0.011919
13 0.219391 0.483909 0.029917 0.011919
13 0.263712 0.483909 0.029917 0.011919
13 0.342659 0.483909 0.021607 0.011919
13 0.304120 0.548852 0.272645 0.086976
13 0.423546 0.483909 0.033795 0.011919
13 0.257341 0.686532 0.421607 0.314660
13 0.071191 0.859356 0.032687 0.011919
13 0.153463 0.859356 0.025485 0.011919
13 0.194183 0.859356 0.027147 0.011919
13 0.274515 0.859356 0.027147 0.011919
13 0.268144 0.084625 0.022161 0.011919
13 0.384211 0.284267 0.010526 0.308701
13 0.347091 0.084625 0.029363 0.011919
13 0.507202 0.483909 0.027147 0.011919
13 0.546814 0.484185 0.023269 0.011919
13 0.421330 0.656734 0.215512 0.314660
13 0.662604 0.084625 0.040997 0.011919
13 0.634903 0.269368 0.005540 0.338498
13 0.593352 0.484283 0.029917 0.011919
13 0.232595 0.284267 0.130194 0.308701
13 0.251062 0.284267 0.130194 0.308701
13 0.730970 0.257360 0.044765 0.254887
13 0.749861 0.084625 0.027147 0.011919
13 0.830194 0.084625 0.027147 0.011919
13 0.357341 0.859356 0.032133 0.011919
13 0.809917 0.430443 0.062161 0.011919
13 0.670637 0.484296 0.018283 0.011919
13 0.707285 0.445083 0.036731 0.034744
13 0.540720 0.197855 0.024377 0.011919
13 0.426593 0.085185 0.023268 0.011919
13 0.501524 0.153159 0.025208 0.094160
13 0.714072 0.590268 0.034238 0.011919
13 0.757285 0.590390 0.012299 0.011919
13 0.874515 0.430372 0.027147 0.011919
13 0.834488 0.521961 0.035734 0.140822
13 0.689882 0.539928 0.005540 0.069130
13 0.655069 0.565554 0.174958 0.120381
13 0.468975 0.085365 0.021607 0.011919
13 0.513989 0.183695 0.133241 0.154661
13 0.563712 0.084625 0.127978 0.011919
