8 0.364102 0.158404 0.718221 0.302297
8 0.499985 0.507194 0.989986 0.324431
8 0.364102 0.841896 0.718221 0.302297
0 0.068075 0.156405 0.024958 0.036276
3 0.164987 0.156405 0.083195 0.096735
1 0.164987 0.258187 0.024958 0.036276
1 0.254576 0.158404 0.024958 0.036276
1 0.536784 0.158404 0.024958 0.036276
3 0.628299 0.158404 0.083195 0.096735
1 0.068075 0.468046 0.024958 0.036276
3 0.159589 0.468046 0.083195 0.096735
1 0.254576 0.468046 0.024958 0.036276
1 0.321510 0.468046 0.024958 0.036276
1 0.384095 0.468516 0.024958 0.036276
3 0.536784 0.468046 0.083195 0.096735
3 0.719813 0.468046 0.083195 0.096735
1 0.693560 0.562431 0.024958 0.036276
1 0.429994 0.468516 0.024958 0.036276
0 0.073988 0.841896 0.024958 0.036276
3 0.165502 0.841896 0.083195 0.096735
1 0.384095 0.841896 0.024958 0.036276
3 0.286135 0.841896 0.083195 0.096735
13 0.164987 0.222411 0.008319 0.040113
13 0.110291 0.354048 0.087760 0.196558
13 0.099273 0.468046 0.040765 0.012092
13 0.221642 0.468046 0.044238 0.012092
13 0.254576 0.313225 0.008319 0.278204
13 0.101972 0.156405 0.046163 0.012092
13 0.288043 0.468046 0.045303 0.012092
13 0.352802 0.468521 0.040954 0.012092
13 0.105186 0.841896 0.040765 0.012092
13 0.229041 0.655206 0.313434 0.341941
13 0.225819 0.841896 0.040765 0.012092
13 0.349674 0.841896 0.047211 0.012092
13 0.536784 0.298110 0.008319 0.247974
13 0.567982 0.158404 0.040765 0.012092
13 0.224340 0.157405 0.038840 0.012092
13 0.395680 0.158404 0.260578 0.012092
13 0.468830 0.468345 0.056041 0.012092
13 0.407044 0.468516 0.024269 0.012092
13 0.413284 0.664275 0.036748 0.360079
13 0.595055 0.468763 0.036675 0.012092
13 0.661611 0.468433 0.036536 0.012092
13 0.654932 0.527331 0.055625 0.075038
11 0.017138 0.158404 0.011647 0.031448
11 0.068142 0.183676 0.066400 0.014510
11 0.164725 0.155502 0.048004 0.034341
11 0.122348 0.258162 0.048357 0.030472
11 0.278875 0.128779 0.030295 0.030472
11 0.509478 0.197703 0.038924 0.030472
11 0.628120 0.157920 0.066323 0.016929
11 0.017138 0.506651 0.011647 0.079048
11 0.067921 0.503628 0.055974 0.030472
11 0.160986 0.467473 0.049397 0.034341
11 0.254926 0.503628 0.032315 0.030472
11 0.321385 0.503628 0.043768 0.030472
11 0.383908 0.495647 0.062325 0.014510
11 0.536606 0.467473 0.040234 0.034341
11 0.719634 0.467473 0.048014 0.034341
11 0.693974 0.589964 0.040193 0.014510
11 0.430081 0.503628 0.044854 0.030472
11 0.017138 0.841596 0.011647 0.033468
11 0.073887 0.877267 0.052933 0.030472
11 0.165557 0.841112 0.047725 0.034341
11 0.384324 0.877267 0.044854 0.030472
11 0.287442 0.841112 0.075187 0.034341
