8 0.500000 0.150748 0.991718 0.287687
8 0.468599 0.523590 0.928916 0.260069
8 0.414079 0.849252 0.819876 0.287687
0 0.066253 0.150748 0.020704 0.034522
3 0.142167 0.150748 0.069013 0.092060
3 0.242236 0.150748 0.069013 0.092060
1 0.318150 0.150748 0.020704 0.034522
3 0.394065 0.150748 0.069013 0.092060
3 0.485162 0.151899 0.069013 0.092060
3 0.583851 0.150748 0.069013 0.092060
1 0.659765 0.150748 0.020704 0.034522
3 0.769496 0.150748 0.069013 0.092060
3 0.859903 0.150748 0.069013 0.092060
2 0.923395 0.150748 0.019324 0.032221
0 0.066253 0.509781 0.020704 0.034522
3 0.142167 0.509781 0.069013 0.092060
3 0.242236 0.509781 0.069013 0.092060
3 0.342305 0.509781 0.069013 0.092060
1 0.414079 0.509781 0.020704 0.034522
1 0.465839 0.509781 0.020704 0.034522
3 0.541753 0.509781 0.069013 0.092060
1 0.617667 0.509781 0.020704 0.034522
2 0.893720 0.494822 0.019324 0.032221
1 0.701863 0.570196 0.020704 0.034522
3 0.793651 0.455121 0.069013 0.092060
3 0.777778 0.570196 0.069013 0.092060
1 0.701863 0.455121 0.020704 0.034522
0 0.066253 0.849252 0.020704 0.034522
3 0.144237 0.849252 0.069013 0.092060
2 0.219462 0.849252 0.019324 0.032221
12 0.092133 0.150748 0.033816 0.011507
12 0.192202 0.150748 0.033816 0.011507
12 0.292271 0.150748 0.033816 0.011507
12 0.344030 0.150748 0.033816 0.011507
12 0.230159 0.344649 0.330573 0.300345
12 0.439614 0.151323 0.024845 0.011507
12 0.092133 0.509781 0.033816 0.011507
12 0.192202 0.509781 0.033816 0.011507
12 0.292271 0.509781 0.033816 0.011507
12 0.534507 0.151323 0.032436 0.011507
12 0.352197 0.330840 0.245687 0.270426
12 0.375201 0.330840 0.245687 0.270426
12 0.390269 0.509781 0.029676 0.011507
12 0.240166 0.679517 0.350587 0.309551
12 0.093168 0.849252 0.035887 0.011507
12 0.439959 0.509781 0.033816 0.011507
12 0.491718 0.509781 0.033816 0.011507
12 0.591787 0.509781 0.033816 0.011507
12 0.633885 0.150748 0.033816 0.011507
12 0.636991 0.510043 0.020704 0.011507
12 0.675811 0.470944 0.034161 0.036249
12 0.735680 0.455408 0.049689 0.011507
12 0.675811 0.551496 0.034161 0.042002
12 0.638026 0.330265 0.046239 0.329114
12 0.856108 0.475361 0.058661 0.043524
12 0.814700 0.150748 0.024155 0.011507
12 0.904072 0.150748 0.022084 0.011507
12 0.727743 0.570196 0.033816 0.011507
12 0.702553 0.150748 0.067633 0.011507
12 0.735680 0.317319 0.070393 0.245685
12 0.793651 0.302934 0.006901 0.216916
12 0.194272 0.849252 0.033816 0.011507
12 0.347481 0.688147 0.239476 0.326812
12 0.752243 0.369102 0.187716 0.406789
12 0.463078 0.330265 0.244306 0.271577
12 0.713596 0.585155 0.131125 0.109321
