8 0.499644 0.474439 0.990734 0.188240
8 0.500000 0.182979 0.991447 0.350000
8 0.494654 0.825798 0.980756 0.332447
0 0.060584 0.506649 0.021383 0.039894
3 0.138988 0.506649 0.071276 0.106383
3 0.242338 0.506649 0.071276 0.106383
3 0.345688 0.506649 0.071276 0.106383
3 0.449038 0.506649 0.071276 0.106383
3 0.780470 0.506649 0.071276 0.106383
3 0.883820 0.506649 0.071276 0.106383
2 0.965075 0.506649 0.019957 0.037234
0 0.129009 0.174202 0.021383 0.039894
3 0.207413 0.174202 0.071276 0.106383
3 0.392730 0.174202 0.071276 0.106383
3 0.496080 0.174202 0.071276 0.106383
3 0.599430 0.174202 0.071276 0.106383
3 0.750891 0.174202 0.071276 0.106383
1 0.870278 0.174202 0.021383 0.039894
3 0.940841 0.174202 0.071276 0.106383
1 0.827512 0.300532 0.021383 0.039894
3 0.905916 0.300532 0.071276 0.106383
2 0.983607 0.300532 0.019957 0.037234
1 0.667142 0.174202 0.021383 0.039894
0 0.082680 0.765957 0.021383 0.039894
3 0.161083 0.765957 0.071276 0.106383
3 0.264433 0.765957 0.071276 0.106383
2 0.940841 0.765957 0.019957 0.037234
13 0.087313 0.506649 0.034925 0.013298
13 0.190663 0.506649 0.034925 0.013298
13 0.294013 0.506649 0.034925 0.013298
13 0.155738 0.174202 0.034925 0.013298
13 0.300071 0.174202 0.116892 0.013298
13 0.397363 0.506649 0.034925 0.013298
13 0.427584 0.353059 0.069993 0.206117
13 0.444405 0.174202 0.034925 0.013298
13 0.547755 0.174202 0.034925 0.013298
13 0.645759 0.174202 0.024234 0.013298
13 0.109408 0.765957 0.034925 0.013298
13 0.212758 0.765957 0.034925 0.013298
13 0.465788 0.453457 0.405559 0.523936
13 0.799893 0.174625 0.029579 0.013298
13 0.614754 0.506649 0.263008 0.013298
13 0.827682 0.240691 0.007128 0.085106
13 0.850677 0.174509 0.020670 0.013298
13 0.803991 0.386968 0.049893 0.138298
13 0.884890 0.115027 0.114754 0.070479
13 0.854241 0.300532 0.034925 0.013298
13 0.832145 0.506649 0.034925 0.013298
13 0.615467 0.765957 0.633642 0.013298
13 0.420884 0.340426 0.059159 0.231383
13 0.937277 0.506649 0.038489 0.013298
13 0.236992 0.323803 0.220242 0.264628
13 0.341055 0.486702 0.519601 0.523936
13 0.696543 0.174202 0.040271 0.013298
13 0.957591 0.300532 0.034925 0.013298
13 0.892587 0.174202 0.026087 0.013298
11 0.014683 0.474734 0.009979 0.034585
11 0.060772 0.545878 0.038864 0.033511
11 0.138988 0.506117 0.042313 0.037766
11 0.243411 0.506117 0.035426 0.037766
11 0.345688 0.496543 0.040175 0.037766
11 0.449038 0.506117 0.035898 0.018617
11 0.781305 0.506117 0.049225 0.037766
11 0.883820 0.506117 0.030192 0.018617
11 0.009551 0.182846 0.009979 0.086932
11 0.129878 0.213431 0.038801 0.033511
11 0.207413 0.173670 0.055619 0.037766
11 0.392730 0.173670 0.038266 0.018617
11 0.497155 0.173670 0.039469 0.037766
11 0.600504 0.173670 0.039948 0.037766
11 0.751726 0.173670 0.054448 0.037766
11 0.870601 0.204654 0.019178 0.015957
11 0.942027 0.173670 0.053490 0.037766
11 0.907102 0.300000 0.053023 0.037766
11 0.014683 0.825798 0.009979 0.036805
11 0.082608 0.805186 0.059727 0.033511
11 0.161083 0.765426 0.046592 0.018617
11 0.265211 0.765426 0.047899 0.037766
11 0.620353 0.708511 0.059666 0.018617
