8 0.496333 0.131007 0.986877 0.250752
8 0.498263 0.446955 0.986877 0.250752
8 0.503569 0.868988 0.986877 0.250752
0 0.039074 0.110947 0.014472 0.030090
3 0.092137 0.110947 0.048239 0.080241
5 0.147612 0.110947 0.019296 0.040120
3 0.193439 0.060797 0.048239 0.080241
5 0.229619 0.110947 0.019296 0.040120
1 0.193439 0.171128 0.014472 0.030090
3 0.291365 0.110947 0.048239 0.080241
3 0.403280 0.110947 0.048239 0.080241
1 0.569706 0.110947 0.014472 0.030090
1 0.654124 0.110947 0.014472 0.030090
3 0.707188 0.110947 0.048239 0.080241
3 0.777135 0.110947 0.048239 0.080241
2 0.829715 0.110947 0.013507 0.028084
0 0.291365 0.446955 0.014472 0.030090
3 0.359865 0.446955 0.048239 0.080241
3 0.429812 0.446955 0.048239 0.080241
3 0.499759 0.446955 0.048239 0.080241
3 0.569706 0.446955 0.048239 0.080241
3 0.639653 0.446955 0.048239 0.080241
1 0.683068 0.446955 0.014472 0.030090
3 0.736131 0.446955 0.048239 0.080241
1 0.850119 0.368468 0.014472 0.030090
1 0.850119 0.516804 0.014472 0.030090
3 0.903182 0.368468 0.048239 0.080241
2 0.955763 0.368468 0.013507 0.028084
3 0.903182 0.516804 0.048239 0.080241
0 0.298601 0.868988 0.014472 0.030090
3 0.351664 0.868988 0.048239 0.080241
3 0.421611 0.868988 0.048239 0.080241
3 0.491558 0.868988 0.048239 0.080241
2 0.544139 0.868988 0.013507 0.028084
12 0.057164 0.110947 0.023637 0.010030
12 0.127110 0.111262 0.023637 0.010030
12 0.158587 0.075842 0.023396 0.034102
12 0.223710 0.075842 0.014231 0.034102
12 0.167028 0.151068 0.040280 0.044132
12 0.215268 0.151068 0.031114 0.044132
12 0.253256 0.111258 0.029908 0.010030
12 0.317173 0.446955 0.039074 0.010030
12 0.394838 0.446955 0.023637 0.010030
12 0.347323 0.110947 0.065605 0.010030
12 0.416546 0.278951 0.028461 0.259779
12 0.464785 0.446955 0.023637 0.010030
12 0.534732 0.446955 0.023637 0.010030
12 0.604679 0.446955 0.023637 0.010030
12 0.494935 0.110947 0.137000 0.010030
12 0.569706 0.266414 0.004824 0.284855
12 0.469127 0.670509 0.342981 0.370880
12 0.316691 0.868988 0.023637 0.010030
12 0.386638 0.868988 0.023637 0.010030
12 0.456585 0.868988 0.023637 0.010030
12 0.669802 0.446955 0.013989 0.010030
12 0.526532 0.868988 0.023637 0.010030
12 0.701158 0.446955 0.023637 0.010030
12 0.611915 0.110947 0.071877 0.010030
12 0.672214 0.110947 0.023637 0.010030
12 0.742161 0.110947 0.023637 0.010030
12 0.429571 0.278951 0.026532 0.259779
12 0.812108 0.110947 0.023637 0.010030
12 0.772800 0.447266 0.027029 0.010030
12 0.819061 0.397681 0.049574 0.062439
12 0.819061 0.491910 0.049574 0.053801
12 0.868209 0.368468 0.023637 0.010030
12 0.811215 0.239708 0.185864 0.181292
12 0.797403 0.239708 0.182361 0.181292
12 0.938156 0.368468 0.023637 0.010030
12 0.868209 0.516804 0.023637 0.010030
12 0.853914 0.462070 0.100466 0.033239
12 0.695128 0.266414 0.083936 0.284855
12 0.587313 0.645434 0.193439 0.370880
12 0.382689 0.541548 0.028217 0.112957
12 0.415689 0.541548 0.018195 0.112957
12 0.291365 0.291489 0.004824 0.284855
