8 0.412353 0.127308 0.817647 0.242954
8 0.500000 0.443149 0.992941 0.301263
8 0.412353 0.883868 0.817647 0.220603
0 0.056471 0.127308 0.017647 0.029155
3 0.121176 0.127308 0.058824 0.077745
3 0.306471 0.127308 0.058824 0.077745
3 0.206471 0.127308 0.058824 0.077745
1 0.256471 0.127308 0.017647 0.029155
3 0.391765 0.127308 0.058824 0.077745
3 0.474706 0.127308 0.058824 0.077745
1 0.550588 0.127308 0.017647 0.029155
3 0.615294 0.127308 0.058824 0.077745
3 0.700588 0.127308 0.058824 0.077745
2 0.764706 0.127308 0.016471 0.027211
0 0.056471 0.413994 0.017647 0.029155
3 0.121176 0.413994 0.058824 0.077745
3 0.206471 0.413994 0.058824 0.077745
3 0.291765 0.413994 0.058824 0.077745
3 0.377188 0.413994 0.058824 0.077745
3 0.503529 0.413994 0.058824 0.077745
1 0.597647 0.372692 0.017647 0.029155
3 0.662353 0.372692 0.058824 0.077745
1 0.597647 0.469874 0.017647 0.029155
1 0.435882 0.413994 0.017647 0.029155
3 0.759412 0.494169 0.058824 0.077745
4 0.659412 0.469874 0.023529 0.038873
2 0.947059 0.372692 0.016471 0.027211
4 0.894798 0.372692 0.023529 0.038873
3 0.615882 0.539359 0.058824 0.077745
0 0.056471 0.884354 0.017647 0.029155
3 0.121176 0.884354 0.058824 0.077745
3 0.206471 0.884354 0.058824 0.077745
3 0.290588 0.883382 0.058824 0.077745
1 0.461176 0.885326 0.017647 0.029155
3 0.525882 0.885326 0.058824 0.077745
2 0.648824 0.885326 0.016471 0.027211
4 0.358536 0.883382 0.023529 0.038873
4 0.593529 0.885326 0.023529 0.038873
12 0.078529 0.127308 0.028824 0.009718
12 0.163824 0.127308 0.028824 0.009718
12 0.241765 0.127308 0.014118 0.009718
12 0.271176 0.127308 0.014118 0.009718
12 0.180438 0.282799 0.250287 0.237123
12 0.349118 0.127308 0.028824 0.009718
12 0.078529 0.413994 0.028824 0.009718
12 0.163824 0.413994 0.028824 0.009718
12 0.286174 0.258091 0.154710 0.237947
12 0.290997 0.270651 0.151797 0.212828
12 0.249118 0.413994 0.028824 0.009718
12 0.433235 0.127308 0.026471 0.009718
12 0.334476 0.413994 0.028952 0.009718
12 0.380587 0.270651 0.139040 0.212828
12 0.206535 0.661120 0.284835 0.422290
12 0.078529 0.884354 0.028824 0.009718
12 0.163824 0.884354 0.028824 0.009718
12 0.248529 0.883868 0.027647 0.009718
12 0.377941 0.637026 0.118235 0.420797
12 0.416829 0.413994 0.022812 0.009718
12 0.522941 0.127308 0.040000 0.009718
12 0.572647 0.127308 0.028824 0.009718
12 0.657941 0.127308 0.028824 0.009718
12 0.743235 0.127308 0.028824 0.009718
12 0.540294 0.414312 0.017059 0.009718
12 0.574265 0.383625 0.031471 0.025753
12 0.619706 0.372692 0.028824 0.009718
12 0.574265 0.451652 0.031471 0.040330
12 0.459412 0.413994 0.031765 0.009718
12 0.787399 0.372953 0.193621 0.009718
12 0.615882 0.269436 0.036471 0.210398
12 0.599103 0.262148 0.005882 0.195821
12 0.333386 0.883687 0.029125 0.009718
12 0.610294 0.701895 0.300588 0.341594
12 0.483235 0.885326 0.028824 0.009718
12 0.842353 0.443878 0.109412 0.104470
12 0.922693 0.372920 0.034614 0.009718
12 0.700588 0.470360 0.061176 0.009718
12 0.411327 0.883382 0.084405 0.009718
12 0.568529 0.885631 0.028824 0.009718
12 0.476327 0.930029 0.237346 0.058309
12 0.622941 0.885554 0.037647 0.009718
12 0.627059 0.469874 0.043529 0.009718
12 0.573088 0.486395 0.029118 0.109815
12 0.652500 0.514334 0.016765 0.053936
