8 0.500000 0.159756 0.995190 0.304878
8 0.500000 0.519512 0.995190 0.304878
8 0.500000 0.859756 0.995190 0.265854
0 0.038477 0.159756 0.012024 0.036585
3 0.116633 0.220732 0.040080 0.097561
5 0.070541 0.159756 0.016032 0.048780
3 0.116633 0.100000 0.040080 0.097561
5 0.162725 0.159756 0.016032 0.048780
3 0.208818 0.159756 0.040080 0.097561
3 0.311022 0.159756 0.040080 0.097561
3 0.427255 0.159756 0.040080 0.097561
1 0.689780 0.159756 0.012024 0.036585
3 0.876152 0.159756 0.040080 0.097561
3 0.934269 0.159756 0.040080 0.097561
2 0.977956 0.159756 0.011222 0.034146
0 0.208818 0.519512 0.012024 0.036585
3 0.252906 0.519512 0.040080 0.097561
3 0.311022 0.519512 0.040080 0.097561
3 0.369138 0.519512 0.040080 0.097561
3 0.427255 0.519512 0.040080 0.097561
3 0.485371 0.519512 0.040080 0.097561
1 0.645691 0.519512 0.012024 0.036585
3 0.689780 0.519512 0.040080 0.097561
1 0.789579 0.543902 0.012024 0.036585
3 0.812024 0.452439 0.040080 0.097561
1 0.759519 0.604878 0.012024 0.036585
3 0.876152 0.604878 0.040080 0.097561
2 0.919840 0.604878 0.011222 0.034146
0 0.485371 0.879268 0.012024 0.036585
3 0.529459 0.879268 0.040080 0.097561
3 0.587575 0.879268 0.040080 0.097561
3 0.645691 0.879268 0.040080 0.097561
2 0.689379 0.879268 0.011222 0.034146
12 0.811824 0.568293 0.034870 0.024390
13 0.053507 0.160040 0.019639 0.012195
13 0.083667 0.117683 0.027455 0.040244
13 0.083667 0.202439 0.027455 0.041463
13 0.149800 0.117683 0.027856 0.040244
13 0.149800 0.202439 0.027856 0.041463
13 0.179760 0.160142 0.019639 0.012195
13 0.259920 0.159756 0.063727 0.012195
13 0.369138 0.159756 0.077756 0.012195
13 0.565531 0.159756 0.238076 0.012195
13 0.775952 0.159756 0.161924 0.012195
13 0.905210 0.159756 0.019639 0.012195
13 0.963327 0.159756 0.019639 0.012195
13 0.208818 0.354878 0.004008 0.297561
13 0.223848 0.519512 0.019639 0.012195
13 0.281964 0.519512 0.019639 0.012195
13 0.304342 0.339634 0.004008 0.267073
13 0.317702 0.339634 0.004008 0.267073
13 0.340080 0.519512 0.019639 0.012195
13 0.398196 0.519512 0.019639 0.012195
13 0.427255 0.339634 0.004008 0.267073
13 0.456313 0.519512 0.019639 0.012195
13 0.485371 0.714634 0.004008 0.297561
13 0.500401 0.879268 0.019639 0.012195
13 0.558517 0.879268 0.019639 0.012195
13 0.616633 0.879268 0.019639 0.012195
13 0.572545 0.519512 0.135872 0.012195
13 0.645691 0.684146 0.004008 0.297561
13 0.660721 0.519512 0.019639 0.012195
13 0.718838 0.519895 0.019639 0.012195
13 0.803808 0.522561 0.018036 0.047561
13 0.753908 0.288415 0.117836 0.235366
13 0.744790 0.574390 0.019038 0.065854
13 0.764028 0.473780 0.057515 0.047561
13 0.763727 0.532012 0.041283 0.028659
13 0.810822 0.604878 0.092184 0.012195
13 0.869472 0.382317 0.004008 0.352439
13 0.882832 0.382317 0.004008 0.352439
13 0.905210 0.604878 0.019639 0.012195
13 0.674749 0.879268 0.019639 0.012195
13 0.689780 0.324390 0.004008 0.297561
11 0.008257 0.159756 0.005611 0.173266
11 0.038413 0.195732 0.016705 0.030732
11 0.116633 0.220244 0.023127 0.034634
11 0.117236 0.099512 0.030611 0.034634
11 0.209421 0.159268 0.023798 0.034634
11 0.311022 0.159268 0.020186 0.017073
11 0.427255 0.159268 0.022861 0.034634
11 0.666683 0.201829 0.021942 0.030732
11 0.876756 0.159268 0.033160 0.052195
11 0.934269 0.159268 0.021919 0.034634
11 0.977807 0.186463 0.028560 0.014634
11 0.008257 0.519512 0.005611 0.244055
11 0.208692 0.555488 0.020591 0.030732
11 0.253573 0.519024 0.034212 0.052195
11 0.311022 0.519024 0.032211 0.017073
11 0.369138 0.519024 0.032741 0.034634
11 0.427858 0.519024 0.033699 0.069756
11 0.485975 0.519024 0.030486 0.052195
11 0.627918 0.566463 0.023773 0.030732
11 0.689780 0.519024 0.019383 0.034634
11 0.812024 0.451951 0.030341 0.017073
11 0.759565 0.632805 0.024140 0.014634
11 0.876152 0.604390 0.032095 0.087317
11 0.919861 0.639634 0.024892 0.030732
11 0.008257 0.859756 0.005611 0.178144
11 0.485245 0.915244 0.020591 0.030732
11 0.529459 0.878780 0.022992 0.034634
11 0.588179 0.878780 0.027267 0.052195
11 0.645691 0.878780 0.033023 0.069756
11 0.689400 0.914024 0.024892 0.030732
11 0.802472 0.572927 0.010555 0.017073
11 0.298685 0.295000 0.030636 0.014634
11 0.312005 0.295000 0.031626 0.014634
11 0.864022 0.331585 0.035058 0.014634
11 0.877402 0.331585 0.034563 0.014634
