8 0.500000 0.163342 0.988561 0.311721
8 0.500000 0.500000 0.988561 0.311721
8 0.500000 0.836658 0.988561 0.311721
0 0.077216 0.063591 0.028599 0.037406
3 0.178265 0.062968 0.059104 0.051122
3 0.302669 0.062968 0.079123 0.051122
3 0.407054 0.062968 0.059104 0.051122
1 0.500477 0.269327 0.028599 0.037406
3 0.500477 0.062968 0.059104 0.051122
3 0.735939 0.238778 0.059104 0.051122
2 0.877026 0.163342 0.026692 0.034913
1 0.649190 0.125935 0.028599 0.037406
4 0.735939 0.125935 0.038132 0.049875
4 0.602479 0.063591 0.038132 0.049875
0 0.077216 0.400249 0.028599 0.037406
3 0.187321 0.399626 0.077216 0.068579
3 0.302669 0.399626 0.077216 0.068579
3 0.416111 0.399626 0.077216 0.068579
1 0.514776 0.400249 0.028599 0.037406
3 0.602002 0.399626 0.077216 0.068579
2 0.934223 0.500000 0.026692 0.034913
3 0.706864 0.395885 0.077216 0.068579
1 0.690403 0.430175 0.028599 0.037406
3 0.771211 0.543641 0.072450 0.062344
4 0.602479 0.500000 0.038132 0.049875
0 0.077216 0.718204 0.028599 0.037406
3 0.201621 0.717581 0.077216 0.051122
3 0.344614 0.717581 0.077216 0.051122
2 0.514776 0.718204 0.026692 0.034913
12 0.120114 0.063326 0.061010 0.012469
12 0.235462 0.062968 0.059104 0.012469
12 0.359867 0.062968 0.039085 0.012469
12 0.189943 0.235037 0.229266 0.298005
12 0.120114 0.400006 0.061010 0.012469
12 0.244995 0.399626 0.041945 0.012469
12 0.359390 0.399626 0.040038 0.012469
12 0.453765 0.062968 0.038132 0.012469
12 0.127264 0.717954 0.075310 0.012469
12 0.273117 0.717581 0.069590 0.012469
12 0.442326 0.717939 0.122021 0.012469
12 0.477598 0.400014 0.049571 0.012469
12 0.514776 0.559850 0.009533 0.286783
12 0.546235 0.400025 0.038132 0.012469
12 0.554337 0.317332 0.082936 0.100998
12 0.814585 0.201060 0.102002 0.080424
12 0.602002 0.454489 0.009533 0.046135
12 0.719415 0.312968 0.009533 0.102244
12 0.732444 0.312968 0.009533 0.102244
12 0.720993 0.480673 0.042334 0.068579
12 0.839847 0.439214 0.192564 0.091646
12 0.668970 0.534289 0.135844 0.023691
12 0.644900 0.448254 0.050524 0.109726
12 0.132031 0.566708 0.113441 0.270574
12 0.366778 0.244389 0.054814 0.316708
12 0.349738 0.226933 0.059342 0.281796
12 0.500700 0.228803 0.009533 0.048628
12 0.690181 0.126228 0.057197 0.012469
12 0.736180 0.182045 0.009533 0.067332
12 0.556721 0.063652 0.057197 0.012469
12 0.551954 0.122818 0.105815 0.073566
12 0.584366 0.163653 0.133460 0.043017
12 0.678980 0.082918 0.118684 0.041147
12 0.710200 0.328554 0.125834 0.372818
