8 0.347833 0.044000 0.675667 0.078000
8 0.347833 0.155500 0.675667 0.111000
8 0.403333 0.263333 0.200000 0.083333
0 0.030000 0.046667 0.010000 0.010000
3 0.066667 0.046667 0.033333 0.026667
3 0.115000 0.046667 0.033333 0.026667
1 0.151667 0.046667 0.010000 0.010000
3 0.188333 0.046667 0.033333 0.026667
3 0.236667 0.046667 0.033333 0.026667
3 0.543333 0.046667 0.033333 0.026667
3 0.591667 0.046667 0.033333 0.026667
3 0.640000 0.046667 0.033333 0.026667
2 0.676333 0.046667 0.009333 0.009333
1 0.493333 0.065000 0.010000 0.010000
3 0.285000 0.046667 0.033333 0.026667
1 0.493333 0.025000 0.010000 0.010000
0 0.030000 0.141667 0.010000 0.010000
3 0.066667 0.141667 0.033333 0.026667
3 0.236667 0.141667 0.033333 0.026667
3 0.285000 0.141667 0.033333 0.026667
3 0.331667 0.141667 0.033333 0.026667
1 0.448333 0.141667 0.010000 0.010000
3 0.485000 0.141667 0.033333 0.026667
1 0.550000 0.170000 0.010000 0.010000
3 0.654667 0.170000 0.033333 0.026667
3 0.591667 0.120000 0.033333 0.026667
2 0.640000 0.120000 0.009333 0.009333
1 0.534583 0.120000 0.010000 0.010000
0 0.328667 0.263333 0.010000 0.010000
3 0.365333 0.263333 0.033333 0.026667
3 0.413667 0.263333 0.033333 0.026667
2 0.450000 0.263333 0.009333 0.009333
