8 0.233150 0.045067 0.446300 0.078567
8 0.235350 0.139383 0.450700 0.091767
8 0.235350 0.227600 0.450700 0.069400
0 0.040000 0.035700 0.010000 0.010000
3 0.076667 0.035700 0.033333 0.026667
3 0.125000 0.035700 0.033333 0.026667
3 0.174333 0.035367 0.033333 0.026667
1 0.216400 0.035333 0.010000 0.010000
1 0.246800 0.035333 0.010000 0.010000
3 0.284200 0.035333 0.033333 0.026667
3 0.331800 0.035333 0.033333 0.026667
2 0.368133 0.035333 0.009333 0.009333
0 0.040733 0.120967 0.010000 0.010000
3 0.076667 0.120967 0.033333 0.026667
3 0.125000 0.120967 0.033333 0.026667
3 0.173333 0.120967 0.033333 0.026667
3 0.221667 0.120967 0.033333 0.026667
1 0.270000 0.120967 0.010000 0.010000
3 0.306667 0.120967 0.033333 0.026667
3 0.405533 0.119500 0.033333 0.026667
2 0.441867 0.119500 0.009333 0.009333
1 0.355000 0.152633 0.010000 0.010000
3 0.389100 0.152633 0.033333 0.026667
1 0.363333 0.121133 0.010000 0.010000
0 0.037030 0.227567 0.010000 0.010000
3 0.073697 0.227567 0.033333 0.026667
3 0.122030 0.227567 0.033333 0.026667
3 0.171464 0.227567 0.033333 0.026667
2 0.207797 0.227567 0.009333 0.009333
