8 0.232333 0.028417 0.324667 0.046833
8 0.243333 0.089667 0.346667 0.059333
8 0.206667 0.171667 0.273333 0.083333
0 0.090000 0.027667 0.010000 0.010000
3 0.126667 0.027667 0.033333 0.026667
1 0.170000 0.027667 0.010000 0.010000
3 0.206667 0.027667 0.033333 0.026667
1 0.290000 0.027667 0.010000 0.010000
3 0.326667 0.027667 0.033333 0.026667
0 0.090000 0.091667 0.010000 0.010000
3 0.126667 0.091667 0.033333 0.026667
3 0.175000 0.091667 0.033333 0.026667
3 0.223333 0.091667 0.033333 0.026667
3 0.271667 0.091667 0.033333 0.026667
1 0.310000 0.091667 0.010000 0.010000
3 0.346667 0.091667 0.033333 0.026667
3 0.395000 0.091667 0.033333 0.026667
0 0.095000 0.175000 0.010000 0.010000
3 0.131667 0.175000 0.033333 0.026667
3 0.180000 0.175000 0.033333 0.026667
3 0.228333 0.175000 0.033333 0.026667
