8 0.228833 0.051667 0.457667 0.083333
8 0.228833 0.141667 0.457667 0.083333
8 0.228833 0.271667 0.457667 0.083333
0 0.018333 0.051667 0.010000 0.010000
3 0.051667 0.053333 0.033333 0.026667
3 0.121667 0.053333 0.033333 0.026667
3 0.181333 0.053333 0.033333 0.026667
1 0.219667 0.051667 0.010000 0.010000
1 0.249667 0.051667 0.010000 0.010000
3 0.339000 0.053333 0.033333 0.026667
2 0.377000 0.051667 0.009333 0.009333
1 0.090000 0.051667 0.010000 0.010000
3 0.286667 0.051667 0.033333 0.026667
0 0.025000 0.135000 0.010000 0.010000
3 0.061667 0.135000 0.033333 0.026667
3 0.111667 0.135000 0.033333 0.026667
3 0.156667 0.135000 0.033333 0.026667
3 0.205000 0.135000 0.033333 0.026667
1 0.241333 0.135000 0.010000 0.010000
3 0.273000 0.135000 0.033333 0.026667
3 0.391667 0.118333 0.033333 0.026667
1 0.340000 0.135000 0.010000 0.010000
2 0.434667 0.118333 0.009333 0.009333
1 0.311667 0.110000 0.010000 0.010000
0 0.018333 0.271667 0.010000 0.010000
3 0.061667 0.271667 0.033333 0.026667
3 0.136333 0.271667 0.033333 0.026667
3 0.186333 0.271667 0.033333 0.026667
2 0.224333 0.271667 0.009333 0.009333
