8 0.500000 0.508883 0.992500 0.317259
8 0.500000 0.166244 0.992500 0.317259
8 0.324687 0.842640 0.641875 0.299492
0 0.041250 0.420051 0.018750 0.038071
3 0.119375 0.420051 0.062500 0.101523
1 0.191250 0.420051 0.018750 0.038071
3 0.260000 0.420051 0.062500 0.101523
3 0.363125 0.420051 0.062500 0.101523
3 0.466250 0.420051 0.062500 0.101523
1 0.556875 0.420051 0.018750 0.038071
3 0.631875 0.420051 0.062500 0.101523
3 0.747500 0.420051 0.062500 0.101523
2 0.815625 0.420051 0.017500 0.035533
0 0.050625 0.083756 0.018750 0.038071
3 0.128750 0.083756 0.062500 0.101523
3 0.231875 0.083756 0.062500 0.101523
3 0.329375 0.083756 0.062500 0.101523
3 0.419375 0.083756 0.062500 0.101523
1 0.510000 0.083756 0.018750 0.038071
1 0.575625 0.083756 0.018750 0.038071
1 0.631875 0.083756 0.018750 0.038071
1 0.744375 0.166244 0.018750 0.038071
3 0.851250 0.161168 0.062500 0.101523
1 0.744375 0.083756 0.018750 0.038071
2 0.919375 0.161168 0.017500 0.035533
0 0.060000 0.781726 0.018750 0.038071
3 0.138125 0.781726 0.062500 0.101523
3 0.241250 0.781726 0.062500 0.101523
1 0.325000 0.781726 0.018750 0.038071
2 0.371250 0.781726 0.017500 0.035533
12 0.069375 0.420051 0.040000 0.012690
12 0.166250 0.420051 0.033750 0.012690
12 0.214688 0.420051 0.030625 0.012690
12 0.311562 0.420051 0.043125 0.012690
12 0.414687 0.420051 0.043125 0.012690
12 0.522500 0.420051 0.052500 0.012690
12 0.078750 0.083756 0.040000 0.012690
12 0.180312 0.083756 0.043125 0.012690
12 0.280625 0.083756 0.037500 0.012690
12 0.374375 0.083756 0.030000 0.012690
12 0.088125 0.781726 0.040000 0.012690
12 0.189688 0.781726 0.043125 0.012690
12 0.475625 0.083756 0.052500 0.012690
12 0.294063 0.781726 0.045625 0.012690
12 0.542812 0.083756 0.049375 0.012690
12 0.603750 0.083756 0.040000 0.012690
12 0.583437 0.420051 0.036875 0.012690
12 0.689688 0.420051 0.055625 0.012690
12 0.786875 0.164225 0.068750 0.012690
12 0.717969 0.137690 0.036562 0.062183
12 0.664687 0.084058 0.049375 0.012690
12 0.724063 0.084053 0.024375 0.012690
12 0.688125 0.046320 0.115000 0.041878
12 0.896562 0.161168 0.030625 0.012690
12 0.792812 0.420051 0.030625 0.012690
12 0.348438 0.781726 0.030625 0.012690
