8 0.411038 0.148695 0.813362 0.283768
8 0.500000 0.535187 0.991285 0.387060
8 0.222222 0.883087 0.435730 0.220204
0 0.058824 0.148695 0.021786 0.034052
3 0.120552 0.148695 0.072622 0.090806
1 0.196805 0.148695 0.021786 0.034052
3 0.276688 0.148695 0.072622 0.090806
1 0.349310 0.148695 0.021786 0.034052
3 0.429194 0.148695 0.072622 0.090806
1 0.509078 0.148695 0.021786 0.034052
3 0.588962 0.148695 0.072622 0.090806
1 0.668845 0.148695 0.021786 0.034052
3 0.748729 0.148695 0.072622 0.090806
2 0.798838 0.148695 0.020334 0.031782
0 0.058824 0.483541 0.021786 0.034052
3 0.138707 0.483541 0.072622 0.090806
3 0.244009 0.483541 0.072622 0.090806
3 0.349310 0.483541 0.072622 0.090806
3 0.454611 0.483541 0.072622 0.090806
1 0.530864 0.483541 0.021786 0.034052
3 0.610748 0.483541 0.072622 0.090806
1 0.763253 0.489217 0.021786 0.034052
3 0.872186 0.489217 0.072622 0.090806
1 0.690632 0.489217 0.021786 0.034052
1 0.763253 0.619750 0.021786 0.034052
2 0.969499 0.558456 0.020334 0.031782
1 0.058824 0.914869 0.021786 0.034052
3 0.138707 0.914869 0.072622 0.090806
3 0.244009 0.914869 0.072622 0.090806
2 0.349310 0.914869 0.020334 0.031782
13 0.171387 0.148695 0.031954 0.011351
13 0.224038 0.148695 0.035585 0.011351
13 0.167756 0.330306 0.220770 0.276958
13 0.086057 0.483541 0.035585 0.011351
13 0.191358 0.483541 0.035585 0.011351
13 0.296659 0.483541 0.035585 0.011351
13 0.349310 0.301930 0.007262 0.276958
13 0.325708 0.148695 0.028322 0.011351
13 0.376543 0.148695 0.035585 0.011351
13 0.481845 0.148695 0.035585 0.011351
13 0.536311 0.148695 0.035585 0.011351
13 0.641612 0.148695 0.035585 0.011351
13 0.696078 0.148695 0.035585 0.011351
13 0.401961 0.483541 0.035585 0.011351
13 0.086057 0.914869 0.035585 0.011351
13 0.191358 0.914869 0.035585 0.011351
13 0.505447 0.483541 0.031954 0.011351
13 0.558097 0.483541 0.035585 0.011351
13 0.559913 0.301930 0.104575 0.276958
13 0.676107 0.333144 0.177197 0.282633
13 0.663399 0.487282 0.035585 0.011351
13 0.805011 0.489217 0.064633 0.011351
13 0.775962 0.300359 0.195352 0.291450
13 0.726943 0.489217 0.053740 0.011351
13 0.721496 0.562997 0.064633 0.118048
13 0.256718 0.713394 0.398693 0.373439
13 0.387436 0.685017 0.289760 0.373439
13 0.687001 0.602724 0.155410 0.152100
13 0.933914 0.523837 0.053740 0.073780
13 0.786855 0.148695 0.007262 0.011351
13 0.309731 0.914869 0.061728 0.011351
13 0.076979 0.148695 0.017429 0.011351
11 0.014960 0.148695 0.010167 0.029521
11 0.058611 0.174688 0.027171 0.013621
11 0.121644 0.148241 0.045547 0.064926
11 0.197491 0.116799 0.065280 0.013621
11 0.277781 0.148241 0.043119 0.032236
11 0.350258 0.116799 0.054183 0.013621
11 0.429194 0.148241 0.050133 0.015891
11 0.511194 0.124291 0.055068 0.028604
11 0.588962 0.148241 0.062252 0.048581
11 0.669936 0.116345 0.048659 0.028604
11 0.748729 0.148241 0.023491 0.015891
11 0.014960 0.535187 0.010167 0.074203
11 0.139800 0.483087 0.043119 0.032236
11 0.244009 0.483087 0.037533 0.015891
11 0.349310 0.483087 0.050150 0.032236
11 0.454611 0.483087 0.043827 0.032236
11 0.528702 0.442565 0.058129 0.013621
11 0.610748 0.483087 0.035121 0.032236
11 0.763463 0.515210 0.038183 0.013621
11 0.872186 0.488763 0.062252 0.015891
11 0.763583 0.645743 0.019540 0.013621
11 0.014960 0.883087 0.010167 0.031416
11 0.138707 0.914415 0.041660 0.015891
11 0.245104 0.914415 0.051119 0.064926
