8 0.385333 0.039333 0.570667 0.078667
8 0.385000 0.138500 0.571333 0.106333
8 0.385333 0.242500 0.570667 0.091667
0 0.125000 0.035000 0.010000 0.010000
3 0.161667 0.035000 0.033333 0.026667
3 0.210000 0.035000 0.033333 0.026667
1 0.255000 0.035000 0.010000 0.010000
3 0.291667 0.035000 0.033333 0.026667
1 0.335000 0.035000 0.010000 0.010000
3 0.371667 0.035000 0.033333 0.026667
1 0.441667 0.035000 0.010000 0.010000
3 0.499000 0.035000 0.033333 0.026667
1 0.535000 0.035000 0.010000 0.010000
3 0.571667 0.035000 0.033333 0.026667
3 0.620000 0.035000 0.033333 0.026667
2 0.656333 0.035000 0.009333 0.009333
0 0.124333 0.127000 0.010000 0.010000
3 0.161000 0.127000 0.033333 0.026667
3 0.209333 0.127000 0.033333 0.026667
3 0.257667 0.127000 0.033333 0.026667
3 0.306000 0.127000 0.033333 0.026667
3 0.354333 0.127000 0.033333 0.026667
1 0.404333 0.127000 0.010000 0.010000
3 0.441000 0.127000 0.033333 0.026667
1 0.497667 0.127000 0.010000 0.010000
3 0.534333 0.127000 0.033333 0.026667
1 0.571000 0.127000 0.010000 0.010000
3 0.607667 0.127000 0.033333 0.026667
2 0.644000 0.127000 0.009333 0.009333
1 0.499000 0.155000 0.010000 0.010000
3 0.535667 0.155000 0.033333 0.026667
0 0.125000 0.242667 0.010000 0.010000
3 0.161667 0.242667 0.033333 0.026667
3 0.210000 0.242667 0.033333 0.026667
3 0.258333 0.242667 0.033333 0.026667
2 0.294667 0.242667 0.009333 0.009333
