8 0.500000 0.163342 0.992878 0.311721
8 0.500000 0.500000 0.992878 0.311721
8 0.500000 0.836658 0.992878 0.311721
0 0.056973 0.163342 0.017804 0.037406
3 0.122255 0.163342 0.059347 0.099751
3 0.205341 0.163342 0.059347 0.099751
3 0.291395 0.163342 0.059347 0.099751
1 0.430861 0.163342 0.017804 0.037406
1 0.558457 0.163342 0.017804 0.037406
3 0.720475 0.163342 0.059347 0.099751
3 0.812463 0.163342 0.059347 0.099751
2 0.871217 0.163342 0.016617 0.034913
0 0.056973 0.500000 0.017804 0.037406
3 0.122255 0.500000 0.059347 0.099751
3 0.205341 0.500000 0.059347 0.099751
3 0.291395 0.500000 0.059347 0.099751
3 0.380415 0.500000 0.059347 0.099751
1 0.478338 0.500000 0.017804 0.037406
3 0.558457 0.500000 0.059347 0.099751
3 0.720475 0.418953 0.059347 0.099751
1 0.653412 0.568579 0.017804 0.037406
1 0.653412 0.418953 0.017804 0.037406
3 0.720475 0.568579 0.059347 0.099751
2 0.800593 0.418953 0.016617 0.034913
0 0.235015 0.836658 0.017804 0.037406
3 0.309199 0.836658 0.059347 0.099751
3 0.398220 0.836658 0.059347 0.099751
3 0.478338 0.836658 0.059347 0.099751
2 0.558457 0.836658 0.016617 0.034913
12 0.079228 0.163342 0.029080 0.012469
12 0.163798 0.163342 0.026113 0.012469
12 0.079228 0.500000 0.029080 0.012469
12 0.163798 0.500000 0.026113 0.012469
12 0.131157 0.347257 0.150742 0.273067
12 0.248368 0.163342 0.029080 0.012469
12 0.248368 0.500000 0.029080 0.012469
12 0.371513 0.163342 0.103264 0.012469
12 0.361128 0.316085 0.141840 0.273067
12 0.335905 0.500000 0.032047 0.012469
12 0.307715 0.683915 0.147774 0.273067
12 0.261721 0.836658 0.037982 0.012469
12 0.353709 0.836658 0.032047 0.012469
12 0.439763 0.500000 0.061721 0.012469
12 0.438279 0.836658 0.023145 0.012469
12 0.478338 0.652743 0.005935 0.273067
12 0.508012 0.500000 0.043917 0.012469
12 0.494659 0.163342 0.112166 0.012469
12 0.558457 0.316085 0.005935 0.273067
12 0.766469 0.163342 0.035015 0.012469
12 0.598516 0.500399 0.023145 0.012469
12 0.730366 0.291147 0.005935 0.160848
12 0.710584 0.291147 0.005935 0.160848
12 0.632789 0.546758 0.025816 0.048628
12 0.632789 0.447007 0.025816 0.061097
12 0.676558 0.418953 0.030861 0.012469
12 0.676558 0.568579 0.030861 0.012469
12 0.676558 0.509663 0.090208 0.023067
12 0.852522 0.163342 0.023145 0.012469
12 0.771217 0.418953 0.044510 0.012469
12 0.529080 0.836658 0.044510 0.012469
12 0.629080 0.163342 0.125816 0.012469
12 0.647277 0.456359 0.089423 0.279302
12 0.248368 0.331671 0.088427 0.241895
12 0.122114 0.556853 0.005935 0.018942
12 0.122114 0.556853 0.005935 0.018942
