8 0.499966 0.162905 0.994823 0.311609
8 0.298814 0.499873 0.592520 0.275485
8 0.375810 0.855213 0.746512 0.276107
8 0.801693 0.499562 0.391369 0.276107
0 0.034483 0.155030 0.012771 0.035503
3 0.087697 0.155030 0.042571 0.094675
3 0.157940 0.155030 0.042571 0.094675
3 0.261822 0.155030 0.042571 0.094675
3 0.329817 0.155030 0.042571 0.094675
3 0.448808 0.155030 0.042571 0.094675
3 0.754785 0.163314 0.042571 0.094675
3 0.822780 0.163314 0.042571 0.094675
3 0.899274 0.163314 0.042571 0.094675
2 0.951943 0.163314 0.011920 0.033136
1 0.212925 0.155030 0.012771 0.035503
1 0.695289 0.163314 0.012771 0.035503
3 0.100468 0.492308 0.042571 0.094675
3 0.177097 0.492308 0.042571 0.094675
3 0.247339 0.492308 0.042571 0.094675
3 0.321318 0.492308 0.042571 0.094675
3 0.382290 0.491686 0.042571 0.094675
3 0.448808 0.492308 0.042571 0.094675
3 0.516803 0.492308 0.042571 0.094675
2 0.569472 0.491686 0.011920 0.033136
0 0.034483 0.492308 0.012771 0.035503
0 0.059936 0.865089 0.012771 0.035503
3 0.236324 0.865089 0.042571 0.094675
3 0.474306 0.865089 0.042571 0.094675
1 0.637893 0.865089 0.012771 0.035503
2 0.708016 0.865089 0.011920 0.033136
1 0.822780 0.521024 0.012771 0.035503
3 0.907773 0.550609 0.042571 0.094675
1 0.850377 0.432473 0.012771 0.035503
3 0.695289 0.491686 0.042571 0.094675
3 0.907773 0.432473 0.042571 0.094675
2 0.968942 0.432473 0.011920 0.033136
0 0.637893 0.492308 0.012771 0.035503
12 0.053640 0.155030 0.027246 0.011834
12 0.122818 0.155030 0.029374 0.011834
12 0.140680 0.865089 0.150419 0.011834
12 0.355315 0.865089 0.197114 0.011834
12 0.563549 0.865089 0.137618 0.011834
12 0.673167 0.865089 0.059481 0.011834
12 0.138782 0.492308 0.035760 0.011834
12 0.295819 0.155030 0.027126 0.011834
12 0.212218 0.492308 0.029374 0.011834
12 0.284328 0.492308 0.033110 0.011834
12 0.319889 0.323669 0.004257 0.247337
12 0.331246 0.323669 0.004257 0.247337
12 0.351804 0.491997 0.020104 0.011834
12 0.415549 0.491997 0.025649 0.011834
12 0.389312 0.155030 0.078123 0.011834
12 0.482805 0.492308 0.027126 0.011834
12 0.293691 0.693491 0.469212 0.312426
12 0.731423 0.492293 0.031398 0.011834
12 0.820663 0.550578 0.133033 0.073937
12 0.871625 0.432473 0.031428 0.011834
12 0.717587 0.163314 0.033527 0.011834
12 0.788782 0.163314 0.027126 0.011834
12 0.865277 0.297893 0.065426 0.179219
12 0.861027 0.163314 0.035626 0.011834
12 0.933272 0.163314 0.027126 0.011834
12 0.946021 0.432473 0.035626 0.011834
12 0.799494 0.450556 0.090696 0.040899
12 0.789847 0.512838 0.054798 0.021105
12 0.448808 0.323669 0.004257 0.247337
12 0.960470 0.434660 0.064524 0.236633
12 0.192882 0.155030 0.029017 0.011834
12 0.229923 0.155030 0.022929 0.011834
12 0.098314 0.381053 0.004257 0.132569
12 0.695289 0.312707 0.004257 0.268018
12 0.857827 0.535817 0.059025 0.034320
12 0.579499 0.163314 0.220513 0.011834
12 0.550800 0.491907 0.027126 0.011834
12 0.659141 0.492078 0.031428 0.011834
12 0.637843 0.742476 0.004257 0.214456
12 0.060026 0.492308 0.040017 0.011834
12 0.220328 0.323669 0.104246 0.247337
