8 0.500054 0.116639 0.994743 0.213411
8 0.500054 0.489636 0.994743 0.383576
8 0.500054 0.872748 0.994743 0.233642
0 0.029504 0.123079 0.013411 0.049669
3 0.069736 0.123079 0.044703 0.132450
3 0.125615 0.123079 0.044703 0.132450
3 0.205338 0.123079 0.044703 0.132450
3 0.317345 0.123079 0.044703 0.132450
3 0.429352 0.123079 0.044703 0.132450
3 0.939164 0.123079 0.044703 0.132450
3 0.876482 0.123079 0.044703 0.132450
2 0.983321 0.123079 0.012517 0.046358
1 0.165105 0.123079 0.013411 0.049669
1 0.722258 0.123079 0.013411 0.049669
0 0.207573 0.573791 0.013411 0.049669
3 0.256746 0.573791 0.044703 0.132450
3 0.317345 0.573791 0.044703 0.132450
3 0.373098 0.573791 0.044703 0.132450
3 0.429352 0.573791 0.044703 0.132450
3 0.494171 0.573791 0.044703 0.132450
1 0.673085 0.573791 0.013411 0.049669
3 0.722258 0.573791 0.044703 0.132450
3 0.876482 0.573791 0.044703 0.132450
1 0.812034 0.399950 0.013411 0.049669
1 0.838856 0.573791 0.013411 0.049669
3 0.773666 0.399950 0.044703 0.132450
4 0.773666 0.573791 0.017881 0.066225
2 0.925208 0.573791 0.012517 0.046358
0 0.494171 0.872748 0.013411 0.049669
3 0.543344 0.872748 0.044703 0.132450
3 0.608163 0.872748 0.044703 0.132450
3 0.672982 0.872748 0.044703 0.132450
2 0.733125 0.872748 0.012517 0.046358
12 0.041797 0.123079 0.012964 0.016556
12 0.097675 0.123079 0.012964 0.016556
12 0.153183 0.123079 0.012222 0.016556
12 0.261341 0.123079 0.069093 0.016556
12 0.373348 0.123079 0.069093 0.016556
12 0.583628 0.123079 0.265637 0.016556
12 0.791547 0.123079 0.126956 0.016556
12 0.969289 0.123079 0.017336 0.016556
12 0.207573 0.369131 0.004470 0.366275
12 0.177398 0.123079 0.012964 0.016556
12 0.224336 0.573791 0.021904 0.016556
12 0.287045 0.573791 0.017684 0.016556
12 0.324795 0.348435 0.004470 0.324884
12 0.309894 0.348435 0.004470 0.324884
12 0.345221 0.573791 0.012839 0.016556
12 0.401225 0.573791 0.013339 0.016556
12 0.429352 0.348435 0.004470 0.324884
12 0.461761 0.573791 0.021904 0.016556
12 0.510934 0.872748 0.021904 0.016556
12 0.575753 0.872748 0.021904 0.016556
12 0.591451 0.573791 0.151645 0.016556
12 0.640572 0.872748 0.021904 0.016556
12 0.494171 0.743965 0.004470 0.214520
12 0.711100 0.872748 0.033321 0.016556
12 0.673085 0.702575 0.004470 0.214520
12 0.689848 0.573791 0.021904 0.016556
12 0.722258 0.327740 0.004470 0.366275
12 0.907823 0.123079 0.019768 0.016556
12 0.883932 0.348435 0.004470 0.324884
12 0.754667 0.574311 0.021904 0.016556
12 0.826562 0.573791 0.012964 0.016556
12 0.849846 0.573791 0.010358 0.016556
12 0.812140 0.482732 0.004470 0.122517
12 0.800673 0.399950 0.011100 0.016556
12 0.792850 0.574208 0.022275 0.016556
12 0.773745 0.503427 0.004470 0.081126
12 0.908891 0.573791 0.021904 0.016556
12 0.773666 0.278535 0.004470 0.117003
12 0.852416 0.368420 0.028910 0.367697
