8 0.411038 0.148695 0.813362 0.283768
8 0.500000 0.535187 0.991285 0.387060
8 0.222222 0.883087 0.435730 0.220204
0 0.058824 0.148695 0.021786 0.034052
3 0.120552 0.148695 0.072622 0.090806
1 0.196805 0.148695 0.021786 0.034052
3 0.276688 0.148695 0.072622 0.090806
1 0.349310 0.148695 0.021786 0.034052
3 0.429194 0.148695 0.072622 0.090806
1 0.509078 0.148695 0.021786 0.034052
3 0.588962 0.148695 0.072622 0.090806
1 0.668845 0.148695 0.021786 0.034052
3 0.748729 0.148695 0.072622 0.090806
2 0.798838 0.148695 0.020334 0.031782
0 0.058824 0.483541 0.021786 0.034052
3 0.138707 0.483541 0.072622 0.090806
3 0.244009 0.483541 0.072622 0.090806
3 0.349310 0.483541 0.072622 0.090806
3 0.454611 0.483541 0.072622 0.090806
1 0.530864 0.483541 0.021786 0.034052
3 0.610748 0.483541 0.072622 0.090806
1 0.763253 0.489217 0.021786 0.034052
3 0.872186 0.489217 0.072622 0.090806
1 0.690632 0.489217 0.021786 0.034052
1 0.763253 0.619750 0.021786 0.034052
2 0.969499 0.558456 0.020334 0.031782
1 0.058824 0.914869 0.021786 0.034052
3 0.138707 0.914869 0.072622 0.090806
3 0.244009 0.914869 0.072622 0.090806
2 0.349310 0.914869 0.020334 0.031782
12 0.171387 0.148695 0.031954 0.011351
12 0.224038 0.148695 0.035585 0.011351
12 0.167756 0.330306 0.220770 0.276958
12 0.086057 0.483541 0.035585 0.011351
12 0.191358 0.483541 0.035585 0.011351
12 0.296659 0.483541 0.035585 0.011351
12 0.349310 0.301930 0.007262 0.276958
12 0.325708 0.148695 0.028322 0.011351
12 0.376543 0.148695 0.035585 0.011351
12 0.481845 0.148695 0.035585 0.011351
12 0.536311 0.148695 0.035585 0.011351
12 0.641612 0.148695 0.035585 0.011351
12 0.696078 0.148695 0.035585 0.011351
12 0.401961 0.483541 0.035585 0.011351
12 0.086057 0.914869 0.035585 0.011351
12 0.191358 0.914869 0.035585 0.011351
12 0.505447 0.483541 0.031954 0.011351
12 0.558097 0.483541 0.035585 0.011351
12 0.559913 0.301930 0.104575 0.276958
12 0.676107 0.333144 0.177197 0.282633
12 0.663399 0.487282 0.035585 0.011351
12 0.805011 0.489217 0.064633 0.011351
12 0.775962 0.300359 0.195352 0.291450
12 0.726943 0.489217 0.053740 0.011351
12 0.721496 0.562997 0.064633 0.118048
12 0.256718 0.713394 0.398693 0.373439
12 0.387436 0.685017 0.289760 0.373439
12 0.687001 0.602724 0.155410 0.152100
12 0.933914 0.523837 0.053740 0.073780
12 0.786855 0.148695 0.007262 0.011351
12 0.309731 0.914869 0.061728 0.011351
12 0.076979 0.148695 0.017429 0.011351
