8 0.399031 0.147837 0.791599 0.281250
11 0.009155 0.180346 0.012924 0.368445
8 0.500000 0.450721 0.993538 0.201923
11 0.009155 0.475408 0.019386 0.279782
8 0.399031 0.808894 0.791599 0.367788
11 0.009155 0.842273 0.012924 0.378297
0 0.053312 0.147837 0.016155 0.036058
11 0.053312 0.177359 0.066259 0.028095
3 0.123317 0.147837 0.053850 0.096154
11 0.123317 0.150841 0.052342 0.061298
3 0.201400 0.147837 0.053850 0.096154
11 0.201400 0.150841 0.045488 0.061298
3 0.279483 0.147837 0.053850 0.096154
11 0.279483 0.150841 0.045488 0.061298
3 0.357566 0.147837 0.053850 0.096154
11 0.357566 0.148137 0.039257 0.030649
3 0.435649 0.147837 0.053850 0.096154
11 0.435649 0.153546 0.065428 0.091947
1 0.505654 0.147837 0.016155 0.036058
11 0.506193 0.111929 0.065688 0.056190
3 0.572967 0.147837 0.053850 0.096154
11 0.572967 0.148137 0.063559 0.030649
3 0.651050 0.147837 0.053850 0.096154
11 0.651050 0.148137 0.072906 0.030649
2 0.709747 0.147837 0.015078 0.033654
11 0.709747 0.176157 0.058262 0.028095
12 0.508347 0.235577 0.053850 0.060096
11 0.506839 0.240084 0.069790 0.091947
0 0.053312 0.450721 0.016155 0.036058
11 0.053312 0.489333 0.043982 0.056190
3 0.112547 0.450721 0.053850 0.096154
11 0.112547 0.453726 0.063559 0.061298
3 0.303716 0.450721 0.053850 0.096154
11 0.303716 0.451022 0.063559 0.030649
3 0.381799 0.450721 0.053850 0.096154
11 0.381799 0.453726 0.066674 0.061298
3 0.459882 0.450721 0.053850 0.096154
11 0.459882 0.453726 0.055458 0.061298
3 0.537964 0.450721 0.053850 0.096154
11 0.537964 0.453726 0.052966 0.061298
1 0.597200 0.450721 0.016155 0.036058
3 0.656435 0.450721 0.053850 0.096154
11 0.656435 0.451022 0.067921 0.030649
1 0.761443 0.450721 0.016155 0.036058
12 0.799138 0.391827 0.053850 0.060096
11 0.800123 0.393630 0.077267 0.061298
0 0.053312 0.808894 0.016155 0.036058
11 0.053312 0.847506 0.050837 0.056190
3 0.112547 0.808894 0.053850 0.096154
11 0.112547 0.811899 0.046111 0.061298
3 0.190630 0.808894 0.053850 0.096154
11 0.190630 0.814603 0.051719 0.091947
2 0.249327 0.808894 0.015078 0.033654
11 0.249327 0.837215 0.055977 0.028095
13 0.078891 0.147837 0.037157 0.012019
13 0.162359 0.147837 0.026387 0.012019
13 0.240442 0.147837 0.026387 0.012019
13 0.318525 0.147837 0.026387 0.012019
13 0.396607 0.147837 0.026387 0.012019
13 0.480075 0.147837 0.037157 0.012019
13 0.529887 0.147837 0.034464 0.012019
13 0.612009 0.147837 0.026387 0.012019
13 0.690092 0.147837 0.026387 0.012019
13 0.166397 0.314303 0.228325 0.241587
13 0.073506 0.450721 0.026387 0.012019
13 0.208131 0.450721 0.139472 0.012019
13 0.330641 0.299279 0.056004 0.211538
13 0.342757 0.450721 0.026387 0.012019
13 0.420840 0.450721 0.026387 0.012019
13 0.447765 0.299279 0.026387 0.211538
13 0.498923 0.450721 0.026387 0.012019
13 0.295638 0.644832 0.486807 0.296875
13 0.073506 0.808894 0.026387 0.012019
13 0.151589 0.808894 0.026387 0.012019
13 0.229672 0.808894 0.026387 0.012019
13 0.577006 0.450721 0.026387 0.012019
13 0.427033 0.638822 0.342488 0.344952
13 0.617394 0.450721 0.026387 0.012019
13 0.695477 0.451098 0.026387 0.012019
13 0.741249 0.451005 0.026387 0.012019
13 0.495288 0.185697 0.013014 0.044471
13 0.750673 0.415387 0.045234 0.053124
