8 0.500132 0.151796 0.993276 0.289687
8 0.500132 0.667304 0.993276 0.651222
0 0.047929 0.151796 0.017472 0.034762
3 0.111994 0.151796 0.058241 0.092700
3 0.196444 0.151796 0.058241 0.092700
1 0.280079 0.151796 0.017472 0.034762
3 0.344144 0.151796 0.058241 0.092700
3 0.428593 0.151796 0.058241 0.092700
1 0.500291 0.151796 0.017472 0.034762
1 0.620728 0.081947 0.017472 0.034762
3 0.766331 0.151796 0.058241 0.092700
3 0.850780 0.151796 0.058241 0.092700
2 0.914263 0.151796 0.016308 0.032445
6 0.561407 0.151796 0.023296 0.046350
1 0.620728 0.228290 0.017472 0.034762
9 0.508868 0.504498 0.975803 0.325611
9 0.508868 0.830109 0.975803 0.325611
0 0.047929 0.505076 0.017472 0.034762
3 0.111994 0.505076 0.058241 0.092700
3 0.196444 0.505076 0.058241 0.092700
3 0.280893 0.505076 0.058241 0.092700
3 0.365343 0.505076 0.058241 0.092700
1 0.450322 0.505076 0.017472 0.034762
3 0.514387 0.505076 0.058241 0.092700
4 0.581364 0.505076 0.023296 0.046350
3 0.809353 0.418835 0.058241 0.092700
3 0.694934 0.572794 0.058241 0.092700
2 0.872836 0.418835 0.016308 0.032445
1 0.759855 0.572794 0.017472 0.034762
0 0.047929 0.830687 0.017472 0.034762
3 0.111994 0.830687 0.058241 0.092700
3 0.196444 0.830687 0.058241 0.092700
3 0.280893 0.830687 0.058241 0.092700
2 0.344376 0.830687 0.016308 0.032445
13 0.069769 0.151796 0.028538 0.011587
13 0.154219 0.151796 0.028538 0.011587
13 0.248453 0.151796 0.048108 0.011587
13 0.301919 0.151796 0.028538 0.011587
13 0.181476 0.332107 0.269424 0.315811
13 0.069769 0.505076 0.028538 0.011587
13 0.154219 0.505076 0.028538 0.011587
13 0.386369 0.151796 0.028538 0.011587
13 0.297958 0.319618 0.205359 0.282853
13 0.238668 0.505076 0.028538 0.011587
13 0.323118 0.505076 0.028538 0.011587
13 0.474635 0.151796 0.036171 0.011587
13 0.428449 0.313534 0.128542 0.295020
13 0.529393 0.151796 0.043062 0.011587
13 0.192076 0.672130 0.290623 0.286987
13 0.069769 0.830687 0.028538 0.011587
13 0.154219 0.830687 0.028538 0.011587
13 0.418024 0.505076 0.049452 0.011587
13 0.472162 0.505076 0.028538 0.011587
13 0.360286 0.650799 0.164929 0.271712
13 0.571198 0.279027 0.092654 0.364033
13 0.683337 0.116872 0.110076 0.074484
13 0.808555 0.151796 0.028538 0.011587
13 0.893005 0.151796 0.028538 0.011587
13 0.556612 0.505440 0.028538 0.011587
13 0.623735 0.550523 0.086488 0.049178
13 0.680944 0.450368 0.200907 0.067702
13 0.787842 0.285315 0.005824 0.178974
13 0.851578 0.418835 0.028538 0.011587
13 0.238668 0.830687 0.028538 0.011587
13 0.323118 0.830687 0.028538 0.011587
13 0.737587 0.572794 0.029393 0.011587
13 0.676434 0.530245 0.169172 0.054972
13 0.586845 0.105284 0.052623 0.051309
13 0.586845 0.201630 0.052623 0.057954
13 0.683337 0.190043 0.110076 0.081129
13 0.657831 0.386058 0.076536 0.285409
11 0.011998 0.151796 0.008154 0.037870
11 0.047935 0.178331 0.043453 0.013905
11 0.111823 0.151333 0.034575 0.032908
11 0.196273 0.151333 0.040984 0.016222
11 0.279894 0.178331 0.022805 0.013905
11 0.344205 0.142990 0.034763 0.016222
11 0.428655 0.134647 0.037101 0.016222
11 0.500414 0.185979 0.031696 0.029200
11 0.620838 0.108806 0.044238 0.013905
11 0.766453 0.151333 0.039429 0.016222
11 0.850903 0.151333 0.027000 0.016222
11 0.914290 0.177173 0.045237 0.013905
11 0.600056 0.179027 0.030631 0.029200
11 0.011998 0.667439 0.008154 0.147609
11 0.025277 0.830243 0.008154 0.031302
11 0.029470 0.504635 0.008154 0.062210
11 0.111823 0.504751 0.045253 0.032908
11 0.196273 0.504751 0.046229 0.016222
11 0.281598 0.496408 0.030304 0.032908
11 0.366003 0.504751 0.039346 0.049594
11 0.450135 0.539397 0.052279 0.029200
11 0.514269 0.496408 0.042413 0.016222
11 0.610430 0.523638 0.040895 0.013905
11 0.809552 0.417845 0.048370 0.016222
11 0.694817 0.571958 0.029913 0.016222
11 0.872902 0.443685 0.041670 0.013905
11 0.111823 0.830359 0.044868 0.016222
11 0.197151 0.830359 0.046620 0.032908
11 0.280722 0.830359 0.030494 0.032908
11 0.344997 0.863847 0.034198 0.029200
11 0.573748 0.509733 0.007135 0.013905
11 0.573272 0.457590 0.010843 0.013905
