8 0.500136 0.151972 0.991507 0.290023
11 0.012418 0.157510 0.017531 0.062757
8 0.500136 0.500000 0.991507 0.290023
11 0.012418 0.514095 0.017531 0.159745
8 0.500136 0.848028 0.991507 0.290023
11 0.012418 0.853901 0.017531 0.066560
0 0.059167 0.151972 0.021914 0.034803
11 0.059167 0.180467 0.039515 0.027117
3 0.223521 0.151972 0.073046 0.092807
11 0.223521 0.152262 0.092132 0.029582
3 0.128561 0.151972 0.073046 0.092807
11 0.128561 0.154872 0.061703 0.059165
3 0.314828 0.151972 0.073046 0.092807
11 0.314828 0.152262 0.092132 0.029582
3 0.614608 0.151972 0.073046 0.092807
11 0.614608 0.152262 0.086215 0.029582
3 0.753104 0.151972 0.073046 0.092807
11 0.753104 0.154872 0.050715 0.059165
2 0.847334 0.151972 0.020453 0.032483
11 0.847334 0.179307 0.079031 0.027117
3 0.435354 0.151972 0.073046 0.092807
11 0.435354 0.157483 0.088751 0.088747
1 0.523269 0.151972 0.021914 0.034803
11 0.523269 0.120142 0.106924 0.027117
0 0.059167 0.500000 0.021914 0.034803
11 0.059167 0.537268 0.050363 0.054234
3 0.128561 0.500000 0.073046 0.092807
11 0.128561 0.502900 0.061703 0.059165
3 0.314828 0.500000 0.073046 0.092807
11 0.314828 0.500290 0.086215 0.029582
3 0.435354 0.500000 0.073046 0.092807
11 0.435354 0.502900 0.063394 0.059165
3 0.544923 0.500000 0.073046 0.092807
11 0.544923 0.505510 0.080298 0.088747
3 0.753104 0.500000 0.073046 0.092807
11 0.753104 0.500290 0.096358 0.029582
3 0.938388 0.406613 0.061359 0.063805
11 0.938388 0.409513 0.052405 0.059165
1 0.862673 0.407193 0.021914 0.034803
11 0.863404 0.376523 0.086779 0.027117
2 0.938388 0.581206 0.020453 0.032483
11 0.938388 0.608541 0.140241 0.027117
1 0.862673 0.581206 0.021914 0.034803
11 0.823959 0.581352 0.047263 0.054234
1 0.646457 0.500000 0.021914 0.034803
11 0.646457 0.528495 0.065084 0.027117
0 0.475530 0.848028 0.021914 0.034803
11 0.475530 0.885296 0.088328 0.054234
3 0.566837 0.848028 0.073046 0.092807
11 0.566837 0.850928 0.062548 0.059165
3 0.665449 0.848028 0.073046 0.092807
11 0.665449 0.853538 0.070155 0.088747
3 0.785975 0.848028 0.073046 0.092807
11 0.785975 0.850928 0.073536 0.059165
2 0.891626 0.848028 0.020453 0.032483
11 0.891626 0.875363 0.091428 0.027117
13 0.081081 0.151972 0.024836 0.011601
13 0.136231 0.340487 0.157049 0.288863
13 0.176041 0.151972 0.024836 0.011601
13 0.081081 0.500000 0.024836 0.011601
13 0.221695 0.500000 0.116143 0.011601
13 0.327003 0.325986 0.007305 0.259861
13 0.269175 0.151972 0.021183 0.011601
13 0.683856 0.151972 0.068372 0.011601
13 0.375091 0.500000 0.050402 0.011601
13 0.813367 0.151972 0.050402 0.011601
13 0.490139 0.500000 0.039445 0.011601
13 0.508400 0.848028 0.046749 0.011601
13 0.616143 0.848028 0.028488 0.011601
13 0.725712 0.848028 0.050402 0.011601
13 0.818846 0.500347 0.061359 0.011601
13 0.302654 0.325986 0.007305 0.259861
13 0.862844 0.450696 0.007305 0.056845
13 0.890669 0.406978 0.037000 0.011601
13 0.375091 0.151972 0.050402 0.011601
13 0.435354 0.325986 0.007305 0.259861
13 0.862844 0.543503 0.007305 0.045244
13 0.900896 0.581206 0.057453 0.011601
13 0.851949 0.848028 0.061823 0.011601
13 0.782585 0.286543 0.314527 0.180974
13 0.510226 0.688515 0.072316 0.288863
13 0.907835 0.470100 0.064027 0.067811
13 0.716216 0.659513 0.142440 0.288863
13 0.638187 0.311485 0.232757 0.288863
13 0.608473 0.500000 0.056976 0.011601
13 0.686998 0.500000 0.062089 0.011601
13 0.492095 0.151972 0.043357 0.011601
13 0.556156 0.151972 0.046780 0.011601
