8 0.500000 0.142391 0.993076 0.271739
8 0.500000 0.503804 0.993076 0.370652
8 0.500000 0.864130 0.993076 0.258696
0 0.046740 0.057353 0.017311 0.032609
3 0.127525 0.057353 0.057703 0.086957
3 0.218407 0.057353 0.057703 0.086957
1 0.280439 0.057353 0.017311 0.032609
3 0.339585 0.057353 0.057703 0.086957
1 0.430467 0.057353 0.017311 0.032609
3 0.491056 0.057353 0.057703 0.086957
3 0.698211 0.057353 0.057703 0.086957
1 0.605886 0.057353 0.017311 0.032609
3 0.833237 0.057353 0.057703 0.086957
2 0.911425 0.057353 0.016157 0.030435
1 0.551645 0.057353 0.017311 0.032609
1 0.755915 0.057353 0.017311 0.032609
0 0.046740 0.400000 0.017311 0.032609
3 0.127525 0.400000 0.057703 0.086957
3 0.218407 0.400000 0.057703 0.086957
3 0.339585 0.400000 0.057703 0.086957
3 0.430467 0.400000 0.057703 0.086957
1 0.496826 0.400000 0.017311 0.032609
3 0.577611 0.400000 0.057703 0.086957
1 0.752452 0.400000 0.017311 0.032609
3 0.833237 0.400000 0.057703 0.086957
1 0.752452 0.514130 0.017311 0.032609
3 0.833237 0.514130 0.057703 0.086957
2 0.911425 0.400000 0.016157 0.030435
4 0.641084 0.400264 0.023081 0.043478
3 0.698211 0.636957 0.057703 0.086957
3 0.833237 0.636957 0.057703 0.086957
2 0.911425 0.636957 0.016157 0.030435
0 0.046740 0.800000 0.017311 0.032609
3 0.127525 0.800000 0.057703 0.086957
3 0.218407 0.800000 0.057703 0.086957
2 0.911425 0.800000 0.016157 0.030435
12 0.077034 0.057353 0.045586 0.010870
12 0.172966 0.057353 0.035488 0.010870
12 0.299913 0.057353 0.023947 0.010870
12 0.259521 0.057353 0.026832 0.010870
12 0.395124 0.057353 0.055684 0.010870
12 0.077034 0.400000 0.045586 0.010870
12 0.172966 0.400000 0.035488 0.010870
12 0.450664 0.057353 0.025389 0.010870
12 0.278996 0.400000 0.065782 0.010870
12 0.385026 0.400000 0.035488 0.010870
12 0.193162 0.242264 0.295153 0.287212
12 0.319629 0.215090 0.223985 0.287212
12 0.359540 0.228677 0.265339 0.260038
12 0.445615 0.215090 0.214368 0.287212
12 0.531448 0.057353 0.025389 0.010870
12 0.238604 0.613587 0.386036 0.344565
12 0.077034 0.800000 0.045586 0.010870
12 0.172966 0.800000 0.035488 0.010870
12 0.357617 0.586413 0.280727 0.344565
12 0.473745 0.400000 0.031160 0.010870
12 0.527121 0.400000 0.045586 0.010870
12 0.578765 0.057353 0.039238 0.010870
12 0.598961 0.215090 0.016157 0.287212
12 0.641950 0.057353 0.057126 0.010870
12 0.618003 0.400511 0.025389 0.010870
12 0.729371 0.400257 0.031160 0.010870
12 0.723745 0.467935 0.042412 0.096739
12 0.782747 0.400000 0.045586 0.010870
12 0.782747 0.514130 0.045586 0.010870
12 0.737161 0.057353 0.022504 0.010870
12 0.882718 0.057353 0.043566 0.010870
12 0.784478 0.057353 0.042123 0.010870
12 0.794576 0.215090 0.079631 0.287212
12 0.575303 0.800000 0.658396 0.010870
12 0.722879 0.468067 0.165321 0.096475
12 0.882718 0.400000 0.043566 0.010870
12 0.672244 0.400677 0.041547 0.010870
12 0.655366 0.529480 0.030295 0.219302
12 0.765724 0.636957 0.079631 0.010870
12 0.882718 0.636957 0.043566 0.010870
