8 0.452065 0.056667 0.805464 0.083333
8 0.554000 0.164143 0.518000 0.088285
8 0.528333 0.263833 0.223667 0.077667
0 0.074333 0.056839 0.010000 0.010000
3 0.112667 0.056839 0.033333 0.026667
3 0.162667 0.056839 0.033333 0.026667
1 0.211000 0.056839 0.010000 0.010000
3 0.254333 0.056839 0.033333 0.026667
3 0.398833 0.056839 0.033333 0.026667
3 0.452167 0.056839 0.033333 0.026667
1 0.581000 0.056839 0.010000 0.010000
3 0.730142 0.056839 0.033333 0.026667
3 0.784348 0.056839 0.033333 0.026667
2 0.827348 0.056839 0.009333 0.009333
0 0.321667 0.161667 0.010000 0.010000
3 0.355000 0.161667 0.033333 0.026667
3 0.398833 0.161667 0.033333 0.026667
3 0.452167 0.161667 0.033333 0.026667
3 0.506667 0.161667 0.033333 0.026667
1 0.541667 0.161667 0.010000 0.010000
3 0.581667 0.161667 0.033333 0.026667
3 0.730142 0.139858 0.033333 0.026667
1 0.666667 0.139858 0.010000 0.010000
1 0.666667 0.175657 0.010000 0.010000
3 0.730142 0.175657 0.033333 0.026667
2 0.789348 0.139858 0.009333 0.009333
0 0.453167 0.275000 0.010000 0.010000
3 0.498167 0.275000 0.033333 0.026667
3 0.543167 0.275000 0.033333 0.026667
2 0.621167 0.275000 0.009333 0.009333
3 0.588167 0.275000 0.033333 0.026667
