8 0.500000 0.150748 0.991718 0.287687
11 0.011732 0.181874 0.016563 0.352758
8 0.468599 0.523590 0.928916 0.260069
11 0.011732 0.567865 0.016563 0.501784
8 0.414079 0.849252 0.819876 0.287687
11 0.011732 0.881210 0.016563 0.362190
0 0.066253 0.150748 0.020704 0.034522
11 0.066253 0.187716 0.043922 0.053797
3 0.142167 0.150748 0.069013 0.092060
11 0.142167 0.153625 0.062289 0.058688
3 0.242236 0.150748 0.069013 0.092060
11 0.242236 0.156214 0.090240 0.088032
1 0.318150 0.150748 0.020704 0.034522
11 0.318150 0.179013 0.098092 0.026899
3 0.394065 0.150748 0.069013 0.092060
11 0.394065 0.153625 0.058296 0.058688
3 0.485162 0.151899 0.069013 0.092060
11 0.485162 0.152186 0.050311 0.029344
3 0.583851 0.150748 0.069013 0.092060
11 0.583851 0.153625 0.081455 0.058688
1 0.659765 0.150748 0.020704 0.034522
11 0.655625 0.106013 0.057098 0.053797
3 0.769496 0.150748 0.069013 0.092060
11 0.769496 0.151036 0.081455 0.029344
3 0.859903 0.150748 0.069013 0.092060
11 0.859903 0.151036 0.091038 0.029344
2 0.923395 0.150748 0.019324 0.032221
11 0.923395 0.177862 0.074667 0.026899
0 0.066253 0.509781 0.020704 0.034522
11 0.066253 0.546749 0.053438 0.053797
3 0.142167 0.509781 0.069013 0.092060
11 0.142167 0.515247 0.081455 0.088032
3 0.242236 0.509781 0.069013 0.092060
11 0.242236 0.510069 0.054303 0.029344
3 0.342305 0.509781 0.069013 0.092060
11 0.342305 0.512658 0.081455 0.058688
1 0.414079 0.509781 0.020704 0.034522
11 0.414079 0.546749 0.073203 0.053797
1 0.465839 0.509781 0.020704 0.034522
11 0.463768 0.466197 0.086380 0.053797
3 0.541753 0.509781 0.069013 0.092060
11 0.541753 0.515247 0.083851 0.088032
1 0.617667 0.509781 0.020704 0.034522
11 0.617667 0.546749 0.040994 0.053797
2 0.893720 0.494822 0.019324 0.032221
11 0.893720 0.530639 0.076131 0.053797
1 0.701863 0.570196 0.020704 0.034522
11 0.701863 0.607163 0.055634 0.053797
3 0.793651 0.455121 0.069013 0.092060
11 0.793651 0.455409 0.091837 0.029344
3 0.777778 0.570196 0.069013 0.092060
11 0.777778 0.570483 0.077462 0.029344
1 0.701863 0.455121 0.020704 0.034522
11 0.701863 0.500791 0.067347 0.080696
0 0.066253 0.849252 0.020704 0.034522
11 0.066253 0.886220 0.053438 0.053797
3 0.144237 0.849252 0.069013 0.092060
11 0.144237 0.857307 0.086247 0.117376
2 0.219462 0.849252 0.019324 0.032221
11 0.219462 0.876367 0.077595 0.026899
13 0.092133 0.150748 0.033816 0.011507
13 0.192202 0.150748 0.033816 0.011507
13 0.292271 0.150748 0.033816 0.011507
13 0.344030 0.150748 0.033816 0.011507
13 0.230159 0.344649 0.330573 0.300345
13 0.439614 0.151323 0.024845 0.011507
13 0.092133 0.509781 0.033816 0.011507
13 0.192202 0.509781 0.033816 0.011507
13 0.292271 0.509781 0.033816 0.011507
13 0.534507 0.151323 0.032436 0.011507
13 0.352197 0.330840 0.245687 0.270426
11 0.352197 0.307537 0.024786 0.029344
13 0.375201 0.330840 0.245687 0.270426
11 0.363668 0.369678 0.062289 0.029344
13 0.390269 0.509781 0.029676 0.011507
13 0.240166 0.679517 0.350587 0.309551
13 0.093168 0.849252 0.035887 0.011507
13 0.439959 0.509781 0.033816 0.011507
13 0.491718 0.509781 0.033816 0.011507
13 0.591787 0.509781 0.033816 0.011507
13 0.633885 0.150748 0.033816 0.011507
13 0.636991 0.510043 0.020704 0.011507
13 0.675811 0.470944 0.034161 0.036249
13 0.735680 0.455408 0.049689 0.011507
13 0.675811 0.551496 0.034161 0.042002
13 0.638026 0.330265 0.046239 0.329114
13 0.856108 0.475361 0.058661 0.043524
13 0.814700 0.150748 0.024155 0.011507
13 0.904072 0.150748 0.022084 0.011507
13 0.727743 0.570196 0.033816 0.011507
13 0.702553 0.150748 0.067633 0.011507
13 0.735680 0.317319 0.070393 0.245685
13 0.793651 0.302934 0.006901 0.216916
13 0.194272 0.849252 0.033816 0.011507
13 0.347481 0.688147 0.239476 0.326812
13 0.752243 0.369102 0.187716 0.406789
13 0.463078 0.330265 0.244306 0.271577
11 0.462388 0.420311 0.033540 0.029344
13 0.713596 0.585155 0.131125 0.109321
