8 0.282167 0.051667 0.544333 0.083333
8 0.270000 0.150000 0.520000 0.083333
8 0.119667 0.248333 0.219333 0.083333
0 0.040000 0.051667 0.010000 0.010000
3 0.076667 0.051667 0.033333 0.026667
3 0.125000 0.051667 0.033333 0.026667
3 0.173333 0.051667 0.033333 0.026667
3 0.236667 0.051667 0.033333 0.026667
3 0.285000 0.051667 0.033333 0.026667
3 0.333333 0.051667 0.033333 0.026667
3 0.401667 0.051667 0.033333 0.026667
3 0.450000 0.051667 0.033333 0.026667
3 0.498333 0.051667 0.033333 0.026667
2 0.534667 0.051667 0.009333 0.009333
1 0.365000 0.051667 0.010000 0.010000
1 0.205000 0.051667 0.010000 0.010000
0 0.040000 0.150000 0.010000 0.010000
3 0.076667 0.150000 0.033333 0.026667
3 0.125000 0.150000 0.033333 0.026667
3 0.173333 0.150000 0.033333 0.026667
3 0.221667 0.150000 0.033333 0.026667
3 0.270000 0.150000 0.033333 0.026667
3 0.353333 0.150000 0.033333 0.026667
1 0.306667 0.150000 0.010000 0.010000
3 0.450000 0.130000 0.033333 0.026667
1 0.413333 0.163333 0.010000 0.010000
2 0.510333 0.130000 0.009333 0.009333
1 0.413333 0.130000 0.010000 0.010000
4 0.435000 0.163333 0.013333 0.013333
4 0.484000 0.130000 0.013333 0.013333
0 0.040000 0.248333 0.010000 0.010000
3 0.076667 0.248333 0.033333 0.026667
3 0.125000 0.248333 0.033333 0.026667
3 0.173333 0.248333 0.033333 0.026667
2 0.209667 0.248333 0.009333 0.009333
3 0.413333 0.196667 0.033333 0.026667
