8 0.385149 0.153756 0.762376 0.293427
11 0.011221 0.185503 0.015842 0.359796
8 0.500000 0.500000 0.992079 0.293427
11 0.011221 0.545158 0.015842 0.511796
8 0.568317 0.846244 0.396040 0.293427
11 0.377558 0.878840 0.015842 0.369417
0 0.063366 0.153756 0.019802 0.035211
11 0.063366 0.191461 0.042008 0.054871
3 0.135974 0.153756 0.066007 0.093897
11 0.135974 0.161972 0.073324 0.119718
3 0.231683 0.153756 0.066007 0.093897
11 0.231683 0.156690 0.065686 0.059859
3 0.416502 0.153756 0.066007 0.093897
11 0.416502 0.156690 0.087072 0.059859
1 0.489109 0.153756 0.019802 0.035211
3 0.568317 0.153756 0.066007 0.093897
11 0.568317 0.154049 0.077907 0.029930
2 0.644224 0.153756 0.018482 0.032864
11 0.644224 0.190288 0.035707 0.054871
3 0.327393 0.153756 0.066007 0.093897
11 0.327393 0.154049 0.048119 0.029930
0 0.063366 0.500000 0.019802 0.035211
11 0.063366 0.528829 0.051110 0.027435
3 0.135974 0.500000 0.066007 0.093897
11 0.135974 0.505575 0.068741 0.089789
3 0.231683 0.500000 0.066007 0.093897
11 0.231683 0.500293 0.051938 0.029930
3 0.327393 0.500000 0.066007 0.093897
11 0.327393 0.505575 0.085545 0.089789
1 0.475908 0.500000 0.019802 0.035211
3 0.548515 0.500000 0.066007 0.093897
11 0.548515 0.500293 0.083253 0.029930
3 0.644224 0.500000 0.066007 0.093897
11 0.644224 0.502934 0.064922 0.059859
2 0.813861 0.376761 0.018482 0.032864
11 0.814521 0.342870 0.072115 0.054871
3 0.855446 0.500000 0.066007 0.093897
11 0.855446 0.500293 0.076379 0.029930
1 0.782838 0.500000 0.019802 0.035211
11 0.783498 0.468970 0.048310 0.027435
3 0.720132 0.376761 0.066007 0.093897
11 0.720132 0.377054 0.087836 0.029930
3 0.423102 0.500000 0.066007 0.093897
11 0.423102 0.502934 0.072560 0.059859
0 0.429703 0.846244 0.019802 0.035211
11 0.429703 0.883950 0.056011 0.054871
3 0.502310 0.846244 0.066007 0.093897
11 0.502310 0.846538 0.066450 0.029930
3 0.598020 0.846244 0.066007 0.093897
11 0.598020 0.849178 0.063395 0.059859
2 0.669967 0.846244 0.018482 0.032864
11 0.671287 0.898034 0.072115 0.054871
13 0.088119 0.153756 0.032343 0.011737
13 0.183828 0.153756 0.032343 0.011737
13 0.088119 0.500000 0.032343 0.011737
13 0.183828 0.500000 0.032343 0.011737
13 0.279538 0.500000 0.032343 0.011737
13 0.454455 0.846244 0.032343 0.011737
13 0.550165 0.846244 0.032343 0.011737
13 0.464356 0.153756 0.032343 0.011737
13 0.596370 0.500000 0.032343 0.011737
13 0.618152 0.153756 0.036304 0.011737
13 0.692079 0.500368 0.032343 0.011737
13 0.645875 0.846244 0.032343 0.011737
13 0.807591 0.500000 0.032343 0.011737
13 0.279538 0.153756 0.032343 0.011737
13 0.371947 0.153756 0.025743 0.011737
13 0.286418 0.326878 0.078402 0.257042
13 0.275756 0.326878 0.082917 0.257042
13 0.787954 0.562793 0.137624 0.083333
13 0.778878 0.376761 0.054125 0.011737
13 0.541125 0.658451 0.125627 0.286385
11 0.521100 0.594685 0.061396 0.200922
13 0.500660 0.500000 0.032343 0.011737
13 0.375248 0.500000 0.032343 0.011737
13 0.461056 0.500000 0.012541 0.011737
13 0.517162 0.153756 0.038944 0.011737
13 0.669637 0.312207 0.374257 0.286385
13 0.518812 0.312207 0.062046 0.286385
11 0.518812 0.320716 0.095474 0.029930
13 0.753135 0.500279 0.042244 0.011737
11 0.749175 0.539319 0.061867 0.059859
13 0.719472 0.450117 0.006601 0.057512
11 0.706271 0.451637 0.023762 0.117367
13 0.429703 0.687793 0.006601 0.286385
11 0.420462 0.714617 0.015842 0.303999
13 0.378735 0.326878 0.077478 0.257042
11 0.367058 0.337614 0.066622 0.245765
