8 0.500000 0.151796 0.993111 0.289687
11 0.009759 0.183138 0.013777 0.355210
8 0.441160 0.493627 0.875431 0.289687
11 0.009759 0.538210 0.013777 0.505272
8 0.374569 0.835458 0.742250 0.289687
11 0.009759 0.867638 0.013777 0.364708
0 0.055109 0.151796 0.017222 0.034762
11 0.055109 0.189021 0.036534 0.054171
3 0.118255 0.151796 0.057405 0.092700
11 0.118255 0.154693 0.051812 0.059096
3 0.201493 0.151796 0.057405 0.092700
11 0.201493 0.154693 0.048491 0.059096
3 0.284730 0.151796 0.057405 0.092700
11 0.284730 0.154693 0.048491 0.059096
3 0.454076 0.151796 0.057405 0.092700
11 0.454076 0.152086 0.069083 0.029548
1 0.383467 0.151796 0.017222 0.034762
11 0.383467 0.116020 0.042623 0.054171
1 0.526980 0.151796 0.017222 0.034762
11 0.526980 0.116020 0.034708 0.054171
3 0.699196 0.174971 0.057405 0.092700
11 0.699196 0.175261 0.067755 0.029548
3 0.782434 0.174971 0.057405 0.092700
11 0.782434 0.175261 0.071076 0.029548
3 0.865672 0.174971 0.057405 0.092700
11 0.865672 0.177868 0.046498 0.059096
2 0.928243 0.174971 0.016073 0.032445
11 0.928243 0.211037 0.035925 0.054171
1 0.611366 0.174971 0.017222 0.034762
11 0.611366 0.139195 0.041406 0.054171
0 0.055109 0.493627 0.017222 0.034762
11 0.055109 0.530852 0.087682 0.054171
3 0.120551 0.493627 0.057405 0.092700
11 0.120551 0.499131 0.067755 0.088644
1 0.442595 0.424102 0.017222 0.034762
11 0.442595 0.461327 0.063326 0.054171
1 0.211825 0.493627 0.017222 0.034762
11 0.211825 0.530852 0.042623 0.054171
3 0.526980 0.424102 0.057405 0.092700
11 0.526980 0.429606 0.074397 0.088644
3 0.526980 0.568946 0.057405 0.092700
11 0.526980 0.574450 0.074397 0.088644
3 0.699196 0.568946 0.057405 0.092700
11 0.699196 0.569235 0.072404 0.029548
1 0.762342 0.493627 0.017222 0.034762
11 0.762342 0.522089 0.042015 0.027086
2 0.845006 0.407879 0.016073 0.032445
11 0.845006 0.443946 0.044450 0.054171
1 0.611366 0.568946 0.017222 0.034762
1 0.762342 0.407879 0.017222 0.034762
11 0.762342 0.445104 0.046886 0.054171
0 0.055109 0.835458 0.017222 0.034762
11 0.055109 0.872683 0.087682 0.054171
3 0.162457 0.835458 0.057405 0.092700
11 0.162457 0.838355 0.049155 0.059096
1 0.225603 0.835458 0.017222 0.034762
11 0.225603 0.872683 0.030445 0.054171
2 0.353617 0.835458 0.016073 0.032445
11 0.353617 0.871524 0.052975 0.054171
3 0.284730 0.835458 0.057405 0.092700
11 0.284730 0.840962 0.056462 0.088644
2 0.284730 0.943221 0.016073 0.032445
11 0.284730 0.979287 0.043232 0.054171
13 0.076636 0.151796 0.028129 0.011587
13 0.159874 0.151796 0.028129 0.011587
13 0.243111 0.151796 0.028129 0.011587
13 0.169920 0.337196 0.231917 0.282735
13 0.077784 0.493627 0.030425 0.011587
13 0.442595 0.302433 0.005741 0.213210
13 0.176234 0.493627 0.056257 0.011587
13 0.474742 0.424102 0.049369 0.011587
13 0.526980 0.496524 0.005741 0.056779
13 0.289827 0.716686 0.476602 0.207416
13 0.098737 0.835458 0.072331 0.011587
13 0.204076 0.835458 0.028129 0.011587
13 0.245121 0.835458 0.024110 0.011587
13 0.329506 0.835458 0.034443 0.011587
13 0.327210 0.458864 0.215844 0.074160
13 0.297646 0.322711 0.173938 0.311703
13 0.344145 0.151796 0.063720 0.011587
13 0.408726 0.151796 0.035591 0.011587
13 0.526980 0.273465 0.005741 0.213210
13 0.500574 0.151796 0.037887 0.011587
13 0.740815 0.174971 0.028129 0.011587
13 0.824053 0.174971 0.028129 0.011587
13 0.907290 0.174971 0.028129 0.011587
13 0.579219 0.568946 0.049369 0.011587
13 0.645235 0.568946 0.052813 0.011587
13 0.641222 0.358658 0.060840 0.337247
13 0.645235 0.174971 0.052813 0.011587
13 0.569173 0.163384 0.069460 0.027810
13 0.699363 0.484357 0.005741 0.081112
13 0.772388 0.305910 0.022388 0.173812
13 0.732204 0.415701 0.045350 0.020278
13 0.732204 0.458575 0.045350 0.074739
13 0.803961 0.407879 0.068312 0.011587
13 0.763203 0.531413 0.072905 0.079700
13 0.486510 0.706594 0.252009 0.245170
13 0.284730 0.904403 0.005741 0.049826
