8 0.499954 0.166667 0.992029 0.319249
11 0.011162 0.198413 0.015758 0.359796
8 0.499954 0.512911 0.992029 0.319249
11 0.011162 0.558069 0.015758 0.511796
8 0.219961 0.846244 0.432042 0.293427
11 0.011162 0.878840 0.015758 0.369417
0 0.063033 0.153756 0.019698 0.035211
11 0.063033 0.191461 0.041788 0.054871
3 0.135259 0.153756 0.065660 0.093897
11 0.135259 0.156690 0.056983 0.059859
3 0.292843 0.153756 0.065660 0.093897
11 0.292843 0.154049 0.088894 0.029930
1 0.210768 0.153756 0.019698 0.035211
11 0.210768 0.182585 0.100987 0.027435
3 0.386080 0.153756 0.065660 0.093897
11 0.386080 0.154049 0.088894 0.029930
3 0.627708 0.153756 0.065660 0.093897
11 0.627708 0.156690 0.076738 0.059859
3 0.801707 0.153756 0.065660 0.093897
11 0.801707 0.154049 0.066861 0.029930
2 0.873276 0.153756 0.018385 0.032864
11 0.873276 0.181411 0.080790 0.027435
1 0.555483 0.153756 0.019698 0.035211
11 0.555483 0.121552 0.057110 0.027435
1 0.714380 0.153756 0.019698 0.035211
11 0.714380 0.121552 0.072432 0.027435
3 0.481538 0.153756 0.065660 0.093897
11 0.481538 0.156690 0.055464 0.059859
0 0.063033 0.500000 0.019698 0.035211
11 0.063033 0.537705 0.050842 0.054871
3 0.135259 0.500000 0.065660 0.093897
11 0.135259 0.502934 0.055464 0.059859
3 0.230466 0.500000 0.065660 0.093897
11 0.230466 0.500293 0.077497 0.029930
3 0.325673 0.500000 0.065660 0.093897
11 0.325673 0.500293 0.087375 0.029930
3 0.420880 0.500000 0.065660 0.093897
11 0.420880 0.500293 0.087375 0.029930
3 0.516087 0.500000 0.065660 0.093897
11 0.516087 0.500293 0.090414 0.029930
1 0.588313 0.500000 0.019698 0.035211
11 0.588313 0.467796 0.087058 0.027435
3 0.672219 0.499120 0.065660 0.093897
11 0.672219 0.499413 0.082816 0.029930
1 0.800256 0.569542 0.019698 0.035211
11 0.800256 0.537339 0.048056 0.027435
2 0.965062 0.426056 0.018385 0.032864
11 0.957183 0.393853 0.090540 0.027435
3 0.872946 0.426056 0.065660 0.093897
11 0.872946 0.426350 0.087375 0.029930
1 0.800256 0.426496 0.019698 0.035211
11 0.800256 0.455326 0.079397 0.027435
3 0.873276 0.569542 0.065660 0.093897
11 0.873276 0.572477 0.047106 0.059859
0 0.063033 0.846244 0.019698 0.035211
11 0.063033 0.883950 0.039698 0.054871
3 0.135259 0.846244 0.065660 0.093897
11 0.135259 0.849178 0.056224 0.059859
3 0.230466 0.846244 0.065660 0.093897
11 0.230466 0.849178 0.064581 0.059859
3 0.325673 0.846244 0.065660 0.093897
11 0.325673 0.849178 0.066101 0.059859
2 0.397242 0.846244 0.018385 0.032864
11 0.397242 0.873900 0.076611 0.027435
13 0.087656 0.153756 0.032173 0.011737
13 0.184504 0.153756 0.035456 0.011737
13 0.240315 0.153756 0.042022 0.011737
13 0.339462 0.153756 0.030204 0.011737
13 0.580105 0.153756 0.032173 0.011737
13 0.682534 0.153756 0.046619 0.011737
13 0.849311 0.153756 0.032173 0.011737
13 0.087656 0.500000 0.032173 0.011737
13 0.182863 0.500000 0.032173 0.011737
13 0.278070 0.500000 0.032173 0.011737
13 0.373276 0.500000 0.032173 0.011737
13 0.468483 0.500000 0.032173 0.011737
13 0.563690 0.500000 0.032173 0.011737
13 0.719823 0.499488 0.032173 0.011737
13 0.769232 0.546068 0.044977 0.051643
13 0.182863 0.846244 0.032173 0.011737
13 0.278070 0.846244 0.032173 0.011737
13 0.769232 0.450704 0.044977 0.054577
13 0.825111 0.426643 0.032638 0.011737
13 0.930823 0.426056 0.052720 0.011737
13 0.373276 0.846244 0.032173 0.011737
13 0.177938 0.341549 0.232436 0.286385
13 0.289560 0.687793 0.455680 0.286385
13 0.456993 0.658451 0.265266 0.286385
13 0.613851 0.311766 0.119363 0.285505
13 0.713982 0.304798 0.175174 0.212881
13 0.746553 0.153756 0.047275 0.011737
13 0.793663 0.275235 0.161193 0.212441
13 0.297330 0.326878 0.158240 0.257042
13 0.319216 0.326878 0.158240 0.257042
13 0.087656 0.846244 0.032173 0.011737
13 0.825276 0.569542 0.032968 0.011737
13 0.618775 0.499680 0.043854 0.011737
13 0.805578 0.584214 0.138024 0.127934
13 0.433809 0.153756 0.032425 0.011737
13 0.530001 0.153756 0.033892 0.011737
13 0.451209 0.326878 0.063285 0.257042
13 0.913657 0.447917 0.017728 0.247946
