8 0.229500 0.045000 0.439000 0.070000
8 0.229500 0.184000 0.439000 0.038000
8 0.229500 0.123333 0.439000 0.070000
0 0.035000 0.020000 0.010000 0.010000
3 0.097167 0.020333 0.025000 0.013333
5 0.066667 0.020000 0.013333 0.013333
5 0.128333 0.020333 0.013333 0.013333
1 0.066667 0.040000 0.010000 0.010000
3 0.155000 0.020667 0.020000 0.013333
3 0.183333 0.020667 0.020000 0.013333
1 0.210000 0.020667 0.010000 0.010000
1 0.241667 0.020667 0.010000 0.010000
1 0.274667 0.020667 0.010000 0.010000
3 0.307500 0.021000 0.025000 0.013333
3 0.342500 0.021000 0.025000 0.013333
3 0.382500 0.021000 0.025000 0.013333
2 0.414667 0.021000 0.009333 0.009333
0 0.035000 0.181667 0.010000 0.010000
3 0.066667 0.181667 0.020000 0.013333
3 0.101167 0.181667 0.022333 0.017333
1 0.130000 0.181667 0.010000 0.010000
0 0.035000 0.115000 0.010000 0.010000
3 0.069833 0.115000 0.025000 0.017333
3 0.109833 0.115000 0.025000 0.017333
3 0.145500 0.115000 0.025000 0.017333
3 0.180500 0.115000 0.025000 0.017333
1 0.180667 0.138333 0.010000 0.010000
1 0.244000 0.115000 0.010000 0.010000
1 0.214000 0.115000 0.010000 0.010000
3 0.424000 0.115000 0.020000 0.017333
3 0.272333 0.115000 0.020000 0.017333
1 0.332333 0.115000 0.010000 0.010000
3 0.363500 0.115000 0.022333 0.017333
4 0.391667 0.115000 0.013333 0.013333
2 0.424000 0.149667 0.009333 0.009333
1 0.332333 0.140000 0.010000 0.010000
