8 0.500062 0.203621 0.994156 0.394769
8 0.500062 0.567326 0.994156 0.259875
8 0.500062 0.863584 0.994156 0.259875
0 0.040278 0.136175 0.014918 0.031185
3 0.094978 0.136175 0.049727 0.083160
1 0.152163 0.136175 0.014918 0.031185
3 0.206862 0.136175 0.049727 0.083160
3 0.275982 0.139293 0.049727 0.083160
3 0.370960 0.139293 0.049727 0.083160
3 0.614122 0.139293 0.049727 0.083160
3 0.686226 0.139293 0.049727 0.083160
2 0.740428 0.139293 0.013923 0.029106
1 0.552461 0.139293 0.014918 0.031185
0 0.206862 0.567326 0.014918 0.031185
3 0.276479 0.567326 0.049727 0.083160
3 0.370960 0.567326 0.049727 0.083160
3 0.453008 0.567326 0.049727 0.083160
1 0.683823 0.567326 0.014918 0.031185
0 0.453008 0.825122 0.014918 0.031185
3 0.517653 0.825122 0.049727 0.083160
3 0.601193 0.825122 0.049727 0.083160
3 0.683823 0.825122 0.049727 0.083160
12 0.410741 0.266112 0.049727 0.051975
13 0.058926 0.136175 0.024366 0.010395
13 0.132273 0.136175 0.026852 0.010395
13 0.170811 0.136175 0.024366 0.010395
13 0.206862 0.364744 0.004973 0.378137
13 0.232969 0.567326 0.039284 0.010395
13 0.268026 0.353310 0.004973 0.349031
13 0.284436 0.353310 0.004973 0.349031
13 0.323720 0.567326 0.046743 0.010395
13 0.241422 0.138583 0.021382 0.010395
13 0.323471 0.139293 0.047240 0.010395
13 0.470413 0.139293 0.151169 0.010395
13 0.574590 0.139293 0.031328 0.010395
13 0.650174 0.139293 0.024366 0.010395
13 0.722277 0.139293 0.024366 0.010395
13 0.411984 0.567326 0.034311 0.010395
13 0.453008 0.709218 0.004973 0.204782
13 0.378419 0.296358 0.016907 0.062819
13 0.370960 0.353310 0.004973 0.349031
13 0.476629 0.825122 0.034311 0.010395
13 0.577118 0.567326 0.200481 0.010395
13 0.559423 0.825122 0.035803 0.010395
13 0.642508 0.825122 0.034892 0.010395
13 0.500249 0.265073 0.101442 0.010395
11 0.010244 0.203742 0.006962 0.027035
11 0.040133 0.159979 0.018605 0.012474
11 0.095726 0.135759 0.024716 0.029522
11 0.152190 0.180561 0.031879 0.053638
11 0.206862 0.135759 0.028028 0.029522
11 0.275982 0.131393 0.042626 0.014553
11 0.371789 0.138877 0.026709 0.044491
11 0.614122 0.138877 0.039642 0.014553
11 0.686226 0.138877 0.027194 0.029522
11 0.740243 0.162058 0.035434 0.012474
11 0.553192 0.169958 0.035275 0.026195
11 0.010244 0.567568 0.006962 0.067955
11 0.206707 0.598233 0.025547 0.026195
11 0.277228 0.567152 0.028865 0.029522
11 0.371711 0.567152 0.036168 0.059459
11 0.453261 0.559667 0.030516 0.044491
11 0.010244 0.863825 0.006962 0.028771
11 0.517653 0.824948 0.028526 0.029522
11 0.601773 0.817464 0.036821 0.044491
11 0.683991 0.824948 0.030513 0.029522
11 0.410014 0.276923 0.042306 0.059459
11 0.467023 0.726682 0.028028 0.014553
