8 0.290833 0.090167 0.581667 0.090333
8 0.445167 0.186667 0.890333 0.083333
8 0.445167 0.281667 0.890333 0.083333
0 0.025000 0.086667 0.010000 0.010000
3 0.056667 0.086667 0.033333 0.026667
3 0.096667 0.086667 0.033333 0.026667
1 0.135000 0.086667 0.010000 0.010000
3 0.176667 0.086667 0.033333 0.026667
3 0.244000 0.086667 0.033333 0.026667
1 0.280000 0.086667 0.010000 0.010000
1 0.315000 0.086667 0.010000 0.010000
3 0.356667 0.086667 0.033333 0.026667
1 0.405000 0.086667 0.010000 0.010000
2 0.439667 0.086667 0.009333 0.009333
0 0.173333 0.186667 0.010000 0.010000
3 0.209333 0.186667 0.033333 0.026667
3 0.251667 0.186667 0.033333 0.026667
3 0.296000 0.186667 0.033333 0.026667
1 0.330000 0.186667 0.010000 0.010000
3 0.381667 0.184333 0.033333 0.026667
1 0.485000 0.184333 0.010000 0.010000
1 0.555000 0.184333 0.010000 0.010000
1 0.640000 0.184333 0.010000 0.010000
1 0.640000 0.210000 0.010000 0.010000
2 0.789667 0.184333 0.009333 0.009333
1 0.731000 0.184333 0.010000 0.010000
1 0.683810 0.214437 0.010000 0.010000
0 0.385000 0.285667 0.010000 0.010000
3 0.485000 0.285667 0.033333 0.026667
3 0.440000 0.285667 0.033333 0.026667
2 0.534667 0.285667 0.009333 0.009333
