8 0.281445 0.072333 0.452891 0.071333
8 0.316969 0.179672 0.523938 0.106010
8 0.182167 0.312436 0.254333 0.083333
0 0.075000 0.072333 0.010000 0.010000
3 0.101667 0.072333 0.033333 0.026667
3 0.151667 0.072333 0.033333 0.026667
1 0.182333 0.072333 0.010000 0.010000
3 0.216667 0.072333 0.033333 0.026667
3 0.265000 0.072333 0.033333 0.026667
3 0.313333 0.072333 0.033333 0.026667
1 0.349977 0.072333 0.010000 0.010000
3 0.386644 0.072333 0.033333 0.026667
3 0.463436 0.072333 0.033333 0.026667
2 0.499769 0.072333 0.009333 0.009333
11 0.091667 0.050000 0.033333 0.016667
11 0.201667 0.050000 0.033333 0.016667
11 0.361000 0.050000 0.033333 0.016667
0 0.080000 0.169667 0.010000 0.010000
3 0.116667 0.169667 0.033333 0.026667
3 0.165000 0.169667 0.033333 0.026667
3 0.213333 0.169667 0.033333 0.026667
3 0.299348 0.169667 0.037924 0.026667
3 0.349977 0.169667 0.033333 0.026667
1 0.378848 0.169667 0.010000 0.010000
3 0.415515 0.169667 0.033333 0.026667
1 0.487879 0.169667 0.010000 0.010000
3 0.524546 0.169667 0.033333 0.026667
3 0.486525 0.206679 0.033333 0.026667
2 0.560879 0.169667 0.009333 0.009333
1 0.446667 0.202254 0.010000 0.010000
11 0.091667 0.146333 0.033333 0.016667
11 0.480000 0.144667 0.033333 0.016667
11 0.415515 0.208485 0.033333 0.016667
0 0.080000 0.312436 0.010000 0.010000
3 0.116667 0.312436 0.033333 0.026667
3 0.165000 0.312436 0.033333 0.026667
3 0.213333 0.312436 0.033333 0.026667
2 0.249667 0.312436 0.009333 0.009333
11 0.480000 0.143764 0.033333 0.016667
