8 0.359598 0.130219 0.712850 0.248509
8 0.585140 0.500000 0.823374 0.451292
8 0.747224 0.869781 0.342676 0.248509
0 0.042834 0.130219 0.015865 0.029821
2 0.692755 0.130219 0.014807 0.027833
3 0.101005 0.130219 0.052882 0.079523
1 0.161819 0.130219 0.015865 0.029821
3 0.219989 0.130219 0.052882 0.079523
3 0.296668 0.130219 0.052882 0.079523
3 0.373347 0.130219 0.052882 0.079523
1 0.482285 0.130219 0.015865 0.029821
3 0.540455 0.130219 0.052882 0.079523
3 0.626124 0.130219 0.052882 0.079523
1 0.540455 0.204771 0.015865 0.029821
0 0.219989 0.534791 0.015865 0.029821
3 0.278160 0.534791 0.052882 0.079523
3 0.354839 0.534791 0.052882 0.079523
3 0.431518 0.534791 0.052882 0.079523
3 0.525648 0.534791 0.052882 0.079523
3 0.619778 0.534791 0.052882 0.079523
1 0.677948 0.534791 0.015865 0.029821
3 0.736118 0.534791 0.052882 0.079523
1 0.833950 0.534791 0.015865 0.029821
3 0.892121 0.534791 0.052882 0.079523
2 0.965627 0.534791 0.014807 0.027833
1 0.791645 0.338966 0.015865 0.029821
3 0.736118 0.338966 0.052882 0.079523
0 0.619778 0.869781 0.015865 0.029821
3 0.677948 0.869781 0.052882 0.079523
3 0.754627 0.869781 0.052882 0.079523
3 0.831306 0.869781 0.052882 0.079523
2 0.888948 0.869781 0.014807 0.027833
13 0.062665 0.130219 0.025912 0.009940
13 0.140666 0.130219 0.028556 0.009940
13 0.181650 0.130219 0.025912 0.009940
13 0.258329 0.130219 0.025912 0.009940
13 0.335008 0.130219 0.025912 0.009940
13 0.410365 0.130534 0.023268 0.009940
13 0.502115 0.130219 0.025912 0.009940
13 0.583289 0.130219 0.034902 0.009940
13 0.668958 0.130219 0.034902 0.009940
13 0.219989 0.344930 0.005288 0.353877
13 0.239820 0.534791 0.025912 0.009940
13 0.316499 0.534791 0.025912 0.009940
13 0.393178 0.534791 0.025912 0.009940
13 0.478583 0.534791 0.043363 0.009940
13 0.572713 0.534791 0.043363 0.009940
13 0.658117 0.534791 0.025912 0.009940
13 0.697779 0.534791 0.025912 0.009940
13 0.771814 0.534791 0.020624 0.009940
13 0.853781 0.534791 0.025912 0.009940
13 0.938392 0.534791 0.041777 0.009940
13 0.619778 0.714712 0.005288 0.284294
13 0.639609 0.869781 0.025912 0.009940
13 0.716288 0.869781 0.025912 0.009940
13 0.792967 0.869781 0.025912 0.009940
13 0.754627 0.689861 0.155473 0.284294
13 0.869646 0.869781 0.025912 0.009940
13 0.609201 0.320080 0.255949 0.353877
13 0.814120 0.534791 0.025912 0.009940
13 0.791773 0.434394 0.005288 0.165010
13 0.773136 0.338966 0.023268 0.009940
13 0.458223 0.130455 0.034373 0.009940
13 0.482152 0.177435 0.102856 0.058648
13 0.625066 0.279324 0.171338 0.123260
13 0.540455 0.179920 0.005288 0.023857
13 0.325754 0.332505 0.060286 0.329026
13 0.311211 0.332505 0.062930 0.329026
13 0.449498 0.332505 0.154416 0.329026
13 0.760444 0.446819 0.050767 0.140159
13 0.716288 0.281809 0.353781 0.430417
13 0.718667 0.272863 0.375463 0.448310
11 0.010894 0.130219 0.007403 0.141231
11 0.043648 0.159543 0.036530 0.025050
11 0.692495 0.151988 0.031209 0.011928
11 0.101005 0.129821 0.030514 0.028231
11 0.162084 0.096918 0.033316 0.025050
11 0.220785 0.129821 0.031399 0.028231
11 0.296668 0.129821 0.026634 0.013917
11 0.373347 0.129821 0.028583 0.042545
11 0.482192 0.101292 0.031544 0.011928
11 0.540455 0.129821 0.042158 0.013917
11 0.626124 0.129821 0.028920 0.028231
11 0.565586 0.204274 0.029110 0.025050
11 0.181174 0.500000 0.007403 0.199925
11 0.220164 0.564115 0.037367 0.025050
11 0.279043 0.534394 0.043033 0.042545
11 0.354839 0.534394 0.042499 0.013917
11 0.431518 0.534394 0.026984 0.028231
11 0.525648 0.534394 0.030520 0.028231
11 0.619778 0.534394 0.031914 0.028231
11 0.677835 0.501491 0.024100 0.025050
11 0.736118 0.534394 0.025574 0.028231
11 0.833914 0.557555 0.038003 0.011928
11 0.892121 0.534394 0.030520 0.042545
11 0.965788 0.563121 0.027821 0.025050
11 0.791727 0.310040 0.025549 0.011928
11 0.736213 0.338569 0.025056 0.028231
11 0.583607 0.869781 0.007403 0.145207
11 0.620018 0.905666 0.041727 0.038171
11 0.677948 0.869384 0.030336 0.028231
11 0.755424 0.869384 0.035976 0.042545
11 0.832104 0.869384 0.037224 0.028231
11 0.889530 0.898111 0.040298 0.025050
