8 0.499570 0.144432 0.989397 0.275634
8 0.499570 0.497795 0.989397 0.358324
8 0.501003 0.855568 0.989397 0.275634
0 0.057888 0.144432 0.021493 0.033076
3 0.136696 0.144432 0.071643 0.088203
3 0.297894 0.144432 0.071643 0.088203
1 0.219086 0.144432 0.021493 0.033076
3 0.394612 0.144432 0.071643 0.088203
3 0.510675 0.144432 0.071643 0.088203
1 0.584468 0.144432 0.021493 0.033076
3 0.770741 0.144432 0.071643 0.088203
2 0.959880 0.144432 0.020060 0.030871
3 0.663276 0.144432 0.071643 0.088203
3 0.190428 0.511577 0.071643 0.088203
3 0.297894 0.511577 0.071643 0.088203
3 0.416105 0.511577 0.071643 0.088203
0 0.100874 0.511577 0.021493 0.033076
1 0.584468 0.511577 0.021493 0.033076
3 0.663276 0.511577 0.071643 0.088203
3 0.888953 0.401323 0.071643 0.088203
1 0.799398 0.511577 0.021493 0.033076
1 0.799398 0.401323 0.021493 0.033076
3 0.888953 0.511577 0.071643 0.088203
2 0.959880 0.401323 0.020060 0.030871
3 0.510675 0.511577 0.071643 0.088203
3 0.396247 0.855568 0.071643 0.088203
3 0.501361 0.855568 0.071643 0.088203
0 0.299327 0.855568 0.021493 0.033076
2 0.585901 0.855568 0.020060 0.030871
13 0.084754 0.144432 0.035105 0.011025
13 0.190428 0.144432 0.038687 0.011025
13 0.245952 0.144432 0.035105 0.011025
13 0.346253 0.144432 0.027941 0.011025
13 0.452644 0.144432 0.047285 0.011025
13 0.560109 0.144432 0.030090 0.011025
13 0.611334 0.144432 0.035105 0.011025
13 0.133114 0.511577 0.045852 0.011025
13 0.244161 0.511577 0.038687 0.011025
13 0.463390 0.511577 0.025792 0.011025
13 0.611334 0.511577 0.035105 0.011025
13 0.711635 0.511929 0.027941 0.011025
13 0.831638 0.401323 0.045852 0.011025
13 0.831638 0.511216 0.045852 0.011025
13 0.937312 0.401888 0.027941 0.011025
13 0.335249 0.855568 0.053218 0.011025
13 0.448804 0.855568 0.036337 0.011025
13 0.556527 0.855568 0.041553 0.011025
13 0.623872 0.314223 0.081674 0.310915
13 0.820891 0.272878 0.103167 0.173098
13 0.560109 0.511577 0.030090 0.011025
13 0.717008 0.144432 0.038687 0.011025
13 0.731337 0.286659 0.138988 0.200662
13 0.770741 0.511838 0.038687 0.011025
13 0.199384 0.341786 0.199885 0.310915
13 0.361179 0.328004 0.093614 0.283352
13 0.357000 0.511290 0.049434 0.011025
13 0.331327 0.328004 0.105555 0.283352
13 0.463824 0.328004 0.096568 0.283352
13 0.585542 0.684123 0.007164 0.316428
13 0.763756 0.445424 0.052658 0.092613
13 0.851340 0.574421 0.227826 0.130099
13 0.405001 0.697354 0.214214 0.287762
13 0.769845 0.385807 0.169437 0.211526
13 0.878206 0.144432 0.146153 0.011025
11 0.005015 0.144432 0.010030 0.028675
11 0.058214 0.176957 0.030742 0.027784
11 0.136696 0.143991 0.041339 0.031312
11 0.297894 0.143991 0.040382 0.031312
11 0.218868 0.176957 0.045415 0.027784
11 0.394612 0.143991 0.036083 0.015436
11 0.510675 0.136053 0.057371 0.047189
11 0.586735 0.099779 0.050386 0.027784
11 0.770741 0.136053 0.057371 0.047189
11 0.663276 0.136053 0.034890 0.047189
11 0.015332 0.497795 0.010030 0.072076
11 0.190428 0.511136 0.055906 0.063065
11 0.297894 0.511136 0.037028 0.031312
11 0.417183 0.511136 0.055445 0.047189
11 0.585150 0.475744 0.030021 0.027784
11 0.663276 0.511136 0.041105 0.047189
11 0.888953 0.400882 0.038002 0.031312
11 0.799684 0.544101 0.039258 0.027784
11 0.799443 0.441125 0.041643 0.042337
11 0.888953 0.511136 0.033691 0.031312
11 0.510675 0.511136 0.040382 0.031312
11 0.016765 0.855568 0.010030 0.030516
11 0.396045 0.855127 0.041098 0.031312
11 0.501361 0.855127 0.046582 0.047189
11 0.585866 0.886990 0.030021 0.027784
11 0.625106 0.350812 0.055188 0.015436
11 0.834203 0.290279 0.024128 0.015436
11 0.764127 0.300470 0.056870 0.015436
11 0.218969 0.359796 0.040382 0.015436
11 0.377602 0.351817 0.018394 0.015436
11 0.347157 0.343690 0.039429 0.015436
11 0.516454 0.375827 0.025571 0.015436
11 0.613136 0.702646 0.055188 0.015436
11 0.413090 0.711059 0.028669 0.015436
11 0.735859 0.476206 0.026757 0.015436
