8 0.394864 0.153756 0.782477 0.293427
11 0.010272 0.185503 0.014502 0.359796
8 0.500000 0.500000 0.992749 0.293427
11 0.010272 0.545158 0.014502 0.511796
8 0.184894 0.846244 0.362538 0.293427
11 0.010272 0.878840 0.014502 0.369417
0 0.058006 0.153756 0.018127 0.035211
11 0.058006 0.191461 0.038455 0.054871
3 0.124471 0.153756 0.060423 0.093897
11 0.124471 0.156690 0.060129 0.059859
3 0.213293 0.153756 0.060423 0.093897
11 0.213293 0.156690 0.051040 0.059859
3 0.388520 0.153756 0.060423 0.093897
11 0.388520 0.154049 0.076211 0.029930
1 0.454985 0.153756 0.018127 0.035211
11 0.455589 0.122726 0.066655 0.027435
3 0.596979 0.153756 0.060423 0.093897
11 0.596979 0.154049 0.071316 0.029930
3 0.684592 0.153756 0.060423 0.093897
11 0.684592 0.154049 0.081804 0.029930
2 0.750453 0.153756 0.016918 0.032864
11 0.750453 0.181411 0.049991 0.027435
1 0.279758 0.153756 0.018127 0.035211
11 0.280363 0.122726 0.069860 0.027435
1 0.532326 0.153756 0.018127 0.035211
11 0.532931 0.118691 0.056401 0.054871
0 0.058006 0.500000 0.018127 0.035211
11 0.058006 0.528829 0.064732 0.027435
3 0.124471 0.500000 0.060423 0.093897
11 0.124471 0.502934 0.054536 0.059859
3 0.212085 0.500000 0.060423 0.093897
11 0.212085 0.502934 0.071316 0.059859
3 0.299698 0.500000 0.060423 0.093897
11 0.299698 0.502934 0.058032 0.059859
1 0.366163 0.500000 0.018127 0.035211
11 0.366163 0.528829 0.069219 0.027435
1 0.420544 0.500000 0.018127 0.035211
11 0.421148 0.468970 0.076269 0.027435
1 0.465861 0.500000 0.018127 0.035211
11 0.465861 0.449017 0.087164 0.027435
3 0.532326 0.500000 0.060423 0.093897
11 0.532326 0.500293 0.076211 0.029930
1 0.652568 0.429577 0.018127 0.035211
11 0.652568 0.390332 0.090369 0.027435
3 0.719033 0.429577 0.060423 0.093897
11 0.719033 0.429871 0.069918 0.029930
1 0.652568 0.588028 0.018127 0.035211
11 0.652568 0.616857 0.065373 0.027435
4 0.774018 0.500000 0.024169 0.046948
3 0.843505 0.500000 0.060423 0.093897
11 0.843505 0.502934 0.053138 0.059859
2 0.909366 0.500000 0.016918 0.032864
0 0.058006 0.846244 0.018127 0.035211
11 0.058006 0.875073 0.085883 0.027435
3 0.124471 0.846244 0.060423 0.093897
11 0.124471 0.846538 0.060129 0.029930
1 0.284592 0.846244 0.018127 0.035211
11 0.284592 0.875073 0.091010 0.027435
3 0.212085 0.846244 0.060423 0.093897
11 0.212085 0.849178 0.060129 0.059859
2 0.329305 0.846244 0.016918 0.032864
13 0.080665 0.153756 0.029607 0.011737
13 0.168882 0.153756 0.030816 0.011737
13 0.432326 0.153756 0.029607 0.011737
13 0.493656 0.153756 0.061631 0.011737
13 0.554079 0.153756 0.027795 0.011737
13 0.640785 0.153756 0.029607 0.011737
13 0.728399 0.153756 0.029607 0.011737
13 0.080665 0.500000 0.029607 0.011737
13 0.168278 0.500000 0.029607 0.011737
13 0.255891 0.500000 0.029607 0.011737
13 0.257100 0.153756 0.029607 0.011737
13 0.323565 0.153756 0.071903 0.011737
13 0.343505 0.500000 0.029607 0.011737
13 0.393353 0.500000 0.038671 0.011737
13 0.080665 0.846244 0.029607 0.011737
13 0.168278 0.846244 0.029607 0.011737
13 0.258912 0.846244 0.035650 0.011737
13 0.307251 0.846244 0.029607 0.011737
13 0.443202 0.500000 0.029607 0.011737
13 0.488520 0.500000 0.029607 0.011737
13 0.675227 0.429577 0.029607 0.011737
13 0.799698 0.500372 0.029607 0.011737
13 0.577341 0.500366 0.032024 0.011737
13 0.624018 0.453052 0.041390 0.051643
11 0.596073 0.456667 0.014502 0.071190
13 0.624018 0.555751 0.041390 0.069249
13 0.761782 0.453052 0.027492 0.051643
13 0.717976 0.555751 0.115106 0.069249
13 0.887311 0.500000 0.029607 0.011737
13 0.239275 0.673122 0.364955 0.315728
13 0.375227 0.673122 0.183686 0.315728
13 0.410574 0.326878 0.091239 0.315728
13 0.344109 0.326878 0.091239 0.257042
13 0.532326 0.312207 0.006042 0.286385
13 0.321973 0.315994 0.077179 0.278810
13 0.169184 0.326878 0.224773 0.315728
