8 0.500006 0.178600 0.994127 0.340918
8 0.500006 0.693351 0.994127 0.597015
0 0.032369 0.109905 0.014713 0.040706
3 0.086317 0.109905 0.049044 0.108548
3 0.152526 0.109905 0.049044 0.108548
3 0.299657 0.109905 0.049044 0.108548
3 0.370770 0.109905 0.049044 0.108548
1 0.601275 0.109905 0.014713 0.040706
3 0.832449 0.109905 0.049044 0.108548
3 0.901678 0.109905 0.049044 0.108548
2 0.954629 0.109905 0.013732 0.037992
9 0.507363 0.544098 0.979414 0.298507
9 0.507363 0.842605 0.979414 0.298507
3 0.226582 0.564450 0.049044 0.108548
0 0.179500 0.564450 0.014713 0.040706
3 0.299657 0.564450 0.049044 0.108548
3 0.370770 0.564450 0.049044 0.108548
3 0.436979 0.564450 0.049044 0.108548
3 0.679745 0.483039 0.049044 0.108548
3 0.901678 0.483039 0.049044 0.108548
1 0.762916 0.617491 0.014713 0.040706
2 0.969139 0.483039 0.013732 0.037992
1 0.832449 0.483039 0.014713 0.040706
2 0.876098 0.617491 0.013732 0.037992
7 0.822640 0.617491 0.049044 0.108548
3 0.437469 0.842605 0.049044 0.108548
3 0.508583 0.842605 0.049044 0.108548
3 0.585528 0.842605 0.049044 0.108548
13 0.050760 0.109280 0.024031 0.013569
13 0.119421 0.109905 0.019127 0.013569
13 0.194458 0.564450 0.017165 0.013569
13 0.226336 0.109223 0.099559 0.013569
13 0.262874 0.563759 0.026484 0.013569
13 0.162334 0.364315 0.021579 0.405699
13 0.307831 0.337178 0.004904 0.351425
13 0.335213 0.564450 0.024031 0.013569
13 0.335213 0.109905 0.024031 0.013569
13 0.291483 0.337178 0.004904 0.351425
13 0.370770 0.337178 0.004904 0.351425
13 0.403874 0.564102 0.019127 0.013569
13 0.473026 0.842605 0.024031 0.013569
13 0.437224 0.703528 0.004904 0.175034
13 0.547056 0.842605 0.029864 0.013569
13 0.632637 0.662822 0.047135 0.364993
13 0.708279 0.109905 0.201257 0.013569
13 0.711674 0.483039 0.016776 0.013569
13 0.742357 0.565992 0.028368 0.117059
13 0.867063 0.109905 0.022147 0.013569
13 0.936981 0.109905 0.023525 0.013569
13 0.944236 0.483039 0.038035 0.013569
13 0.901678 0.296472 0.004904 0.270014
13 0.781896 0.482628 0.088356 0.013569
13 0.832449 0.313433 0.004904 0.303935
13 0.858481 0.484200 0.039312 0.013569
13 0.784196 0.617491 0.029807 0.013569
13 0.640510 0.279512 0.080432 0.303935
13 0.494605 0.109905 0.200589 0.013569
13 0.816086 0.456138 0.004904 0.219586
13 0.858197 0.617491 0.024031 0.013569
