8 0.491134 0.137605 0.974668 0.262605
11 0.010766 0.142619 0.015199 0.056824
8 0.491134 0.493697 0.974668 0.281513
11 0.010766 0.506460 0.015199 0.144643
8 0.319189 0.862395 0.625712 0.262605
11 0.013300 0.867713 0.015199 0.060268
0 0.041799 0.137605 0.018999 0.031513
11 0.041799 0.163406 0.034260 0.024554
3 0.106162 0.137605 0.063331 0.084034
11 0.106162 0.142595 0.082810 0.080357
1 0.167828 0.137605 0.018999 0.031513
11 0.169094 0.098871 0.067176 0.049107
3 0.225459 0.137605 0.063331 0.084034
11 0.225459 0.140231 0.053497 0.053571
3 0.328689 0.137605 0.063331 0.084034
11 0.328689 0.140231 0.066688 0.053571
3 0.428119 0.137605 0.063331 0.084034
11 0.428119 0.140231 0.058627 0.053571
1 0.507283 0.137605 0.018999 0.031513
11 0.507916 0.109835 0.090016 0.024554
3 0.759975 0.137605 0.063331 0.084034
11 0.759975 0.140231 0.083543 0.053571
4 0.579481 0.137605 0.025332 0.042017
11 0.586447 0.102153 0.090138 0.026786
1 0.623813 0.211134 0.018999 0.031513
11 0.624446 0.183364 0.092032 0.024554
3 0.883471 0.137605 0.063331 0.084034
11 0.883471 0.140231 0.058627 0.053571
2 0.952502 0.137605 0.017733 0.029412
4 0.690944 0.137605 0.025332 0.042017
0 0.060798 0.484244 0.018999 0.031513
11 0.062698 0.449120 0.091360 0.024554
3 0.130462 0.484244 0.063331 0.084034
11 0.130462 0.489233 0.074749 0.080357
3 0.294490 0.484244 0.063331 0.084034
11 0.294490 0.484506 0.074749 0.026786
3 0.415453 0.484244 0.063331 0.084034
11 0.415453 0.486870 0.083543 0.053571
3 0.507283 0.484244 0.063331 0.084034
11 0.507283 0.486870 0.081344 0.053571
2 0.576314 0.484244 0.017733 0.029412
0 0.621279 0.484244 0.018999 0.031513
11 0.621913 0.456473 0.190109 0.024554
3 0.690944 0.484244 0.063331 0.084034
11 0.690944 0.484506 0.087207 0.026786
1 0.813806 0.484244 0.018999 0.031513
11 0.813806 0.510045 0.081283 0.024554
1 0.813806 0.573529 0.018999 0.031513
11 0.813806 0.599330 0.095390 0.024554
1 0.861305 0.573529 0.018999 0.031513
3 0.883471 0.573529 0.063331 0.084034
11 0.883471 0.576155 0.068886 0.053571
3 0.883471 0.484244 0.063331 0.084034
11 0.883471 0.484506 0.083543 0.026786
2 0.952502 0.484244 0.017733 0.029412
0 0.063331 0.862395 0.018999 0.031513
11 0.069031 0.822019 0.153162 0.024554
3 0.132996 0.862395 0.063331 0.084034
11 0.132996 0.865021 0.076215 0.053571
3 0.224826 0.862395 0.063331 0.084034
11 0.224826 0.867384 0.060825 0.080357
3 0.316656 0.862395 0.063331 0.084034
11 0.316656 0.865021 0.081344 0.053571
2 0.385687 0.862395 0.017733 0.029412
13 0.062897 0.137605 0.025732 0.010504
13 0.148078 0.137605 0.023033 0.010504
13 0.185560 0.137605 0.018999 0.010504
13 0.084547 0.484244 0.031032 0.010504
13 0.142812 0.324055 0.167828 0.293067
13 0.212476 0.470238 0.103230 0.010504
13 0.277074 0.137605 0.042432 0.010504
13 0.354972 0.484244 0.060165 0.010504
13 0.378404 0.137605 0.038632 0.010504
13 0.421786 0.310924 0.015199 0.266807
13 0.298396 0.310924 0.031455 0.266807
11 0.306529 0.280725 0.051298 0.026786
13 0.327422 0.310924 0.036732 0.266807
11 0.327813 0.312237 0.022745 0.026786
13 0.461368 0.484244 0.031032 0.010504
13 0.553198 0.484244 0.031032 0.010504
13 0.087080 0.862395 0.031032 0.010504
13 0.178911 0.862395 0.031032 0.010504
13 0.270741 0.862395 0.031032 0.010504
13 0.362571 0.862395 0.031032 0.010504
13 0.469284 0.660189 0.307790 0.324580
13 0.645028 0.484244 0.031032 0.010504
13 0.478784 0.137605 0.040532 0.010504
13 0.599747 0.297794 0.184927 0.293067
11 0.599747 0.326943 0.104062 0.026786
13 0.837555 0.573529 0.031032 0.010504
13 0.837555 0.573529 0.031032 0.010504
13 0.777707 0.537815 0.055731 0.069328
13 0.731862 0.484244 0.021038 0.010504
13 0.783724 0.486345 0.043699 0.010504
13 0.814756 0.566176 0.139962 0.126050
13 0.837555 0.484244 0.031032 0.010504
13 0.541167 0.137605 0.051302 0.010504
13 0.662394 0.182933 0.060696 0.058503
13 0.821723 0.137605 0.062698 0.010504
13 0.929386 0.137605 0.031032 0.010504
13 0.929386 0.484244 0.031032 0.010504
13 0.810545 0.400210 0.373844 0.350840
13 0.715959 0.138106 0.027232 0.010504
13 0.285307 0.686450 0.446485 0.324580
13 0.635212 0.138655 0.088664 0.010504
11 0.600072 0.126313 0.013951 0.026786
13 0.596580 0.186450 0.037999 0.059874
11 0.569981 0.141368 0.015199 0.049936
