8 0.499957 0.154299 0.993983 0.294464
8 0.499957 0.472320 0.993983 0.294464
8 0.499957 0.835689 0.993983 0.314488
0 0.054869 0.154299 0.014829 0.035336
3 0.109244 0.154299 0.049432 0.094229
3 0.294612 0.154299 0.049432 0.094229
1 0.232823 0.154299 0.014829 0.035336
3 0.487395 0.154299 0.049432 0.094229
7 0.723626 0.154320 0.118873 0.164941
0 0.684931 0.154299 0.014829 0.035336
2 0.759931 0.154299 0.013841 0.032980
1 0.723507 0.154299 0.014829 0.035336
3 0.561542 0.154299 0.049432 0.094229
11 0.549592 0.054181 0.049432 0.058893
7 0.609974 0.472320 0.550819 0.188457
3 0.408304 0.472320 0.049432 0.094229
3 0.487395 0.472320 0.049432 0.094229
3 0.561542 0.472320 0.049432 0.094229
3 0.635690 0.472320 0.049432 0.094229
0 0.355796 0.471537 0.014829 0.035336
0 0.294612 0.472320 0.014829 0.035336
0 0.635690 0.836278 0.014829 0.035336
3 0.695007 0.836278 0.049432 0.094229
3 0.761740 0.836278 0.049432 0.094229
3 0.828473 0.836278 0.049432 0.094229
2 0.878463 0.836278 0.013841 0.032980
12 0.073406 0.154299 0.024221 0.011779
12 0.150025 0.154658 0.034108 0.011779
12 0.205635 0.154582 0.041522 0.011779
12 0.255067 0.154299 0.031636 0.011779
12 0.391003 0.154299 0.145329 0.011779
12 0.447850 0.472320 0.031636 0.011779
12 0.495634 0.313310 0.004943 0.228504
12 0.524469 0.472320 0.026693 0.011779
12 0.598616 0.472320 0.026693 0.011779
12 0.635690 0.669022 0.004943 0.303887
12 0.656698 0.836278 0.029165 0.011779
12 0.728374 0.836278 0.019278 0.011779
12 0.795106 0.836278 0.019278 0.011779
12 0.862365 0.836278 0.020331 0.011779
12 0.373400 0.471800 0.022355 0.011779
12 0.318296 0.472320 0.034515 0.011779
12 0.294612 0.328033 0.004943 0.257951
12 0.479156 0.313310 0.004943 0.228504
12 0.704219 0.154299 0.025724 0.011779
12 0.741966 0.154299 0.024066 0.011779
12 0.510476 0.149211 0.030777 0.190741
12 0.524469 0.154299 0.026693 0.011779
12 0.625224 0.154307 0.079909 0.011779
12 0.561542 0.313310 0.004943 0.228504
12 0.757464 0.677072 0.114492 0.228894
12 0.723626 0.307441 0.004943 0.146013
