8 0.500000 0.160343 0.994065 0.305998
8 0.500000 0.500612 0.994065 0.288862
8 0.357567 0.839657 0.709199 0.305998
0 0.049951 0.160343 0.014837 0.036720
3 0.101879 0.160343 0.049456 0.097919
3 0.173591 0.160343 0.049456 0.097919
3 0.279921 0.160343 0.049456 0.097919
1 0.225519 0.160343 0.014837 0.036720
3 0.341741 0.160343 0.049456 0.097919
1 0.425816 0.160343 0.014837 0.036720
1 0.527201 0.160343 0.014837 0.036720
3 0.812562 0.160343 0.049456 0.097919
3 0.885757 0.160343 0.049456 0.097919
2 0.527201 0.080783 0.013848 0.034272
1 0.527201 0.238678 0.014837 0.036720
4 0.586548 0.160343 0.019782 0.048960
2 0.937191 0.160343 0.013848 0.034272
0 0.163699 0.500612 0.014837 0.036720
3 0.272502 0.500612 0.049456 0.097919
3 0.344214 0.500612 0.049456 0.097919
3 0.425816 0.500612 0.049456 0.097919
1 0.218101 0.500612 0.014837 0.036720
3 0.487636 0.500612 0.049456 0.097919
1 0.542038 0.500612 0.014837 0.036720
3 0.596439 0.500612 0.049456 0.097919
3 0.817507 0.558140 0.049456 0.097919
1 0.697824 0.558140 0.014837 0.036720
1 0.697824 0.429621 0.014837 0.036720
3 0.752226 0.429621 0.049456 0.097919
2 0.880317 0.558140 0.013848 0.034272
1 0.329377 0.839657 0.014837 0.036720
3 0.393670 0.839657 0.049456 0.097919
3 0.455490 0.839657 0.049456 0.097919
3 0.527201 0.839657 0.049456 0.097919
2 0.581108 0.839657 0.013848 0.034272
10 0.310336 0.263158 0.021266 0.070991
10 0.380399 0.263158 0.021266 0.070991
13 0.067260 0.160343 0.021761 0.012240
13 0.137735 0.160343 0.024233 0.012240
13 0.208210 0.160343 0.021761 0.012240
13 0.244065 0.160343 0.024233 0.012240
13 0.308358 0.500612 0.024233 0.012240
13 0.310831 0.160343 0.014342 0.012240
13 0.328058 0.310936 0.016156 0.043118
13 0.335147 0.330477 0.004946 0.247246
13 0.360287 0.308874 0.020936 0.047989
13 0.350808 0.330477 0.004946 0.247246
13 0.385015 0.500612 0.034125 0.012240
13 0.392433 0.160343 0.053907 0.012240
13 0.404327 0.192174 0.044956 0.250932
13 0.425816 0.315177 0.004946 0.277846
13 0.190900 0.500612 0.041543 0.012240
13 0.236647 0.500612 0.024233 0.012240
13 0.249011 0.345777 0.063798 0.277846
13 0.456726 0.500612 0.014342 0.012240
13 0.352868 0.839657 0.034125 0.012240
13 0.424580 0.839657 0.014342 0.012240
13 0.491345 0.839657 0.024233 0.012240
13 0.523492 0.500612 0.024233 0.012240
13 0.534619 0.654835 0.016815 0.276622
13 0.563056 0.839657 0.024233 0.012240
13 0.560584 0.500612 0.024233 0.012240
13 0.822453 0.359241 0.004946 0.304774
13 0.408506 0.685435 0.160237 0.276622
13 0.849159 0.160343 0.025717 0.012240
13 0.501978 0.160636 0.037587 0.012240
13 0.448813 0.160632 0.033136 0.012240
13 0.497156 0.211750 0.047230 0.058752
13 0.555638 0.160635 0.044016 0.012240
13 0.560707 0.211750 0.054154 0.058752
13 0.920376 0.160343 0.021761 0.012240
13 0.674456 0.452876 0.033877 0.051408
13 0.674456 0.541616 0.033877 0.037944
13 0.634768 0.500990 0.029179 0.012240
13 0.716370 0.429621 0.024233 0.012240
13 0.807616 0.359241 0.004946 0.304774
13 0.749011 0.558140 0.089515 0.012240
13 0.691889 0.423663 0.122651 0.122725
13 0.857814 0.558140 0.033136 0.012240
13 0.692136 0.160343 0.193373 0.012240
13 0.497404 0.108323 0.047725 0.059976
11 0.010188 0.160343 0.006924 0.031833
11 0.049904 0.188372 0.039472 0.014688
11 0.102542 0.159853 0.030686 0.034761
11 0.173591 0.159853 0.028537 0.034761
11 0.280665 0.159853 0.029364 0.034761
11 0.225666 0.196450 0.027989 0.030845
11 0.341741 0.159853 0.024909 0.017136
11 0.425638 0.196450 0.033275 0.030845
11 0.527060 0.188372 0.034338 0.014688
11 0.812562 0.159853 0.039760 0.052387
11 0.885757 0.159853 0.027046 0.034761
11 0.527270 0.107589 0.038715 0.014688
11 0.527335 0.266707 0.031920 0.014688
11 0.010188 0.500612 0.006924 0.080016
11 0.163525 0.528641 0.026358 0.014688
11 0.273247 0.500122 0.029364 0.034761
11 0.344214 0.500122 0.026552 0.017136
11 0.426560 0.500122 0.038274 0.052387
11 0.218116 0.528641 0.043552 0.014688
11 0.487681 0.500122 0.030764 0.034761
11 0.542158 0.536720 0.030903 0.030845
11 0.596439 0.500122 0.023918 0.034761
11 0.817507 0.557650 0.028542 0.034761
11 0.698017 0.586169 0.041929 0.014688
11 0.697901 0.457650 0.023893 0.014688
11 0.752226 0.429131 0.037439 0.017136
11 0.010188 0.839657 0.006924 0.033877
11 0.393670 0.839168 0.028371 0.034761
11 0.456236 0.839168 0.036288 0.052387
11 0.527947 0.839168 0.034812 0.034761
11 0.310398 0.260588 0.011499 0.014688
11 0.380216 0.253244 0.020571 0.014688
