8 0.225000 0.029833 0.428667 0.050333
8 0.225000 0.098000 0.428667 0.073333
8 0.225167 0.167833 0.428333 0.050333
0 0.030000 0.027667 0.010000 0.010000
4 0.056667 0.027667 0.013333 0.013333
3 0.089500 0.011667 0.022333 0.013333
3 0.089500 0.027667 0.022333 0.013333
3 0.089500 0.046667 0.022333 0.013333
4 0.122333 0.027667 0.013333 0.013333
3 0.160667 0.027667 0.033333 0.026667
3 0.209000 0.027667 0.033333 0.026667
3 0.257333 0.027667 0.033333 0.026667
1 0.290000 0.028333 0.010000 0.010000
3 0.351667 0.030000 0.033333 0.026667
3 0.396667 0.030000 0.033333 0.026667
2 0.429667 0.028333 0.009333 0.009333
0 0.314333 0.029333 0.010000 0.010000
0 0.030667 0.098000 0.010000 0.010000
3 0.067333 0.098000 0.033333 0.026667
3 0.115667 0.098000 0.033333 0.026667
3 0.164000 0.098000 0.033333 0.026667
1 0.200667 0.098000 0.010000 0.010000
3 0.237000 0.098667 0.033333 0.026667
3 0.342333 0.114667 0.033333 0.026667
4 0.307333 0.098667 0.013333 0.013333
2 0.333667 0.081000 0.009333 0.009333
2 0.378667 0.114667 0.009333 0.009333
0 0.030000 0.168000 0.010000 0.010000
3 0.066667 0.168000 0.033333 0.026667
3 0.115000 0.168000 0.033333 0.026667
1 0.150000 0.168000 0.010000 0.010000
2 0.174667 0.168000 0.009333 0.009333
