8 0.500025 0.154878 0.991746 0.296598
11 0.011765 0.160112 0.016609 0.059316
8 0.489128 0.500273 0.949191 0.296598
11 0.022146 0.513595 0.016609 0.150987
8 0.222145 0.856360 0.415225 0.274123
11 0.022145 0.861911 0.016609 0.062911
0 0.045675 0.143640 0.020761 0.032895
11 0.045675 0.170573 0.102768 0.025630
3 0.319031 0.143640 0.069204 0.087719
11 0.319031 0.146382 0.049649 0.055921
3 0.121799 0.143640 0.069204 0.087719
11 0.121799 0.146382 0.058458 0.055921
3 0.222145 0.143640 0.069204 0.087719
11 0.222145 0.146382 0.058458 0.055921
1 0.414506 0.143640 0.020761 0.032895
11 0.414506 0.170573 0.076342 0.025630
1 0.536092 0.143640 0.020761 0.032895
11 0.536092 0.170573 0.066065 0.025630
3 0.621106 0.143640 0.069204 0.087719
11 0.621106 0.143914 0.081681 0.027961
1 0.688074 0.143640 0.020761 0.032895
1 0.803485 0.143640 0.020761 0.032895
11 0.803485 0.170573 0.076342 0.025630
3 0.905801 0.143640 0.069204 0.087719
11 0.905801 0.143914 0.072872 0.027961
2 0.973435 0.143640 0.019377 0.030702
0 0.066436 0.489035 0.020761 0.032895
11 0.066436 0.515968 0.099098 0.025630
3 0.134762 0.489035 0.069204 0.087719
11 0.134762 0.494243 0.081681 0.083882
3 0.241149 0.489035 0.069204 0.087719
11 0.241149 0.489309 0.081681 0.027961
3 0.332339 0.489035 0.069204 0.087719
11 0.332339 0.489309 0.089689 0.027961
3 0.438727 0.489035 0.069204 0.087719
11 0.438727 0.494243 0.076075 0.083882
1 0.536092 0.489035 0.020761 0.032895
11 0.536092 0.515968 0.085885 0.025630
3 0.605908 0.489035 0.069204 0.087719
11 0.605908 0.489309 0.093693 0.027961
3 0.873356 0.426914 0.069204 0.087719
11 0.873356 0.427188 0.085685 0.027961
1 0.733669 0.426914 0.020761 0.032895
1 0.733669 0.543985 0.020761 0.032895
11 0.733669 0.570918 0.027160 0.025630
3 0.803485 0.543985 0.069204 0.087719
11 0.803485 0.544259 0.080079 0.027961
2 0.939792 0.426914 0.019377 0.030702
0 0.066436 0.856360 0.020761 0.032895
11 0.066436 0.883292 0.098364 0.025630
3 0.149960 0.856360 0.069204 0.087719
11 0.149960 0.859101 0.059259 0.055921
3 0.286744 0.856360 0.069204 0.087719
11 0.286744 0.861568 0.066466 0.083882
2 0.383417 0.856360 0.019377 0.030702
13 0.071626 0.143640 0.033910 0.010965
13 0.171972 0.143640 0.033910 0.010965
13 0.126990 0.323655 0.123875 0.302250
13 0.270588 0.143640 0.030450 0.010965
13 0.088488 0.489035 0.026111 0.010965
13 0.187956 0.489035 0.039952 0.010965
13 0.279862 0.316338 0.080193 0.262061
13 0.286744 0.489035 0.024754 0.010965
13 0.378879 0.143640 0.053260 0.010965
13 0.381673 0.304245 0.067340 0.292700
13 0.385533 0.489035 0.039952 0.010965
13 0.096087 0.856360 0.041309 0.010965
13 0.218352 0.856360 0.070348 0.010965
13 0.252581 0.686404 0.375059 0.311404
13 0.499520 0.489035 0.055150 0.010965
13 0.558889 0.489035 0.027602 0.010965
13 0.475299 0.143640 0.103593 0.010965
13 0.558617 0.302632 0.047818 0.289474
13 0.566488 0.143640 0.042800 0.010965
13 0.666741 0.489364 0.055229 0.010965
13 0.715184 0.447010 0.018978 0.044577
13 0.791402 0.426914 0.097473 0.010965
13 0.666701 0.143640 0.024754 0.010965
13 0.708846 0.285277 0.044312 0.254765
13 0.756467 0.543985 0.027602 0.010965
13 0.715184 0.527475 0.018978 0.037406
13 0.837463 0.271571 0.074555 0.227353
13 0.745780 0.143640 0.097418 0.010965
13 0.842533 0.143640 0.060101 0.010965
13 0.952075 0.143640 0.026111 0.010965
13 0.919031 0.426914 0.024913 0.010965
13 0.347537 0.856360 0.055150 0.010965
13 0.586625 0.822375 0.533325 0.010965
13 0.222997 0.316338 0.006920 0.262061
13 0.733014 0.548857 0.074507 0.080169
13 0.296077 0.316338 0.082600 0.262061
13 0.873223 0.629301 0.006920 0.321441
13 0.411418 0.658991 0.252116 0.311404
