8 0.500098 0.153756 0.993066 0.293427
8 0.500098 0.500000 0.993066 0.293427
8 0.500098 0.846244 0.993066 0.293427
0 0.057041 0.153756 0.017825 0.035211
3 0.122400 0.153756 0.059418 0.093897
3 0.208556 0.153756 0.059418 0.093897
1 0.480885 0.071596 0.017825 0.035211
3 0.780945 0.153756 0.059418 0.093897
1 0.608633 0.247653 0.017825 0.035211
3 0.673993 0.247653 0.059418 0.093897
3 0.867100 0.153756 0.059418 0.093897
3 0.546245 0.071596 0.059418 0.093897
3 0.294712 0.154035 0.059418 0.093897
2 0.931866 0.153756 0.016637 0.032864
0 0.208556 0.500000 0.017825 0.035211
3 0.294712 0.500000 0.059418 0.093897
3 0.380867 0.500000 0.059418 0.093897
1 0.457118 0.406103 0.017825 0.035211
1 0.587837 0.593897 0.017825 0.035211
3 0.546245 0.406103 0.059418 0.093897
3 0.757178 0.593897 0.059418 0.093897
3 0.867100 0.593897 0.059418 0.093897
2 0.931866 0.593897 0.016637 0.032864
3 0.810654 0.406103 0.059418 0.093897
0 0.380867 0.846244 0.017825 0.035211
3 0.457118 0.846244 0.059418 0.093897
1 0.831450 0.846244 0.017825 0.035211
3 0.896809 0.846244 0.059418 0.093897
1 0.608633 0.758216 0.017825 0.035211
1 0.608633 0.934272 0.017825 0.035211
3 0.673993 0.758216 0.059418 0.093897
3 0.760149 0.758216 0.059418 0.093897
2 0.961575 0.846244 0.016637 0.032864
13 0.079323 0.153756 0.029115 0.011737
13 0.165478 0.153756 0.029115 0.011737
13 0.455781 0.100939 0.034759 0.063380
13 0.519655 0.212441 0.162507 0.075117
13 0.630915 0.247653 0.029115 0.011737
13 0.727469 0.200704 0.049911 0.098592
13 0.824023 0.153756 0.029115 0.011737
13 0.498711 0.136444 0.097445 0.040493
13 0.503167 0.071338 0.029115 0.011737
13 0.208556 0.341549 0.005942 0.286385
13 0.241236 0.500000 0.049911 0.011737
13 0.375915 0.154343 0.105365 0.011737
13 0.251634 0.153756 0.029115 0.011737
13 0.294712 0.327018 0.005942 0.256763
13 0.337790 0.500000 0.029115 0.011737
13 0.427906 0.500361 0.037035 0.011737
13 0.457257 0.450117 0.005942 0.057512
13 0.518170 0.558685 0.123886 0.075117
13 0.491283 0.406103 0.052882 0.011737
13 0.662109 0.593897 0.133096 0.011737
13 0.910178 0.153756 0.029115 0.011737
13 0.812139 0.593897 0.052882 0.011737
13 0.910178 0.593897 0.029115 0.011737
13 0.380867 0.687793 0.005942 0.286385
13 0.408595 0.846244 0.040006 0.011737
13 0.853731 0.846244 0.029115 0.011737
13 0.742323 0.705399 0.311349 0.192488
13 0.510594 0.846595 0.049911 0.011737
13 0.573131 0.901995 0.055556 0.069249
13 0.724498 0.899061 0.216280 0.075117
13 0.573131 0.790493 0.055556 0.069249
13 0.630915 0.758216 0.029115 0.011737
13 0.717071 0.758216 0.029115 0.011737
13 0.659138 0.825998 0.204397 0.046362
13 0.939887 0.846244 0.029115 0.011737
13 0.682906 0.406103 0.150921 0.286385
13 0.610119 0.582160 0.130125 0.262911
13 0.678449 0.406103 0.207368 0.011737
13 0.592294 0.581831 0.035056 0.322254
13 0.639828 0.476819 0.344029 0.052230
13 0.693304 0.215376 0.237077 0.292254
13 0.501682 0.253521 0.091503 0.274648
11 0.012240 0.153756 0.008318 0.166758
11 0.056946 0.188380 0.024765 0.029577
11 0.122400 0.153286 0.023383 0.033333
11 0.208556 0.153286 0.028735 0.033333
11 0.481163 0.106221 0.037786 0.029577
11 0.780749 0.153286 0.032494 0.033333
11 0.608846 0.208333 0.032902 0.029577
11 0.673797 0.247183 0.025571 0.033333
11 0.866904 0.153286 0.029136 0.033333
11 0.546049 0.071127 0.046374 0.050235
11 0.294712 0.153286 0.047581 0.050235
11 0.012240 0.500000 0.008318 0.234888
11 0.208370 0.534624 0.030526 0.029577
11 0.294712 0.499531 0.031517 0.033333
11 0.380867 0.499531 0.044591 0.050235
11 0.417651 0.397300 0.031974 0.029577
11 0.588560 0.567488 0.041054 0.029577
11 0.546049 0.405634 0.047755 0.033333
11 0.756982 0.593427 0.030709 0.033333
11 0.866904 0.593427 0.047581 0.050235
11 0.810458 0.405634 0.046374 0.050235
11 0.012240 0.846244 0.008318 0.171453
11 0.381032 0.888615 0.052617 0.045070
11 0.456922 0.845775 0.034085 0.033333
11 0.831626 0.819836 0.036394 0.029577
11 0.897509 0.845775 0.044786 0.033333
11 0.609389 0.792840 0.031612 0.029577
11 0.608699 0.961150 0.049245 0.014085
11 0.673797 0.757746 0.045174 0.050235
11 0.759952 0.757746 0.034682 0.033333
