8 0.217667 0.051667 0.415333 0.083333
8 0.232000 0.150000 0.444000 0.083333
8 0.110000 0.248333 0.200000 0.083333
0 0.040000 0.051667 0.010000 0.010000
3 0.076667 0.051667 0.033333 0.026667
1 0.120000 0.051667 0.010000 0.010000
3 0.156667 0.051667 0.033333 0.026667
3 0.205000 0.051667 0.033333 0.026667
1 0.284333 0.051667 0.010000 0.010000
3 0.321000 0.051667 0.033333 0.026667
3 0.369333 0.051667 0.033333 0.026667
2 0.405667 0.051667 0.009333 0.009333
1 0.247167 0.051667 0.010000 0.010000
0 0.040000 0.150000 0.010000 0.010000
3 0.076667 0.150000 0.033333 0.026667
3 0.125000 0.150000 0.033333 0.026667
3 0.173333 0.150000 0.033333 0.026667
3 0.221667 0.150000 0.033333 0.026667
3 0.301000 0.150000 0.033333 0.026667
1 0.372000 0.170000 0.010000 0.010000
1 0.372000 0.136667 0.010000 0.010000
3 0.405667 0.136667 0.033333 0.026667
2 0.431000 0.170000 0.009333 0.009333
1 0.258333 0.150000 0.010000 0.010000
0 0.040000 0.248333 0.010000 0.010000
3 0.076667 0.248333 0.033333 0.026667
3 0.125000 0.248333 0.033333 0.026667
2 0.173333 0.248333 0.009333 0.009333
