8 0.499919 0.141459 0.992214 0.261566
8 0.499919 0.569352 0.992214 0.380697
8 0.544855 0.899110 0.372065 0.181495
3 0.238882 0.142349 0.063532 0.142349
0 0.050191 0.142349 0.019060 0.053381
3 0.111817 0.142349 0.063532 0.142349
1 0.175349 0.142349 0.019060 0.053381
3 0.321474 0.142349 0.063532 0.142349
3 0.493011 0.142349 0.063532 0.142349
3 0.809816 0.142349 0.063532 0.142349
3 0.898184 0.142349 0.063532 0.142349
2 0.965246 0.142349 0.017789 0.049822
1 0.699121 0.142349 0.019060 0.053381
3 0.111817 0.482206 0.063532 0.142349
3 0.321474 0.482206 0.063532 0.142349
3 0.407243 0.480427 0.063532 0.142349
3 0.493011 0.482206 0.063532 0.142349
0 0.050191 0.482206 0.019060 0.053381
3 0.699121 0.482206 0.063532 0.142349
1 0.809816 0.480427 0.019060 0.053381
2 0.965246 0.482206 0.017789 0.049822
3 0.898184 0.482206 0.063532 0.142349
1 0.809816 0.615658 0.019060 0.053381
3 0.569638 0.480427 0.063532 0.142349
1 0.634253 0.480427 0.019060 0.053381
3 0.898184 0.661922 0.063532 0.142349
0 0.407243 0.899110 0.019060 0.053381
3 0.492246 0.899110 0.063532 0.142349
3 0.634253 0.899110 0.063532 0.142349
2 0.699121 0.899110 0.017789 0.049822
12 0.069886 0.142349 0.022872 0.017794
12 0.154701 0.142349 0.024778 0.017794
12 0.195997 0.142349 0.024778 0.017794
12 0.280178 0.142349 0.021601 0.017794
12 0.216645 0.482206 0.148666 0.017794
12 0.364358 0.481317 0.024778 0.017794
12 0.450127 0.481317 0.024778 0.017794
12 0.407243 0.142349 0.110546 0.017794
12 0.438626 0.899110 0.046249 0.017794
12 0.144536 0.334520 0.191233 0.249110
12 0.531325 0.481317 0.015635 0.017794
12 0.678123 0.899110 0.026749 0.017794
12 0.655569 0.481009 0.026113 0.017794
12 0.563250 0.899110 0.081016 0.017794
12 0.634253 0.667527 0.006353 0.327936
12 0.493011 0.312278 0.006353 0.204626
12 0.607184 0.142349 0.167355 0.017794
12 0.743350 0.142349 0.071940 0.017794
12 0.842882 0.481093 0.049614 0.017794
12 0.854000 0.142349 0.027377 0.017794
12 0.943151 0.142349 0.028943 0.017794
12 0.943151 0.482206 0.028943 0.017794
12 0.838117 0.652135 0.059144 0.026690
12 0.069886 0.482206 0.022872 0.017794
12 0.310885 0.312278 0.006353 0.204626
12 0.332063 0.312278 0.006353 0.204626
12 0.613063 0.480427 0.025861 0.017794
12 0.699121 0.290036 0.006353 0.249110
12 0.861941 0.312278 0.075027 0.204626
12 0.809816 0.333630 0.006353 0.247331
12 0.787633 0.480845 0.027846 0.017794
12 0.740227 0.481630 0.021222 0.017794
12 0.787611 0.552491 0.028186 0.080071
12 0.809899 0.613879 0.115580 0.202847
12 0.491062 0.712011 0.170179 0.327936
