8 0.501243 0.138264 0.991551 0.257235
8 0.501243 0.561897 0.991551 0.429260
8 0.500000 0.901929 0.994036 0.176849
0 0.042744 0.146302 0.014911 0.048232
3 0.089960 0.146302 0.049702 0.128617
3 0.162028 0.146302 0.049702 0.128617
3 0.268887 0.146302 0.049702 0.128617
1 0.214215 0.146302 0.014911 0.048232
3 0.345924 0.146302 0.049702 0.128617
3 0.462724 0.146302 0.049702 0.128617
3 0.793738 0.146302 0.049702 0.128617
1 0.701292 0.146302 0.014911 0.048232
1 0.872763 0.146302 0.014911 0.048232
3 0.919980 0.146302 0.049702 0.128617
2 0.970676 0.146302 0.013917 0.045016
3 0.345924 0.604502 0.049702 0.128617
0 0.268887 0.525723 0.014911 0.048232
3 0.345924 0.435691 0.049702 0.128617
5 0.303678 0.525723 0.019881 0.064309
5 0.403082 0.525723 0.019881 0.064309
3 0.462724 0.525723 0.049702 0.128617
3 0.537276 0.525723 0.049702 0.128617
3 0.701292 0.525723 0.049702 0.128617
1 0.646620 0.525723 0.014911 0.048232
3 0.872763 0.525723 0.049702 0.128617
1 0.793738 0.525723 0.014911 0.048232
1 0.793738 0.636656 0.014911 0.048232
3 0.753479 0.721061 0.049702 0.072347
2 0.919980 0.525723 0.013917 0.045016
3 0.579523 0.905145 0.049702 0.128617
3 0.644135 0.905145 0.049702 0.128617
0 0.537276 0.901929 0.014911 0.048232
2 0.701292 0.905145 0.013917 0.045016
12 0.504473 0.399840 0.049702 0.080386
13 0.057654 0.146302 0.016899 0.016077
13 0.125994 0.146302 0.024354 0.016077
13 0.196819 0.146302 0.021869 0.016077
13 0.232853 0.146302 0.024354 0.016077
13 0.268887 0.356109 0.004970 0.297428
13 0.312500 0.464630 0.019135 0.064309
13 0.312500 0.581190 0.019135 0.053055
13 0.285040 0.526094 0.019384 0.016077
13 0.387053 0.464630 0.034543 0.064309
13 0.387053 0.581190 0.034543 0.053055
13 0.354208 0.290997 0.004970 0.167203
13 0.337641 0.290997 0.004970 0.167203
13 0.425447 0.526228 0.026839 0.016077
13 0.500000 0.525723 0.026839 0.016077
13 0.462724 0.336013 0.004970 0.257235
13 0.307406 0.146302 0.029324 0.016077
13 0.404324 0.146302 0.069085 0.016077
13 0.474699 0.398354 0.011835 0.016077
13 0.611829 0.905145 0.016899 0.016077
13 0.646620 0.695338 0.004970 0.297428
13 0.665258 0.525723 0.024354 0.016077
13 0.600646 0.525723 0.079026 0.016077
13 0.590706 0.146302 0.208250 0.016077
13 0.738817 0.146302 0.062127 0.016077
13 0.701292 0.315916 0.004970 0.297428
13 0.734841 0.526238 0.019384 0.016077
13 0.824553 0.525723 0.048708 0.016077
13 0.872763 0.315916 0.004970 0.297428
13 0.841948 0.146302 0.048708 0.016077
13 0.774851 0.526103 0.024851 0.016077
13 0.793738 0.356109 0.004970 0.297428
13 0.778508 0.668587 0.017538 0.039032
13 0.753606 0.621383 0.004970 0.133441
13 0.887674 0.146302 0.016899 0.016077
13 0.954274 0.146302 0.020875 0.016077
13 0.537276 0.733923 0.004970 0.294212
13 0.549702 0.902875 0.011928 0.016077
13 0.681660 0.905145 0.027336 0.016077
13 0.905318 0.525723 0.017396 0.016077
13 0.771490 0.597267 0.031572 0.085209
11 0.012724 0.138264 0.006958 0.041813
11 0.042874 0.193730 0.027101 0.040514
11 0.090627 0.145659 0.030838 0.045659
11 0.162028 0.145659 0.028679 0.045659
11 0.269635 0.145659 0.029510 0.045659
11 0.214327 0.183119 0.043963 0.019293
11 0.345924 0.145659 0.025032 0.022508
11 0.462724 0.145659 0.039800 0.068810
11 0.793738 0.145659 0.039623 0.022508
11 0.702003 0.094051 0.017326 0.040514
11 0.873202 0.094051 0.019764 0.040514
11 0.919980 0.145659 0.027181 0.045659
11 0.970530 0.192122 0.018596 0.040514
11 0.012724 0.561897 0.006958 0.105101
11 0.346755 0.603859 0.040445 0.068810
11 0.269492 0.573151 0.027056 0.040514
11 0.345924 0.435048 0.026684 0.022508
11 0.463471 0.525080 0.038465 0.091961
11 0.537276 0.525080 0.029995 0.045659
11 0.701292 0.525080 0.024036 0.045659
11 0.647093 0.473473 0.020827 0.040514
11 0.872763 0.525080 0.026363 0.045659
11 0.793633 0.573151 0.022653 0.040514
11 0.793963 0.673473 0.013373 0.019293
11 0.753479 0.720418 0.023372 0.045659
11 0.010239 0.901929 0.006958 0.044498
11 0.579523 0.904502 0.028512 0.045659
11 0.644135 0.904502 0.032322 0.045659
11 0.503141 0.417042 0.041074 0.091961
11 0.365562 0.318006 0.022708 0.022508
11 0.344021 0.318006 0.012760 0.022508
11 0.471593 0.363023 0.017739 0.022508
