8 0.468006 0.153756 0.927083 0.293427
11 0.012649 0.185503 0.017857 0.359796
8 0.500000 0.500000 0.991071 0.293427
11 0.012649 0.545158 0.017857 0.511796
8 0.227679 0.846244 0.446429 0.293427
11 0.012649 0.878840 0.017857 0.369417
0 0.071429 0.153756 0.022321 0.035211
11 0.071429 0.191461 0.047353 0.054871
3 0.153274 0.153756 0.074405 0.093897
11 0.153274 0.156690 0.062851 0.059859
1 0.250000 0.153756 0.022321 0.035211
11 0.250000 0.191461 0.086814 0.054871
3 0.331845 0.153756 0.074405 0.093897
11 0.331845 0.154049 0.054241 0.029930
3 0.439732 0.153756 0.074405 0.093897
11 0.439732 0.154049 0.054241 0.029930
1 0.616815 0.153756 0.022321 0.035211
11 0.617560 0.118691 0.066295 0.054871
3 0.698661 0.153756 0.074405 0.093897
11 0.698661 0.154049 0.087819 0.029930
3 0.806548 0.153756 0.074405 0.093897
11 0.806548 0.154049 0.036161 0.029930
2 0.887649 0.153756 0.020833 0.032864
11 0.887649 0.181411 0.080501 0.027435
1 0.533854 0.153756 0.022321 0.035211
11 0.534598 0.122726 0.082079 0.027435
0 0.071429 0.500000 0.022321 0.035211
11 0.071429 0.528829 0.057613 0.027435
3 0.153274 0.500000 0.074405 0.093897
11 0.153274 0.502934 0.062851 0.059859
3 0.261161 0.500000 0.074405 0.093897
11 0.261161 0.500293 0.058546 0.029930
3 0.369048 0.500000 0.074405 0.093897
11 0.369048 0.505575 0.092124 0.089789
3 0.476935 0.500000 0.074405 0.093897
11 0.476935 0.500293 0.102455 0.029930
3 0.654018 0.500000 0.074405 0.093897
11 0.654018 0.500293 0.093846 0.029930
1 0.812500 0.570423 0.022321 0.035211
11 0.813244 0.539393 0.088393 0.027435
1 0.812500 0.453052 0.022321 0.035211
11 0.812500 0.481881 0.054456 0.027435
3 0.887649 0.453052 0.074405 0.093897
11 0.887649 0.453345 0.086097 0.029930
2 0.944196 0.570423 0.020833 0.032864
11 0.944196 0.606954 0.093917 0.054871
1 0.558780 0.500000 0.022321 0.035211
11 0.559524 0.464935 0.059192 0.054871
0 0.071429 0.846244 0.022321 0.035211
11 0.071429 0.875073 0.057613 0.027435
3 0.153274 0.846244 0.074405 0.093897
11 0.153274 0.849178 0.063712 0.059859
3 0.261161 0.846244 0.074405 0.093897
11 0.261161 0.849178 0.074904 0.059859
2 0.369048 0.846244 0.020833 0.032864
11 0.369048 0.873900 0.092339 0.027435
13 0.099330 0.153756 0.036458 0.011737
13 0.214658 0.153756 0.051339 0.011737
13 0.277902 0.153756 0.036458 0.011737
13 0.385789 0.153756 0.036458 0.011737
13 0.644717 0.153756 0.036458 0.011737
13 0.752604 0.153756 0.036458 0.011737
13 0.860491 0.153756 0.036458 0.011737
13 0.099330 0.500000 0.036458 0.011737
13 0.207217 0.500000 0.036458 0.011737
13 0.315104 0.500000 0.036458 0.011737
13 0.422991 0.500000 0.036458 0.011737
13 0.530878 0.500000 0.036458 0.011737
13 0.593378 0.500000 0.049851 0.011737
13 0.499814 0.153756 0.048735 0.011737
13 0.575335 0.153756 0.063616 0.011737
13 0.714658 0.500358 0.049851 0.011737
13 0.777344 0.546948 0.050967 0.051643
13 0.777344 0.464789 0.050967 0.028169
13 0.837054 0.453052 0.029762 0.011737
13 0.878720 0.570423 0.113095 0.011737
13 0.366071 0.326878 0.175595 0.257042
13 0.343750 0.326878 0.168155 0.257042
13 0.451451 0.312207 0.167783 0.286385
13 0.755580 0.288732 0.267113 0.239437
13 0.620908 0.312207 0.018601 0.286385
13 0.755580 0.420775 0.116815 0.444836
13 0.868304 0.481221 0.203869 0.061033
13 0.099330 0.846244 0.036458 0.011737
13 0.207217 0.846244 0.036458 0.011737
13 0.328497 0.846244 0.063244 0.011737
13 0.274182 0.687793 0.408482 0.286385
13 0.469122 0.681925 0.182292 0.333333
13 0.201637 0.341549 0.263393 0.286385
