8 0.500000 0.151972 0.995636 0.290023
8 0.500000 0.500000 0.995636 0.290023
8 0.500000 0.848028 0.995636 0.290023
0 0.029455 0.151972 0.010909 0.034803
3 0.064000 0.151972 0.036364 0.092807
3 0.118545 0.151972 0.036364 0.092807
1 0.154909 0.151972 0.010909 0.034803
3 0.189455 0.151972 0.036364 0.092807
3 0.282182 0.151972 0.036364 0.092807
3 0.353091 0.151972 0.036364 0.092807
1 0.620364 0.151972 0.010909 0.034803
3 0.850545 0.151972 0.036364 0.092807
3 0.916000 0.151972 0.036364 0.092807
2 0.957455 0.151972 0.010182 0.032483
4 0.653091 0.151972 0.014545 0.046404
3 0.694909 0.070766 0.036364 0.092807
4 0.729455 0.151972 0.014545 0.046404
4 0.794909 0.151972 0.014545 0.046404
3 0.762182 0.070766 0.036364 0.092807
0 0.189455 0.500000 0.010909 0.034803
3 0.233091 0.500000 0.036364 0.092807
3 0.282182 0.500000 0.036364 0.092807
1 0.318545 0.500000 0.010909 0.034803
3 0.353091 0.500000 0.036364 0.092807
3 0.407636 0.500000 0.036364 0.092807
3 0.571273 0.500000 0.036364 0.092807
3 0.620364 0.500000 0.036364 0.092807
3 0.850545 0.500000 0.036364 0.092807
1 0.694909 0.441995 0.010909 0.034803
1 0.694909 0.563805 0.010909 0.034803
3 0.762182 0.563805 0.036364 0.092807
2 0.896364 0.500000 0.010182 0.032483
0 0.407636 0.848028 0.010909 0.034803
3 0.462182 0.848028 0.036364 0.092807
3 0.516727 0.848028 0.036364 0.092807
3 0.571273 0.848028 0.036364 0.092807
2 0.612727 0.848028 0.010182 0.032483
12 0.040364 0.151972 0.012364 0.011601
12 0.091273 0.151972 0.019636 0.011601
12 0.143091 0.151972 0.014182 0.011601
12 0.165818 0.151972 0.012364 0.011601
12 0.189455 0.340487 0.003636 0.288863
12 0.204909 0.500000 0.021455 0.011601
12 0.257636 0.500000 0.014182 0.011601
12 0.235818 0.151972 0.057818 0.011601
12 0.306727 0.500000 0.014182 0.011601
12 0.329455 0.500000 0.012364 0.011601
12 0.317636 0.151972 0.036000 0.011601
12 0.353091 0.325986 0.003636 0.259861
12 0.380364 0.500000 0.019636 0.011601
12 0.407636 0.688515 0.003636 0.288863
12 0.428545 0.848028 0.032364 0.011601
12 0.489455 0.848028 0.019636 0.011601
12 0.489455 0.500000 0.128727 0.011601
12 0.544000 0.848028 0.019636 0.011601
12 0.571273 0.674014 0.003636 0.259861
12 0.595818 0.500000 0.014182 0.011601
12 0.493091 0.151972 0.245091 0.011601
12 0.620364 0.311485 0.003636 0.288863
12 0.883273 0.151972 0.030545 0.011601
12 0.943273 0.151972 0.019636 0.011601
12 0.647636 0.500361 0.019636 0.011601
12 0.676818 0.459397 0.026727 0.039443
12 0.766364 0.470998 0.133455 0.062645
12 0.676818 0.543503 0.026727 0.045244
12 0.722182 0.563805 0.045091 0.011601
12 0.716727 0.508991 0.092364 0.021462
12 0.635818 0.152245 0.021455 0.011601
12 0.665000 0.099768 0.024909 0.062645
12 0.721364 0.099768 0.018000 0.062645
12 0.736818 0.099768 0.015818 0.062645
12 0.787727 0.099768 0.016182 0.062645
12 0.817273 0.152320 0.031636 0.011601
12 0.841455 0.325986 0.003636 0.259861
12 0.859636 0.325986 0.003636 0.259861
12 0.880000 0.500000 0.024000 0.011601
12 0.598545 0.848028 0.019636 0.011601
12 0.769091 0.317285 0.003636 0.404872
12 0.691273 0.152552 0.063273 0.011601
12 0.762182 0.152552 0.052364 0.011601
12 0.273091 0.325986 0.003636 0.259861
12 0.301879 0.340487 0.031152 0.288863
