8 0.500000 0.143326 0.991984 0.273523
11 0.011356 0.148548 0.016032 0.059186
8 0.500000 0.521981 0.991984 0.243088
11 0.011356 0.535275 0.016032 0.150656
8 0.500000 0.871586 0.991984 0.243088
11 0.011356 0.877124 0.016032 0.062774
0 0.043369 0.143326 0.020040 0.032823
11 0.043369 0.178474 0.042514 0.051149
3 0.116849 0.143326 0.066800 0.087527
11 0.116849 0.146061 0.056427 0.055799
1 0.175402 0.143326 0.020040 0.032823
11 0.175402 0.186748 0.065896 0.076723
3 0.248882 0.143326 0.066800 0.087527
11 0.248882 0.146061 0.056427 0.055799
3 0.345742 0.143326 0.066800 0.087527
11 0.345742 0.143600 0.090438 0.027899
1 0.527490 0.071032 0.020040 0.032823
11 0.527490 0.037252 0.053142 0.051149
3 0.630696 0.143326 0.066800 0.087527
11 0.630696 0.143600 0.078843 0.027899
3 0.727556 0.143326 0.066800 0.087527
11 0.727556 0.146061 0.054108 0.055799
2 0.800369 0.143326 0.018704 0.030635
11 0.800369 0.177380 0.036137 0.051149
4 0.472149 0.143326 0.026720 0.043764
1 0.500770 0.215199 0.020040 0.032823
11 0.500770 0.250347 0.072273 0.051149
4 0.557216 0.143326 0.026720 0.043764
0 0.043369 0.537199 0.020040 0.032823
11 0.043369 0.580621 0.055268 0.076723
3 0.116849 0.537199 0.066800 0.087527
11 0.116849 0.542396 0.078843 0.083698
3 0.213709 0.533995 0.066800 0.087527
11 0.213709 0.534269 0.078843 0.027899
3 0.310570 0.533995 0.066800 0.087527
11 0.310570 0.536731 0.086573 0.055799
3 0.407430 0.533995 0.066800 0.087527
11 0.407430 0.536731 0.066476 0.055799
1 0.483735 0.534035 0.020040 0.032823
11 0.483735 0.500255 0.064479 0.051149
3 0.557216 0.534035 0.066800 0.087527
11 0.557216 0.534308 0.084254 0.027899
1 0.718204 0.455478 0.020040 0.032823
11 0.718204 0.490626 0.043222 0.051149
1 0.718204 0.599646 0.020040 0.032823
11 0.718204 0.634793 0.048182 0.051149
3 0.791685 0.599646 0.066800 0.087527
11 0.791685 0.599919 0.077297 0.027899
2 0.773649 0.455478 0.018704 0.030635
11 0.773649 0.489532 0.062353 0.051149
3 0.148810 0.887980 0.066800 0.087527
11 0.148810 0.890716 0.057200 0.055799
3 0.245671 0.887980 0.066800 0.087527
11 0.245671 0.890716 0.083481 0.055799
2 0.342531 0.887980 0.018704 0.030635
11 0.342531 0.922034 0.060936 0.051149
0 0.043369 0.887980 0.020040 0.032823
11 0.043369 0.923128 0.060936 0.051149
13 0.068419 0.143326 0.032732 0.010941
13 0.157815 0.143326 0.017805 0.010941
13 0.200452 0.143326 0.032732 0.010941
13 0.143183 0.353939 0.202300 0.338074
13 0.068419 0.537199 0.032732 0.010941
13 0.297312 0.143326 0.032732 0.010941
13 0.274159 0.338661 0.145838 0.307518
13 0.293643 0.338661 0.140272 0.307518
13 0.262140 0.533995 0.032732 0.010941
13 0.165279 0.533995 0.032732 0.010941
13 0.359000 0.533995 0.032732 0.010941
13 0.225399 0.724664 0.366733 0.298186
13 0.084400 0.887980 0.064693 0.010941
13 0.197241 0.887980 0.032732 0.010941
13 0.457273 0.534047 0.035557 0.010941
13 0.373053 0.697331 0.224037 0.298147
13 0.508786 0.534035 0.032732 0.010941
13 0.547530 0.096238 0.022712 0.054789
13 0.612724 0.534343 0.046889 0.010941
13 0.678356 0.483796 0.062330 0.061012
13 0.678356 0.577761 0.062330 0.048145
13 0.743255 0.599646 0.032732 0.010941
13 0.726619 0.545212 0.132804 0.025716
13 0.306125 0.887980 0.056780 0.010941
13 0.679126 0.143326 0.032732 0.010941
13 0.775987 0.143326 0.032732 0.010941
13 0.746261 0.455478 0.038744 0.010941
13 0.418966 0.143642 0.082318 0.010941
13 0.494976 0.096238 0.047659 0.054789
13 0.481616 0.190204 0.020939 0.054368
13 0.583936 0.143676 0.029392 0.010941
13 0.533911 0.190204 0.048914 0.054368
13 0.515716 0.360941 0.032565 0.263037
13 0.700600 0.313789 0.328852 0.532325
