8 0.499903 0.123722 0.991531 0.235174
8 0.499903 0.499843 0.991531 0.435268
8 0.477518 0.865738 0.946760 0.255624
0 0.055862 0.133947 0.020690 0.030675
3 0.121379 0.133947 0.068966 0.081800
3 0.211034 0.057188 0.068966 0.081800
1 0.211034 0.133947 0.020690 0.030675
3 0.293310 0.133947 0.068966 0.081800
3 0.389693 0.133947 0.068966 0.081800
1 0.471588 0.133947 0.020690 0.030675
3 0.554346 0.133947 0.068966 0.081800
3 0.654346 0.133947 0.068966 0.081800
1 0.735753 0.133947 0.020690 0.030675
3 0.811615 0.133947 0.068966 0.081800
3 0.899145 0.057188 0.068966 0.081800
2 0.957621 0.057188 0.019310 0.028630
3 0.362155 0.410020 0.068966 0.081800
3 0.487586 0.410020 0.068966 0.081800
3 0.571588 0.410020 0.068966 0.081800
3 0.654346 0.410020 0.068966 0.081800
3 0.735753 0.410020 0.068966 0.081800
0 0.293310 0.410020 0.020690 0.030675
1 0.806162 0.410020 0.020690 0.030675
3 0.953857 0.445056 0.068966 0.081800
3 0.816531 0.628783 0.068966 0.081800
3 0.867017 0.410020 0.068966 0.081800
1 0.875007 0.526713 0.020690 0.030675
1 0.930083 0.526713 0.020690 0.030675
1 0.902545 0.628783 0.020690 0.030675
2 0.970700 0.336815 0.019310 0.028630
4 0.830264 0.526713 0.027586 0.040900
0 0.471724 0.865738 0.020690 0.030675
3 0.554217 0.865738 0.068966 0.081800
3 0.654346 0.865738 0.068966 0.081800
3 0.754346 0.865738 0.068966 0.081800
2 0.867017 0.887996 0.019310 0.028630
13 0.076552 0.133947 0.023448 0.010225
13 0.148966 0.075118 0.057931 0.039949
13 0.211034 0.108349 0.006897 0.024611
13 0.240103 0.133947 0.040207 0.010225
13 0.424871 0.410020 0.059224 0.010225
13 0.341502 0.120314 0.030176 0.010225
13 0.471588 0.259202 0.006897 0.223926
13 0.442709 0.133947 0.039826 0.010225
13 0.529587 0.410020 0.017794 0.010225
13 0.500898 0.133947 0.040690 0.010225
13 0.571588 0.271984 0.006897 0.198364
13 0.554346 0.271984 0.006897 0.198364
13 0.612967 0.410020 0.016552 0.010225
13 0.604346 0.133947 0.033793 0.010225
13 0.695050 0.410020 0.015200 0.010225
13 0.293310 0.284765 0.006897 0.223926
13 0.315664 0.410020 0.026776 0.010225
13 0.603739 0.650661 0.266788 0.403571
13 0.500902 0.865738 0.040424 0.010225
13 0.604282 0.865738 0.033922 0.010225
13 0.704346 0.865738 0.033793 0.010225
13 0.797496 0.645548 0.020092 0.444470
13 0.824521 0.410020 0.018786 0.010225
13 0.801385 0.259202 0.134023 0.223926
13 0.761615 0.133947 0.033793 0.010225
13 0.838139 0.075118 0.055806 0.039949
13 0.902545 0.526713 0.037145 0.010225
13 0.893948 0.570079 0.019952 0.090823
13 0.871607 0.628783 0.043945 0.010225
13 0.947142 0.506334 0.016188 0.044847
13 0.940797 0.057188 0.017097 0.010225
13 0.962278 0.377643 0.019602 0.057117
13 0.891357 0.269052 0.093276 0.274300
13 0.824013 0.887996 0.069456 0.010225
13 0.654346 0.271984 0.006897 0.198364
13 0.707119 0.133947 0.039338 0.010225
13 0.783027 0.410020 0.028340 0.010225
13 0.825023 0.567523 0.008403 0.044811
13 0.854359 0.526950 0.023364 0.010225
13 0.848813 0.478592 0.039167 0.059433
11 0.014207 0.123722 0.009655 0.026593
11 0.055660 0.157362 0.025803 0.012270
11 0.121379 0.133538 0.039794 0.029039
11 0.211034 0.056851 0.027282 0.014315
11 0.211832 0.164110 0.033319 0.025767
11 0.294141 0.133538 0.040948 0.029039
11 0.389655 0.133538 0.025754 0.014315
11 0.471523 0.170859 0.063046 0.039264
11 0.554483 0.133538 0.033817 0.014315
11 0.654483 0.133538 0.056354 0.014315
11 0.736045 0.157362 0.056918 0.012270
11 0.811724 0.133538 0.054980 0.014315
11 0.899310 0.056851 0.037716 0.029039
11 0.014207 0.500000 0.009655 0.066844
11 0.363221 0.409611 0.056121 0.058487
11 0.487586 0.409611 0.052196 0.014315
11 0.571724 0.409611 0.035644 0.014315
11 0.655520 0.409611 0.053373 0.058487
11 0.735862 0.409611 0.041620 0.029039
11 0.805819 0.446933 0.039224 0.039264
11 0.954714 0.444376 0.056584 0.029039
11 0.816552 0.628425 0.052208 0.014315
11 0.868044 0.409611 0.041864 0.043763
11 0.929930 0.556748 0.059860 0.025767
11 0.902249 0.652249 0.059670 0.012270
11 0.014207 0.866053 0.009655 0.028300
11 0.471390 0.902965 0.037953 0.039264
11 0.554483 0.865644 0.039562 0.029039
11 0.655523 0.865644 0.055205 0.043763
11 0.755523 0.865644 0.048545 0.029039
11 0.595395 0.289162 0.047614 0.014315
11 0.563199 0.289162 0.017706 0.014315
11 0.952253 0.220281 0.031276 0.014315
11 0.644529 0.261656 0.022851 0.012270
