8 0.229500 0.051667 0.439000 0.083333
8 0.229500 0.150000 0.439000 0.083333
8 0.229500 0.248333 0.439000 0.083333
0 0.040000 0.051667 0.010000 0.010000
3 0.076667 0.051667 0.033333 0.026667
3 0.139500 0.053333 0.039000 0.026667
3 0.188000 0.053333 0.033333 0.026667
3 0.229667 0.053333 0.033333 0.026667
1 0.291333 0.053333 0.010000 0.010000
1 0.106667 0.053333 0.010000 0.010000
3 0.335667 0.051667 0.033333 0.026667
3 0.391667 0.053333 0.033333 0.026667
2 0.428000 0.053333 0.009333 0.009333
0 0.040000 0.150000 0.010000 0.010000
3 0.088333 0.150000 0.033333 0.026667
3 0.139667 0.150000 0.033333 0.026667
3 0.188000 0.150000 0.033333 0.026667
3 0.230333 0.150000 0.033333 0.026667
1 0.274333 0.150000 0.010000 0.010000
3 0.391667 0.150000 0.033333 0.026667
3 0.311000 0.150000 0.033333 0.026667
2 0.428000 0.150000 0.009333 0.009333
1 0.341917 0.175000 0.010000 0.010000
0 0.040000 0.248333 0.010000 0.010000
3 0.076667 0.248333 0.033333 0.026667
3 0.125000 0.248333 0.033333 0.026667
3 0.173333 0.248333 0.033333 0.026667
2 0.246333 0.248333 0.009333 0.009333
