8 0.224667 0.051667 0.409333 0.083333
8 0.224667 0.133500 0.409333 0.077000
8 0.224667 0.223833 0.409333 0.087667
0 0.045000 0.030000 0.010000 0.010000
3 0.081667 0.030000 0.033333 0.026667
3 0.130000 0.030000 0.033333 0.026667
1 0.130000 0.063333 0.010000 0.010000
3 0.166667 0.063333 0.033333 0.026667
1 0.290000 0.063333 0.010000 0.010000
3 0.210000 0.063333 0.033333 0.026667
3 0.336667 0.063333 0.033333 0.026667
3 0.385000 0.063333 0.033333 0.026667
2 0.421333 0.063333 0.009333 0.009333
3 0.118333 0.111667 0.033333 0.026667
3 0.166667 0.111667 0.033333 0.026667
3 0.166667 0.151667 0.033333 0.026667
1 0.240000 0.151667 0.010000 0.010000
0 0.081667 0.111667 0.010000 0.010000
1 0.265000 0.151667 0.010000 0.010000
3 0.385000 0.111667 0.033333 0.026667
3 0.385000 0.151667 0.033333 0.026667
1 0.353333 0.151667 0.010000 0.010000
2 0.421333 0.111667 0.009333 0.009333
1 0.290000 0.151667 0.010000 0.010000
3 0.210000 0.151667 0.033333 0.026667
1 0.326667 0.111667 0.010000 0.010000
0 0.139667 0.215000 0.010000 0.010000
3 0.176333 0.215000 0.033333 0.026667
3 0.224667 0.215000 0.033333 0.026667
2 0.265000 0.215000 0.009333 0.009333
