8 0.265500 0.051667 0.511000 0.083333
8 0.265500 0.150000 0.511000 0.083333
8 0.265500 0.248333 0.511000 0.083333
0 0.040000 0.051667 0.010000 0.010000
3 0.081667 0.053333 0.033333 0.026667
3 0.141667 0.051000 0.033333 0.026667
3 0.190000 0.051000 0.033333 0.026667
3 0.368333 0.053333 0.033333 0.026667
3 0.446667 0.053333 0.033333 0.026667
2 0.494333 0.053333 0.009333 0.009333
1 0.238333 0.051000 0.010000 0.010000
0 0.040000 0.150000 0.010000 0.010000
3 0.076667 0.150000 0.033333 0.026667
3 0.130000 0.151667 0.033333 0.026667
3 0.178333 0.151667 0.033333 0.026667
3 0.225667 0.151667 0.033333 0.026667
3 0.273333 0.151667 0.033333 0.026667
1 0.310667 0.150000 0.010000 0.010000
3 0.345667 0.149667 0.033333 0.026667
1 0.385667 0.116333 0.010000 0.010000
3 0.446667 0.168167 0.033333 0.026667
2 0.483000 0.168167 0.009333 0.009333
0 0.045000 0.248333 0.010000 0.010000
3 0.081667 0.248333 0.033333 0.026667
3 0.130000 0.248333 0.033333 0.026667
3 0.178333 0.248333 0.033333 0.026667
2 0.225667 0.248333 0.009333 0.009333
