8 0.389241 0.051667 0.758481 0.083333
8 0.389241 0.201243 0.758481 0.185820
8 0.389241 0.341060 0.758481 0.083333
0 0.040000 0.051667 0.010000 0.010000
3 0.076667 0.051667 0.033333 0.026667
1 0.120000 0.051667 0.010000 0.010000
3 0.156667 0.051667 0.033333 0.026667
3 0.205000 0.051667 0.033333 0.026667
3 0.253333 0.051667 0.033333 0.026667
1 0.535972 0.051667 0.010000 0.010000
3 0.615789 0.051667 0.033333 0.026667
3 0.685789 0.051000 0.033333 0.026667
2 0.729396 0.051000 0.009333 0.009333
0 0.156667 0.197328 0.010000 0.010000
3 0.193333 0.197328 0.033333 0.026667
3 0.241667 0.197328 0.033333 0.026667
3 0.290000 0.197328 0.033333 0.026667
1 0.330000 0.197328 0.010000 0.010000
1 0.358333 0.197328 0.010000 0.010000
3 0.438333 0.197328 0.033333 0.026667
1 0.391667 0.197328 0.010000 0.010000
1 0.502639 0.197328 0.010000 0.010000
3 0.623122 0.150266 0.033333 0.026667
1 0.592456 0.236962 0.010000 0.010000
1 0.623122 0.200531 0.010000 0.010000
2 0.658789 0.200531 0.009333 0.009333
3 0.671456 0.236962 0.033333 0.026667
4 0.619456 0.236962 0.013333 0.013333
2 0.619456 0.256629 0.009333 0.009333
4 0.556944 0.200531 0.013333 0.013333
0 0.358333 0.341060 0.010000 0.010000
3 0.395000 0.341060 0.033333 0.026667
3 0.443333 0.341060 0.033333 0.026667
2 0.478789 0.341060 0.009333 0.009333
