8 0.266167 0.051667 0.512333 0.083333
8 0.266167 0.150000 0.512333 0.083333
8 0.266167 0.248333 0.512333 0.083333
0 0.040000 0.051667 0.010000 0.010000
3 0.076667 0.051667 0.033333 0.026667
3 0.125000 0.051667 0.033333 0.026667
3 0.173333 0.051667 0.033333 0.026667
3 0.221667 0.051667 0.033333 0.026667
3 0.270000 0.051667 0.033333 0.026667
1 0.306667 0.051667 0.010000 0.010000
3 0.388667 0.051667 0.033333 0.026667
3 0.437000 0.051667 0.033333 0.026667
2 0.473333 0.051667 0.009333 0.009333
0 0.040000 0.150000 0.010000 0.010000
3 0.076667 0.150000 0.033333 0.026667
3 0.125000 0.150000 0.033333 0.026667
3 0.173333 0.150000 0.033333 0.026667
3 0.221667 0.150000 0.033333 0.026667
1 0.258333 0.150000 0.010000 0.010000
3 0.295000 0.150000 0.033333 0.026667
3 0.388667 0.126000 0.033333 0.026667
1 0.356667 0.168333 0.010000 0.010000
3 0.388667 0.167667 0.033333 0.026667
1 0.356667 0.126000 0.010000 0.010000
2 0.425000 0.126000 0.009333 0.009333
0 0.040000 0.250000 0.010000 0.010000
3 0.076667 0.250000 0.033333 0.026667
3 0.125000 0.250000 0.033333 0.026667
2 0.161333 0.250000 0.009333 0.009333
