8 0.468631 0.119702 0.925856 0.220565
8 0.500000 0.408163 0.988593 0.279435
8 0.395437 0.794349 0.779468 0.392465
0 0.062738 0.116170 0.028517 0.047096
3 0.167300 0.116170 0.095057 0.125589
1 0.290875 0.116170 0.028517 0.047096
3 0.395437 0.116170 0.095057 0.125589
1 0.633080 0.116170 0.028517 0.047096
3 0.737643 0.116170 0.095057 0.125589
0 0.062738 0.417582 0.028517 0.047096
3 0.167300 0.417582 0.095057 0.125589
3 0.305133 0.417582 0.095057 0.125589
3 0.442966 0.417582 0.095057 0.125589
3 0.580798 0.417582 0.095057 0.125589
1 0.690114 0.417582 0.028517 0.047096
3 0.794677 0.417582 0.095057 0.125589
3 0.932510 0.417582 0.095057 0.125589
0 0.076996 0.810047 0.028517 0.047096
3 0.181559 0.810047 0.095057 0.125589
3 0.319392 0.810047 0.095057 0.125589
3 0.457224 0.810047 0.095057 0.125589
13 0.098384 0.116170 0.046578 0.015699
13 0.245722 0.116170 0.065589 0.015699
13 0.326521 0.116170 0.046578 0.015699
13 0.229087 0.286499 0.336502 0.221350
13 0.098384 0.417582 0.046578 0.015699
13 0.236217 0.417582 0.046578 0.015699
13 0.374049 0.417582 0.046578 0.015699
13 0.395437 0.223705 0.009506 0.095761
13 0.419202 0.266876 0.009506 0.182104
13 0.511882 0.417582 0.046578 0.015699
13 0.328897 0.633438 0.507605 0.312402
13 0.112643 0.810047 0.046578 0.015699
13 0.250475 0.810047 0.046578 0.015699
13 0.388308 0.810047 0.046578 0.015699
13 0.652091 0.417582 0.051331 0.015699
13 0.573669 0.594192 0.236692 0.312402
13 0.725760 0.417582 0.046578 0.015699
13 0.530894 0.116170 0.179658 0.015699
13 0.668726 0.116170 0.046578 0.015699
13 0.766160 0.266876 0.060837 0.182104
13 0.863593 0.417582 0.046578 0.015699
11 0.019582 0.120094 0.013308 0.040829
11 0.062459 0.152119 0.035565 0.018838
11 0.167300 0.115542 0.076393 0.021978
11 0.291230 0.162480 0.084360 0.039560
11 0.396868 0.115542 0.056440 0.044584
11 0.737643 0.115542 0.075780 0.021978
11 0.019582 0.408163 0.013308 0.102626
11 0.167778 0.416954 0.058345 0.044584
11 0.306564 0.416954 0.056440 0.044584
11 0.444396 0.416954 0.079254 0.067190
11 0.580798 0.416954 0.057367 0.044584
11 0.794677 0.416954 0.045971 0.044584
11 0.932510 0.416954 0.050421 0.044584
11 0.019582 0.794349 0.013308 0.043450
11 0.181559 0.809419 0.054530 0.044584
11 0.320823 0.809419 0.064668 0.067190
11 0.458659 0.809419 0.066911 0.044584
11 0.412401 0.250078 0.033927 0.021978
11 0.406116 0.257300 0.023259 0.018838
