8 0.254622 0.051667 0.489244 0.083333
8 0.243189 0.150000 0.466378 0.083333
8 0.243189 0.248333 0.466378 0.083333
0 0.040000 0.051667 0.010000 0.010000
3 0.076667 0.051667 0.033333 0.026667
3 0.125000 0.051667 0.033333 0.026667
3 0.173333 0.051667 0.033333 0.026667
3 0.221667 0.051667 0.033333 0.026667
3 0.270000 0.051667 0.033333 0.026667
1 0.306667 0.051667 0.010000 0.010000
3 0.343333 0.051667 0.033333 0.026667
3 0.395788 0.051667 0.033333 0.026667
2 0.436244 0.051667 0.009333 0.009333
11 0.448244 0.028667 0.033333 0.016667
0 0.040000 0.150000 0.010000 0.010000
3 0.071667 0.150000 0.033333 0.026667
3 0.120000 0.150000 0.033333 0.026667
3 0.168333 0.150000 0.033333 0.026667
3 0.221667 0.150000 0.033333 0.026667
3 0.295000 0.150000 0.033333 0.026667
1 0.258333 0.150000 0.010000 0.010000
3 0.412164 0.126667 0.033333 0.026667
1 0.369561 0.126667 0.010000 0.010000
1 0.369561 0.160000 0.010000 0.010000
3 0.412164 0.168333 0.033333 0.026667
2 0.460577 0.126667 0.009333 0.009333
11 0.040000 0.126667 0.033333 0.016667
0 0.040000 0.248333 0.010000 0.010000
3 0.076667 0.248333 0.033333 0.026667
3 0.125000 0.248333 0.033333 0.026667
3 0.173333 0.248333 0.033333 0.026667
1 0.210000 0.248333 0.010000 0.010000
2 0.243333 0.248333 0.009333 0.009333
