8 0.302000 0.051667 0.584000 0.083333
8 0.300000 0.148500 0.580000 0.097000
8 0.183333 0.235833 0.346667 0.075000
0 0.040000 0.051667 0.010000 0.010000
3 0.076667 0.051667 0.033333 0.026667
3 0.125000 0.051667 0.033333 0.026667
3 0.173333 0.051667 0.033333 0.026667
3 0.221667 0.051667 0.033333 0.026667
3 0.270000 0.051667 0.033333 0.026667
3 0.405333 0.051667 0.033333 0.026667
3 0.453667 0.051667 0.033333 0.026667
3 0.538000 0.051667 0.033333 0.026667
2 0.574333 0.051667 0.009333 0.009333
1 0.304667 0.052000 0.010000 0.010000
1 0.351667 0.052000 0.010000 0.010000
0 0.040000 0.141667 0.010000 0.010000
3 0.076667 0.141667 0.033333 0.026667
3 0.125000 0.141667 0.033333 0.026667
3 0.173333 0.141667 0.033333 0.026667
3 0.221667 0.141667 0.033333 0.026667
3 0.270000 0.141667 0.033333 0.026667
3 0.335333 0.141667 0.033333 0.026667
3 0.405333 0.141667 0.033333 0.026667
3 0.507667 0.141667 0.033333 0.026667
3 0.510167 0.141667 0.038333 0.026667
1 0.435000 0.166667 0.010000 0.010000
3 0.507667 0.183333 0.033333 0.026667
2 0.562000 0.141667 0.009333 0.009333
1 0.460000 0.141667 0.010000 0.010000
0 0.040000 0.236000 0.010000 0.010000
3 0.100833 0.236000 0.033333 0.026667
3 0.161250 0.236000 0.033333 0.026667
3 0.221667 0.236000 0.033333 0.026667
2 0.258000 0.236000 0.009333 0.009333
