8 0.410612 0.169909 0.814895 0.324254
8 0.499958 0.500486 0.993586 0.285019
8 0.167996 0.829767 0.329662 0.324254
0 0.042722 0.169909 0.015823 0.038911
3 0.125659 0.169909 0.052743 0.103761
1 0.193354 0.169909 0.015823 0.038911
3 0.353238 0.169909 0.052743 0.103761
3 0.437627 0.169909 0.052743 0.103761
1 0.498281 0.169909 0.015823 0.038911
3 0.556297 0.169909 0.052743 0.103761
3 0.632774 0.169909 0.052743 0.103761
2 0.690264 0.169909 0.014768 0.036316
1 0.250923 0.169909 0.015823 0.038911
10 0.172595 0.046693 0.029008 0.077821
3 0.146253 0.461253 0.052743 0.103761
3 0.221387 0.461253 0.052743 0.103761
3 0.300397 0.461253 0.052743 0.103761
5 0.445538 0.460117 0.021097 0.051881
3 0.498281 0.429313 0.052743 0.103761
3 0.498281 0.562192 0.052743 0.103761
5 0.556297 0.460453 0.021097 0.051881
3 0.382247 0.460453 0.052743 0.103761
1 0.598492 0.460622 0.015823 0.038911
1 0.638049 0.460874 0.015823 0.038911
3 0.696065 0.460874 0.052743 0.103761
1 0.798914 0.429313 0.015823 0.038911
3 0.856930 0.429313 0.052743 0.103761
1 0.798914 0.544423 0.015823 0.038911
3 0.856930 0.544423 0.052743 0.103761
2 0.959251 0.429313 0.014768 0.036316
1 0.082278 0.460712 0.015823 0.038911
0 0.042722 0.460712 0.015823 0.038911
0 0.042722 0.829767 0.015823 0.038911
3 0.125659 0.829767 0.052743 0.103761
3 0.221387 0.829767 0.052743 0.103761
2 0.294694 0.829767 0.014768 0.036316
12 0.074960 0.169909 0.050765 0.012970
12 0.168737 0.169909 0.035522 0.012970
12 0.395432 0.169909 0.033755 0.012970
12 0.477184 0.169909 0.028481 0.012970
12 0.183820 0.461253 0.024501 0.012970
12 0.260892 0.461253 0.028377 0.012970
12 0.341322 0.460853 0.031217 0.012970
12 0.458855 0.524125 0.028217 0.081323
12 0.540607 0.524293 0.034019 0.080986
12 0.421804 0.460647 0.028481 0.012970
12 0.458855 0.425162 0.028217 0.023217
12 0.498281 0.354734 0.005274 0.050584
12 0.578713 0.460938 0.025844 0.012970
12 0.320343 0.645194 0.558407 0.335423
12 0.074960 0.829767 0.050765 0.012970
12 0.173523 0.829767 0.045095 0.012970
12 0.267534 0.829767 0.041661 0.012970
12 0.618270 0.460876 0.025844 0.012970
12 0.469303 0.654399 0.336559 0.353328
12 0.657827 0.460874 0.025844 0.012970
12 0.597806 0.299179 0.198629 0.224817
12 0.518059 0.169909 0.025844 0.012970
12 0.594536 0.169909 0.025844 0.012970
12 0.671013 0.169909 0.025844 0.012970
12 0.734304 0.461766 0.025844 0.012970
12 0.773997 0.432605 0.036121 0.012970
12 0.818692 0.429313 0.025844 0.012970
12 0.773993 0.515808 0.036129 0.062418
12 0.818692 0.544423 0.025844 0.012970
12 0.790475 0.536884 0.082278 0.104571
12 0.917584 0.429313 0.070675 0.012970
12 0.315830 0.315581 0.050556 0.192770
12 0.337806 0.315581 0.059346 0.192770
12 0.062500 0.460803 0.025844 0.012970
12 0.138605 0.315311 0.112653 0.257080
12 0.105036 0.460904 0.031802 0.012970
12 0.540607 0.418943 0.034019 0.036329
12 0.222139 0.169909 0.043855 0.012970
12 0.292851 0.169909 0.070142 0.012970
12 0.199353 0.299368 0.108309 0.225196
12 0.795818 0.472114 0.124335 0.285344
