8 0.396012 0.166033 0.781035 0.316857
8 0.499987 0.520486 0.988985 0.341351
8 0.396012 0.843700 0.781035 0.298300
0 0.064794 0.115336 0.027473 0.038023
0 0.280220 0.115336 0.027473 0.038023
3 0.389194 0.115336 0.091575 0.101394
3 0.169977 0.115336 0.091575 0.101394
0 0.087912 0.508238 0.027473 0.038023
3 0.169977 0.508238 0.091575 0.101394
3 0.293956 0.508238 0.091575 0.101394
3 0.425939 0.508238 0.091575 0.101394
0 0.521868 0.508238 0.027473 0.038023
3 0.627051 0.508238 0.091575 0.101394
3 0.853760 0.590415 0.091575 0.101394
0 0.087912 0.852978 0.027473 0.038023
3 0.169977 0.852978 0.091575 0.101394
3 0.293956 0.852978 0.091575 0.101394
3 0.425939 0.852978 0.091575 0.101394
2 0.521868 0.852978 0.025641 0.035488
13 0.112919 0.508238 0.026204 0.012674
13 0.231967 0.508238 0.036067 0.012674
13 0.359947 0.508238 0.044071 0.012674
13 0.087912 0.762564 0.009158 0.147876
13 0.112919 0.852978 0.026204 0.012674
13 0.231967 0.852978 0.036067 0.012674
13 0.359947 0.852978 0.044071 0.012674
13 0.490387 0.852978 0.040984 0.012674
13 0.101360 0.115336 0.049322 0.012674
13 0.128945 0.327630 0.085728 0.328264
13 0.693613 0.508634 0.045211 0.012674
13 0.770566 0.562001 0.078476 0.061898
11 0.018864 0.166033 0.012821 0.032963
11 0.389194 0.114829 0.073004 0.017744
11 0.171708 0.114829 0.054373 0.035995
11 0.018864 0.520279 0.012821 0.079477
11 0.171708 0.507731 0.054373 0.035995
11 0.293956 0.507731 0.073595 0.017744
11 0.425824 0.507731 0.052851 0.035995
11 0.627289 0.507731 0.044287 0.035995
11 0.018864 0.843473 0.012821 0.035080
11 0.170330 0.852471 0.052532 0.035995
11 0.293956 0.852471 0.059552 0.035995
11 0.427206 0.852471 0.064460 0.035995
