8 0.223000 0.040500 0.426000 0.051000
8 0.223000 0.111167 0.426000 0.072333
8 0.223000 0.182000 0.426000 0.044000
0 0.030000 0.040667 0.010000 0.010000
3 0.061667 0.040667 0.033333 0.026667
3 0.101667 0.040667 0.033333 0.026667
3 0.139667 0.040000 0.033333 0.026667
3 0.181667 0.040667 0.033333 0.026667
1 0.246667 0.040667 0.010000 0.010000
3 0.320000 0.040667 0.033333 0.026667
3 0.366667 0.040667 0.033333 0.026667
2 0.404667 0.040667 0.009333 0.009333
3 0.061667 0.097000 0.033333 0.026667
3 0.101667 0.097000 0.033333 0.026667
3 0.141667 0.097000 0.033333 0.026667
3 0.181667 0.097000 0.033333 0.026667
0 0.030000 0.097000 0.010000 0.010000
1 0.215000 0.097000 0.010000 0.010000
3 0.246667 0.097000 0.033333 0.026667
3 0.286667 0.097000 0.033333 0.026667
3 0.379667 0.097000 0.033333 0.026667
1 0.350000 0.097000 0.010000 0.010000
1 0.350000 0.130000 0.010000 0.010000
3 0.412667 0.130000 0.033333 0.026667
0 0.030000 0.182000 0.010000 0.010000
3 0.061667 0.182000 0.033333 0.026667
3 0.101667 0.182000 0.033333 0.026667
3 0.141667 0.182000 0.033333 0.026667
