8 0.345500 0.046667 0.681000 0.083333
8 0.345500 0.136667 0.681000 0.083333
8 0.345500 0.226667 0.681000 0.083333
0 0.030000 0.046667 0.010000 0.010000
3 0.066667 0.046667 0.033333 0.026667
3 0.115000 0.046667 0.033333 0.026667
3 0.166667 0.046667 0.033333 0.026667
3 0.216667 0.046667 0.033333 0.026667
3 0.265000 0.046667 0.033333 0.026667
3 0.313333 0.046667 0.033333 0.026667
4 0.431667 0.046667 0.013333 0.013333
3 0.495000 0.028333 0.033333 0.026667
3 0.543333 0.028333 0.033333 0.026667
2 0.579667 0.028333 0.009333 0.009333
1 0.398333 0.046667 0.010000 0.010000
0 0.066667 0.136667 0.010000 0.010000
3 0.101667 0.136667 0.033333 0.026667
3 0.156874 0.136667 0.033333 0.026667
3 0.265000 0.136667 0.033333 0.026667
3 0.313333 0.136667 0.033333 0.026667
3 0.361667 0.136667 0.033333 0.026667
3 0.495000 0.136667 0.033333 0.026667
3 0.585924 0.116583 0.033333 0.026667
3 0.606667 0.153333 0.033333 0.026667
1 0.565000 0.153333 0.010000 0.010000
2 0.621362 0.116583 0.009333 0.009333
4 0.645000 0.153333 0.013333 0.013333
1 0.550640 0.116708 0.010000 0.010000
1 0.431667 0.136667 0.010000 0.010000
11 0.327833 0.163333 0.062333 0.016667
0 0.361667 0.226667 0.010000 0.010000
3 0.398333 0.226667 0.033333 0.026667
3 0.446667 0.226667 0.033333 0.026667
3 0.495000 0.226667 0.033333 0.026667
2 0.531333 0.226667 0.009333 0.009333
11 0.471667 0.251167 0.033333 0.012333
