8 0.431332 0.153756 0.856397 0.293427
11 0.008877 0.159358 0.012533 0.063493
8 0.500000 0.500000 0.993734 0.293427
11 0.008877 0.514261 0.012533 0.161620
8 0.192689 0.846244 0.379112 0.293427
11 0.008877 0.852186 0.012533 0.067342
3 0.115405 0.153756 0.052219 0.093897
11 0.115405 0.156690 0.044110 0.059859
3 0.256919 0.153756 0.052219 0.093897
11 0.256919 0.156690 0.044110 0.059859
3 0.335248 0.153756 0.052219 0.093897
11 0.335248 0.156690 0.044110 0.059859
3 0.653003 0.153756 0.052219 0.093897
11 0.653003 0.159331 0.063446 0.089789
3 0.434465 0.153756 0.052219 0.093897
11 0.434465 0.156690 0.068280 0.059859
3 0.748825 0.153756 0.052219 0.093897
11 0.748825 0.156690 0.042298 0.059859
2 0.806266 0.153756 0.014621 0.032864
11 0.806266 0.190288 0.028249 0.054871
1 0.491906 0.153756 0.015666 0.035211
11 0.491906 0.182585 0.045420 0.027435
0 0.042298 0.153756 0.015666 0.035211
11 0.042298 0.200337 0.043204 0.082306
1 0.186423 0.153756 0.015666 0.035211
11 0.186423 0.182585 0.067022 0.027435
3 0.191123 0.500000 0.052219 0.093897
11 0.191123 0.508216 0.061634 0.119718
3 0.332637 0.500000 0.052219 0.093897
11 0.332637 0.500293 0.061634 0.029930
3 0.402611 0.500000 0.052219 0.093897
11 0.402611 0.500293 0.067676 0.029930
3 0.478329 0.500000 0.052219 0.093897
11 0.478329 0.502934 0.061634 0.059859
1 0.620888 0.500000 0.015666 0.035211
11 0.620888 0.537705 0.055390 0.054871
3 0.691384 0.500000 0.052219 0.093897
11 0.691384 0.502934 0.070093 0.059859
1 0.806266 0.570423 0.015666 0.035211
11 0.806266 0.599252 0.048189 0.027435
1 0.806266 0.447183 0.015666 0.035211
11 0.806266 0.476012 0.081977 0.027435
3 0.880157 0.447183 0.052219 0.093897
11 0.880157 0.447477 0.060425 0.029930
0 0.057963 0.500000 0.015666 0.035211
11 0.057963 0.537705 0.040435 0.054871
3 0.557180 0.500000 0.052219 0.093897
11 0.557180 0.500293 0.071906 0.029930
3 0.909138 0.570423 0.052219 0.093897
11 0.909138 0.573357 0.045319 0.059859
2 0.966057 0.570423 0.014621 0.032864
11 0.966057 0.598078 0.082531 0.027435
3 0.115405 0.846244 0.052219 0.093897
11 0.115405 0.849178 0.044715 0.059859
3 0.191123 0.846244 0.052219 0.093897
11 0.191123 0.851819 0.059217 0.089789
2 0.313838 0.846244 0.014621 0.032864
11 0.313838 0.882776 0.047635 0.054871
0 0.057963 0.846244 0.015666 0.035211
11 0.057963 0.883950 0.047635 0.054871
3 0.256919 0.846244 0.052219 0.093897
11 0.256919 0.849178 0.052570 0.059859
13 0.786945 0.153756 0.026110 0.011737
13 0.834073 0.447183 0.042037 0.011737
13 0.848564 0.570423 0.071018 0.011737
13 0.224021 0.846244 0.015666 0.011737
13 0.153264 0.846244 0.025587 0.011737
13 0.261880 0.500000 0.091384 0.011737
13 0.367624 0.500000 0.019843 0.011737
13 0.440470 0.500000 0.025587 0.011737
13 0.517755 0.500000 0.028721 0.011737
13 0.646997 0.500000 0.038642 0.011737
13 0.735770 0.500355 0.038642 0.011737
13 0.781593 0.461854 0.035770 0.034038
13 0.781593 0.546948 0.035770 0.051643
13 0.069713 0.153756 0.041253 0.011737
13 0.160052 0.153756 0.039164 0.011737
13 0.296084 0.153756 0.028198 0.011737
13 0.384856 0.153756 0.049086 0.011737
13 0.472324 0.153756 0.025587 0.011737
13 0.700914 0.153756 0.045692 0.011737
13 0.158225 0.341549 0.202611 0.286385
13 0.598172 0.500000 0.031854 0.011737
13 0.307572 0.687793 0.501305 0.286385
13 0.077546 0.846244 0.025587 0.011737
13 0.294778 0.846244 0.025587 0.011737
13 0.438903 0.658451 0.366057 0.286385
13 0.591645 0.312207 0.201567 0.286385
13 0.456397 0.326878 0.045953 0.257042
13 0.946997 0.570423 0.025587 0.011737
13 0.819974 0.424296 0.122454 0.109155
13 0.212533 0.153756 0.038642 0.011737
13 0.115405 0.500000 0.101305 0.011737
13 0.325674 0.326878 0.005222 0.257042
13 0.342211 0.326878 0.005222 0.257042
13 0.563316 0.153756 0.129243 0.011737
13 0.781070 0.362089 0.258225 0.327465
