8 0.500000 0.394191 0.979624 0.327801
8 0.499216 0.798755 0.979624 0.377593
8 0.499216 0.046680 0.979624 0.068465
3 0.244514 0.323651 0.156740 0.165975
3 0.456113 0.323651 0.156740 0.165975
0 0.095611 0.323651 0.047022 0.062241
0 0.095611 0.773859 0.047022 0.062241
3 0.244514 0.773859 0.156740 0.165975
4 0.409091 0.773859 0.062696 0.082988
0 0.408797 0.883817 0.047022 0.062241
1 0.500784 0.773859 0.047022 0.062241
13 0.142633 0.323651 0.053292 0.020747
13 0.142633 0.773859 0.053292 0.020747
13 0.350313 0.323651 0.061129 0.020747
13 0.456113 0.160788 0.015674 0.168050
13 0.350313 0.774523 0.061129 0.020747
13 0.392633 0.574689 0.224138 0.344398
13 0.170063 0.574689 0.155172 0.344398
13 0.458856 0.774337 0.043103 0.020747
13 0.409091 0.844398 0.015674 0.066390
11 0.033856 0.394191 0.021944 0.238038
11 0.244514 0.322822 0.128077 0.058921
11 0.456113 0.322822 0.097215 0.058921
11 0.032288 0.798755 0.021944 0.257391
11 0.244514 0.773029 0.060663 0.029046
11 0.410303 0.703112 0.077660 0.024896
11 0.460521 0.744606 0.018221 0.024896
11 0.499216 0.045851 0.258253 0.029046
