8 0.500000 0.343750 0.989267 0.379808
8 0.500000 0.057692 0.989267 0.096154
8 0.500000 0.800481 0.989267 0.379808
3 0.188730 0.354167 0.089445 0.128205
3 0.761181 0.274038 0.089445 0.128205
1 0.398927 0.274038 0.026834 0.048077
1 0.327370 0.418269 0.026834 0.048077
1 0.667263 0.418269 0.026834 0.048077
2 0.881038 0.274038 0.025045 0.044872
0 0.090340 0.354167 0.026834 0.048077
3 0.466011 0.418269 0.089445 0.128205
4 0.667263 0.274038 0.035778 0.064103
0 0.090340 0.810897 0.026834 0.048077
3 0.188730 0.810897 0.089445 0.128205
3 0.412343 0.722756 0.089445 0.128205
4 0.273703 0.810897 0.035778 0.064103
3 0.358676 0.891026 0.089445 0.128205
3 0.542039 0.891026 0.089445 0.128205
2 0.796064 0.810897 0.025045 0.044872
4 0.734347 0.810897 0.035778 0.064103
3 0.667263 0.891026 0.089445 0.128205
12 0.123882 0.810897 0.043828 0.016026
12 0.761181 0.157853 0.008945 0.110577
12 0.244633 0.811422 0.025939 0.016026
12 0.294052 0.866987 0.043381 0.054487
12 0.251342 0.354674 0.039356 0.016026
12 0.336538 0.298077 0.101521 0.054487
12 0.300760 0.402244 0.029964 0.038462
12 0.530859 0.274432 0.240608 0.016026
12 0.398927 0.478365 0.008945 0.366987
12 0.327370 0.634615 0.008945 0.391026
12 0.450358 0.891026 0.097496 0.016026
12 0.381038 0.418269 0.084079 0.016026
12 0.667263 0.634615 0.008945 0.391026
12 0.595930 0.750801 0.281306 0.062500
12 0.604651 0.891026 0.039356 0.016026
12 0.767889 0.811266 0.034884 0.016026
12 0.123882 0.354167 0.043828 0.016026
12 0.090340 0.217949 0.008945 0.230769
12 0.582290 0.418269 0.146691 0.016026
12 0.466011 0.229968 0.008945 0.254808
12 0.700805 0.274556 0.034884 0.016026
12 0.667475 0.350160 0.008945 0.094551
12 0.837209 0.274038 0.066190 0.016026
12 0.320886 0.750801 0.097048 0.062500
12 0.723390 0.866987 0.026386 0.054487
12 0.139535 0.602564 0.101968 0.375000
