8 0.172167 0.080333 0.334333 0.072667
8 0.172167 0.170333 0.334333 0.090667
8 0.172167 0.021000 0.334333 0.012000
0 0.035000 0.086333 0.010000 0.010000
1 0.150000 0.059667 0.010000 0.010000
1 0.183333 0.086333 0.010000 0.010000
3 0.177333 0.059667 0.033333 0.026667
3 0.220000 0.086333 0.033333 0.026667
3 0.071667 0.086333 0.033333 0.026667
2 0.318000 0.086333 0.009333 0.009333
2 0.318000 0.059667 0.009333 0.009333
1 0.251000 0.086333 0.010000 0.010000
3 0.281667 0.086333 0.033333 0.026667
0 0.065000 0.164667 0.010000 0.010000
3 0.105000 0.164667 0.033333 0.026667
4 0.136667 0.164667 0.013333 0.013333
3 0.256667 0.164667 0.033333 0.026667
2 0.318000 0.164667 0.009333 0.009333
3 0.150000 0.140333 0.033333 0.013333
3 0.183333 0.164667 0.033333 0.026667
