8 0.491649 0.058471 0.970772 0.098951
8 0.500000 0.386057 0.987474 0.394303
8 0.500000 0.803598 0.987474 0.374813
0 0.084551 0.346327 0.031315 0.044978
3 0.199374 0.346327 0.104384 0.119940
3 0.721294 0.436282 0.104384 0.119940
2 0.825678 0.436282 0.029228 0.041979
3 0.392484 0.346327 0.104384 0.119940
4 0.512526 0.346327 0.041754 0.059970
1 0.554280 0.233883 0.031315 0.044978
1 0.643006 0.233883 0.031315 0.044978
0 0.084551 0.706147 0.031315 0.044978
3 0.199374 0.706147 0.104384 0.119940
4 0.319415 0.706147 0.041754 0.059970
2 0.396660 0.706147 0.029228 0.041979
3 0.549061 0.833583 0.104384 0.119940
1 0.444676 0.833583 0.031315 0.044978
2 0.720251 0.833583 0.029228 0.041979
12 0.123695 0.346327 0.051148 0.014993
12 0.141962 0.544978 0.118998 0.283358
12 0.123695 0.706147 0.051148 0.014993
12 0.275052 0.706617 0.051148 0.014993
12 0.396660 0.545727 0.010438 0.284858
12 0.361169 0.706494 0.045929 0.014993
12 0.721294 0.242129 0.010438 0.274363
12 0.084551 0.215892 0.010438 0.221889
12 0.374478 0.784858 0.113257 0.103448
12 0.478601 0.833583 0.040710 0.014993
12 0.792276 0.436282 0.041754 0.014993
12 0.295929 0.346327 0.092902 0.014993
12 0.468163 0.346797 0.051148 0.014993
12 0.601253 0.391679 0.139875 0.095202
12 0.653445 0.833583 0.108559 0.014993
12 0.419443 0.608696 0.054642 0.410795
12 0.554280 0.159670 0.010438 0.109445
12 0.525835 0.275112 0.029749 0.088456
12 0.598643 0.233883 0.061587 0.014993
12 0.677010 0.534483 0.072183 0.562219
12 0.680585 0.305097 0.048017 0.148426
