8 0.500024 0.343550 0.988510 0.403535
8 0.500024 0.802115 0.988510 0.377644
8 0.500024 0.054381 0.988510 0.090634
0 0.092308 0.296073 0.028846 0.045317
3 0.198077 0.296073 0.096154 0.120846
1 0.424038 0.296073 0.028846 0.045317
1 0.308654 0.478852 0.028846 0.045317
3 0.529808 0.478852 0.096154 0.120846
1 0.701923 0.478852 0.028846 0.045317
3 0.807692 0.478852 0.096154 0.120846
2 0.912500 0.478852 0.026923 0.042296
1 0.308654 0.206949 0.028846 0.045317
2 0.549038 0.296073 0.026923 0.042296
2 0.424038 0.206949 0.026923 0.042296
0 0.077885 0.879154 0.028846 0.045317
3 0.183654 0.879154 0.096154 0.120846
4 0.294231 0.879154 0.038462 0.060423
3 0.424038 0.879154 0.096154 0.120846
3 0.563462 0.879154 0.096154 0.120846
3 0.702885 0.879154 0.096154 0.120846
2 0.807692 0.879154 0.026923 0.042296
2 0.294231 0.697885 0.026923 0.042296
12 0.092308 0.186556 0.009615 0.179758
12 0.128365 0.296073 0.047115 0.015106
12 0.137981 0.606495 0.124038 0.506042
12 0.113942 0.879154 0.047115 0.015106
12 0.253365 0.879628 0.047115 0.015106
12 0.344712 0.879617 0.066346 0.015106
12 0.267788 0.296547 0.047115 0.015106
12 0.368750 0.296436 0.085577 0.015106
12 0.308862 0.391239 0.009615 0.135952
12 0.493750 0.879154 0.047115 0.015106
12 0.633173 0.879154 0.047115 0.015106
12 0.402404 0.478852 0.162500 0.015106
12 0.676729 0.259063 0.297689 0.324773
12 0.632692 0.478852 0.113462 0.015106
12 0.701923 0.660121 0.009615 0.323263
12 0.737981 0.478852 0.047115 0.015106
12 0.807692 0.259063 0.009615 0.324773
12 0.877404 0.478852 0.047115 0.015106
12 0.772596 0.879154 0.047115 0.015106
12 0.366346 0.660121 0.119231 0.323263
12 0.549038 0.187311 0.009615 0.181269
12 0.487019 0.296073 0.100962 0.015106
12 0.365865 0.508308 0.120192 0.385196
12 0.308872 0.247734 0.009615 0.042296
12 0.424038 0.142749 0.009615 0.092145
12 0.366827 0.206949 0.091346 0.015106
12 0.294458 0.783988 0.009615 0.135952
