8 0.444767 0.204050 0.872093 0.389408
8 0.444767 0.647975 0.872093 0.389408
8 0.444767 0.943925 0.872093 0.093458
4 0.357558 0.165109 0.058140 0.062305
5 0.481105 0.165109 0.058140 0.062305
3 0.648256 0.165109 0.145349 0.124611
3 0.139535 0.165109 0.145349 0.124611
0 0.139535 0.663551 0.043605 0.046729
5 0.648256 0.663551 0.058140 0.062305
1 0.648256 0.570093 0.043605 0.046729
1 0.357558 0.570093 0.043605 0.046729
4 0.648256 0.764798 0.058140 0.062305
1 0.481105 0.570093 0.043605 0.046729
1 0.728198 0.764798 0.043605 0.046729
2 0.835756 0.764798 0.040698 0.043614
11 0.670058 0.071651 0.145349 0.077882
12 0.139535 0.433801 0.014535 0.419003
12 0.139535 0.792056 0.014535 0.216511
12 0.270349 0.165575 0.122093 0.015576
12 0.357915 0.371495 0.014535 0.356698
12 0.419331 0.165888 0.071221 0.015576
12 0.481462 0.371495 0.014535 0.356698
12 0.542878 0.165602 0.071221 0.015576
12 0.648256 0.387072 0.014535 0.325545
12 0.561047 0.614968 0.122093 0.071503
12 0.648586 0.612928 0.014535 0.045171
12 0.648983 0.714174 0.014535 0.045171
12 0.488372 0.679517 0.267442 0.178349
12 0.691860 0.765155 0.034884 0.015576
12 0.782703 0.764798 0.071221 0.015576
12 0.730620 0.842679 0.014535 0.115265
12 0.481105 0.745327 0.014535 0.309969
