8 0.499922 0.325489 0.991168 0.406925
8 0.499922 0.790846 0.991168 0.406925
8 0.472916 0.037380 0.893771 0.062048
3 0.224150 0.324151 0.072307 0.082730
3 0.751421 0.324151 0.072307 0.082730
4 0.335613 0.324151 0.028923 0.041365
3 0.441059 0.240517 0.072307 0.082730
4 0.661341 0.324151 0.028923 0.041365
2 0.859158 0.324151 0.020246 0.028956
1 0.571610 0.240517 0.021692 0.031024
0 0.097975 0.324386 0.021692 0.031024
0 0.075560 0.765253 0.021692 0.031024
3 0.152288 0.765253 0.072307 0.082730
4 0.334195 0.765253 0.028923 0.041365
3 0.568330 0.896321 0.072307 0.082730
4 0.751421 0.765253 0.028923 0.041365
2 0.848485 0.765253 0.020246 0.028956
3 0.672086 0.896321 0.072307 0.082730
3 0.423660 0.765253 0.072307 0.082730
1 0.481562 0.896321 0.021692 0.031024
3 0.246148 0.765253 0.072307 0.082730
11 0.627259 0.817555 0.072307 0.051706
12 0.144372 0.557629 0.138347 0.388362
12 0.101271 0.765253 0.032621 0.010341
12 0.290728 0.324151 0.063740 0.010341
12 0.751421 0.175595 0.007231 0.218519
12 0.802122 0.765253 0.075372 0.010341
12 0.441059 0.133778 0.007231 0.134884
12 0.518988 0.240517 0.086444 0.010341
12 0.695535 0.324473 0.042357 0.010341
12 0.620208 0.896321 0.034342 0.010341
12 0.729830 0.841128 0.046074 0.114522
12 0.370440 0.271993 0.071824 0.067088
12 0.498839 0.375106 0.328620 0.064680
12 0.818304 0.324151 0.064353 0.010341
12 0.199218 0.765253 0.024445 0.010341
12 0.598386 0.765529 0.280038 0.010341
12 0.329931 0.544702 0.190351 0.362508
12 0.512292 0.896321 0.042661 0.010341
12 0.622080 0.271993 0.082139 0.067088
12 0.621848 0.555492 0.103368 0.603064
12 0.097975 0.188639 0.007231 0.244607
12 0.148409 0.324292 0.082068 0.010341
12 0.461311 0.581346 0.043395 0.603064
12 0.587011 0.843345 0.011081 0.027358
12 0.301017 0.765253 0.040325 0.010341
12 0.368082 0.765576 0.041743 0.010341
12 0.402455 0.841128 0.139413 0.114522
