8 0.500000 0.356495 0.986379 0.377644
11 0.019296 0.387959 0.027242 0.356582
8 0.500000 0.802115 0.986379 0.377644
11 0.019296 0.823090 0.027242 0.237721
8 0.500000 0.054381 0.986379 0.090634
11 0.500000 0.055514 0.365575 0.064199
0 0.108967 0.296073 0.034052 0.045317
11 0.108967 0.344600 0.095115 0.070619
3 0.233825 0.296073 0.113507 0.120846
11 0.233825 0.303248 0.139225 0.115559
1 0.653802 0.296073 0.034052 0.045317
11 0.653802 0.333176 0.143275 0.035310
3 0.869467 0.296073 0.113507 0.120846
11 0.869467 0.303248 0.156300 0.115559
1 0.432463 0.416918 0.034052 0.045317
2 0.970488 0.296073 0.031782 0.042296
3 0.557321 0.416918 0.113507 0.120846
11 0.557321 0.420695 0.119523 0.077039
4 0.744608 0.296073 0.045403 0.060423
1 0.682179 0.416918 0.034052 0.045317
11 0.682179 0.454022 0.142071 0.035310
0 0.108967 0.711480 0.034052 0.045317
11 0.108967 0.760008 0.127623 0.070619
3 0.233825 0.711480 0.113507 0.120846
11 0.233825 0.715257 0.140538 0.077039
3 0.812713 0.711480 0.113507 0.120846
11 0.812713 0.718656 0.156300 0.115559
4 0.364359 0.711480 0.045403 0.060423
11 0.364359 0.774169 0.151046 0.077039
3 0.472191 0.870091 0.113507 0.120846
11 0.472191 0.873867 0.119523 0.077039
3 0.636776 0.870091 0.113507 0.120846
11 0.636776 0.873867 0.140538 0.077039
4 0.636776 0.711480 0.045403 0.060423
2 0.936436 0.711480 0.031782 0.042296
13 0.108967 0.186556 0.011351 0.179758
13 0.151532 0.296073 0.055619 0.015106
13 0.171396 0.522659 0.129398 0.338369
13 0.714141 0.484894 0.125217 0.338369
13 0.869467 0.167674 0.011351 0.141994
13 0.151532 0.711480 0.055619 0.015106
13 0.316118 0.711954 0.055619 0.015106
13 0.500568 0.712236 0.231555 0.015106
11 0.401832 0.694486 0.025004 0.038520
13 0.390182 0.805891 0.055051 0.134441
11 0.391588 0.853127 0.039014 0.038520
13 0.554484 0.870091 0.055619 0.015106
13 0.637116 0.775680 0.011351 0.074018
13 0.707719 0.711933 0.101022 0.015106
13 0.316118 0.296547 0.055619 0.015106
13 0.390182 0.371601 0.055051 0.096677
13 0.452327 0.624622 0.044268 0.376133
13 0.511918 0.296443 0.254257 0.015106
13 0.940409 0.296073 0.032917 0.015106
13 0.475028 0.416918 0.055619 0.015106
13 0.557321 0.228097 0.011351 0.262840
13 0.895006 0.711480 0.055619 0.015106
13 0.696368 0.296424 0.055619 0.015106
13 0.790011 0.296555 0.049943 0.015106
13 0.639614 0.416918 0.055619 0.015106
13 0.722191 0.371601 0.050511 0.096677
13 0.755959 0.545317 0.118048 0.217523
