8 0.139500 0.020000 0.259000 0.020000
8 0.139500 0.084000 0.259000 0.078000
8 0.139500 0.179000 0.259000 0.078000
0 0.030000 0.086667 0.010000 0.010000
3 0.066667 0.086667 0.033333 0.026667
3 0.231667 0.084000 0.033333 0.026667
2 0.259667 0.084000 0.009333 0.009333
1 0.125000 0.065000 0.010000 0.010000
1 0.125000 0.105000 0.010000 0.010000
3 0.161667 0.065000 0.033333 0.026667
1 0.198333 0.065000 0.010000 0.010000
0 0.030000 0.181667 0.010000 0.010000
3 0.066667 0.181667 0.033333 0.026667
3 0.204000 0.158333 0.033333 0.026667
4 0.105000 0.181667 0.013333 0.013333
3 0.156667 0.158333 0.033333 0.026667
2 0.247000 0.158333 0.009333 0.009333
2 0.125000 0.200000 0.009333 0.009333
