8 0.499874 0.055595 0.989034 0.095844
8 0.499874 0.385106 0.989034 0.317596
8 0.440536 0.846385 0.870357 0.292839
0 0.067679 0.373367 0.026786 0.038363
1 0.812277 0.477587 0.026786 0.038363
1 0.499793 0.373367 0.026786 0.038363
1 0.586250 0.477587 0.026786 0.038363
2 0.597835 0.373367 0.025000 0.035806
1 0.716379 0.477907 0.026786 0.038363
2 0.911571 0.477587 0.025000 0.035806
1 0.135000 0.373367 0.026786 0.038363
0 0.130179 0.847024 0.026786 0.038363
3 0.264107 0.847024 0.089286 0.102302
2 0.499793 0.847024 0.025000 0.035806
1 0.586250 0.928594 0.026786 0.038363
3 0.714732 0.928594 0.089286 0.102302
2 0.812277 0.929097 0.025000 0.035806
0 0.226167 0.897451 0.026786 0.038363
4 0.366786 0.847024 0.035714 0.051151
2 0.366786 0.755753 0.025000 0.035806
12 0.067830 0.158628 0.008929 0.012788
12 0.812425 0.663864 0.008929 0.085086
12 0.597893 0.187839 0.008929 0.032181
12 0.911596 0.227777 0.008929 0.112156
12 0.132589 0.610121 0.008929 0.012788
12 0.067679 0.228851 0.008929 0.255784
12 0.181518 0.847024 0.079464 0.012788
12 0.634866 0.928594 0.074018 0.012788
12 0.779576 0.929272 0.043973 0.012788
12 0.812277 0.703982 0.008929 0.419541
12 0.386006 0.373682 0.204360 0.012788
12 0.420529 0.438265 0.308228 0.083760
12 0.499793 0.610835 0.008929 0.441688
12 0.586250 0.703090 0.008929 0.417759
12 0.549261 0.373367 0.075721 0.012788
12 0.651315 0.477909 0.106915 0.012788
12 0.764328 0.477747 0.072683 0.012788
12 0.862370 0.477751 0.076973 0.012788
12 0.597835 0.229490 0.008929 0.257063
12 0.715957 0.269580 0.008929 0.027159
12 0.716379 0.281121 0.008929 0.360324
12 0.911571 0.281600 0.008929 0.361283
12 0.101339 0.373367 0.044107 0.012788
12 0.199145 0.373367 0.105076 0.012788
12 0.132589 0.610196 0.008929 0.440409
12 0.399512 0.922613 0.350262 0.017077
12 0.328839 0.847426 0.043750 0.012788
12 0.435968 0.847332 0.106221 0.012788
12 0.366989 0.797552 0.008929 0.052908
