8 0.500000 0.064632 0.987220 0.107720
8 0.500000 0.369838 0.987220 0.448833
8 0.500000 0.809695 0.987220 0.359066
0 0.102236 0.253142 0.031949 0.053860
3 0.231097 0.253142 0.129925 0.071813
3 0.383919 0.253142 0.079872 0.071813
4 0.493078 0.253142 0.042599 0.071813
1 0.709265 0.337522 0.031949 0.053860
1 0.821086 0.337522 0.031949 0.053860
2 0.613419 0.253142 0.029819 0.050269
2 0.900958 0.337522 0.029819 0.050269
0 0.102236 0.733393 0.031949 0.053860
3 0.219382 0.733393 0.106496 0.098743
4 0.427050 0.733393 0.042599 0.071813
3 0.617678 0.854578 0.106496 0.098743
2 0.773163 0.855476 0.029819 0.050269
3 0.333866 0.733393 0.079872 0.088869
2 0.516507 0.733393 0.029819 0.050269
13 0.102236 0.172352 0.010650 0.114901
13 0.142173 0.253142 0.052183 0.017953
13 0.155840 0.497756 0.111466 0.424596
13 0.142173 0.733393 0.052183 0.017953
13 0.660809 0.185817 0.069223 0.141831
13 0.447817 0.253665 0.052183 0.017953
13 0.709265 0.214542 0.010650 0.199282
13 0.556443 0.254548 0.088392 0.017953
13 0.804579 0.609964 0.037274 0.498205
13 0.765176 0.337522 0.084132 0.017953
13 0.861555 0.337522 0.053248 0.017953
13 0.900958 0.215440 0.010650 0.201077
13 0.714590 0.855138 0.091587 0.017953
13 0.593450 0.313285 0.203940 0.055655
13 0.320021 0.253142 0.052183 0.017953
13 0.283280 0.733393 0.025559 0.017953
13 0.389776 0.733929 0.036209 0.017953
13 0.474973 0.733812 0.057508 0.017953
13 0.495740 0.811939 0.141640 0.092460
13 0.282481 0.489004 0.107029 0.407092
11 0.500000 0.063914 0.134614 0.025135
11 0.021938 0.369838 0.014909 0.205986
11 0.102003 0.294255 0.076211 0.021544
11 0.232706 0.252424 0.090239 0.050987
11 0.383919 0.252424 0.059309 0.050987
11 0.709032 0.402334 0.088991 0.068941
11 0.815141 0.266607 0.088216 0.045242
11 0.613593 0.304309 0.051468 0.045242
11 0.901133 0.388689 0.051468 0.045242
11 0.548410 0.229623 0.046767 0.021544
11 0.536417 0.382226 0.067509 0.021544
11 0.021938 0.809695 0.014909 0.222733
11 0.102561 0.787253 0.079456 0.045242
11 0.219382 0.732675 0.068551 0.076840
11 0.428148 0.663375 0.042664 0.045242
11 0.617678 0.854758 0.068551 0.076840
11 0.773531 0.907540 0.051854 0.045242
11 0.333866 0.733573 0.050453 0.050987
11 0.412565 0.725135 0.022148 0.021544
