8 0.500000 0.409405 0.986681 0.345781
11 0.018868 0.428011 0.026637 0.210862
8 0.500000 0.831950 0.986681 0.319502
11 0.018868 0.853156 0.026637 0.240338
8 0.516648 0.049793 0.953385 0.082988
11 0.516648 0.050830 0.445220 0.058783
3 0.195339 0.381743 0.110988 0.110650
11 0.195339 0.385201 0.127144 0.070539
1 0.406215 0.381743 0.033296 0.041494
11 0.406215 0.415716 0.135385 0.032331
1 0.356271 0.464730 0.033296 0.041494
11 0.356271 0.498703 0.204844 0.032331
3 0.744728 0.464730 0.110988 0.110650
11 0.744728 0.471300 0.129713 0.105809
3 0.521643 0.381743 0.110988 0.110650
11 0.521643 0.385201 0.145124 0.070539
2 0.621532 0.381743 0.031077 0.038728
0 0.075472 0.381743 0.033296 0.041494
0 0.156493 0.845090 0.033296 0.041494
11 0.156493 0.879063 0.136563 0.032331
3 0.295228 0.845090 0.110988 0.110650
11 0.295228 0.848548 0.137419 0.070539
4 0.428413 0.845090 0.044395 0.055325
11 0.429523 0.891079 0.155399 0.035270
2 0.711432 0.796680 0.031077 0.038728
11 0.711432 0.829270 0.215439 0.032331
1 0.521643 0.921162 0.033296 0.041494
11 0.521643 0.955135 0.189539 0.032331
3 0.711432 0.921162 0.110988 0.110650
11 0.711432 0.924620 0.137419 0.070539
13 0.156493 0.630705 0.011099 0.392808
13 0.206437 0.845090 0.071032 0.013831
13 0.378468 0.845520 0.059933 0.013831
13 0.562431 0.807054 0.271365 0.026279
11 0.413430 0.802028 0.026637 0.029475
13 0.466981 0.896957 0.080466 0.053942
13 0.597114 0.921162 0.122087 0.013831
13 0.558824 0.589903 0.309656 0.380360
13 0.115982 0.381743 0.052164 0.013831
13 0.261931 0.382201 0.026637 0.013831
13 0.353496 0.382073 0.076582 0.013831
13 0.317703 0.437068 0.048280 0.060858
13 0.531077 0.464730 0.320755 0.013831
13 0.444506 0.381743 0.047725 0.013831
13 0.591565 0.381743 0.033296 0.013831
13 0.438957 0.692946 0.169811 0.420470
13 0.075472 0.226141 0.011099 0.275242
13 0.744728 0.250346 0.011099 0.323651
13 0.521643 0.208852 0.011099 0.240664
13 0.512486 0.352902 0.437847 0.116593
13 0.773030 0.858921 0.096559 0.130014
