8 0.498947 0.068053 0.985263 0.113422
8 0.501053 0.785444 0.985263 0.406427
8 0.498947 0.356333 0.985263 0.406427
0 0.195789 0.786389 0.031579 0.056711
3 0.311579 0.786389 0.105263 0.151229
4 0.498947 0.786389 0.042105 0.075614
1 0.432632 0.786389 0.031579 0.056711
2 0.620000 0.625709 0.029474 0.052930
3 0.620000 0.786389 0.105263 0.151229
1 0.748421 0.786389 0.031579 0.056711
2 0.826316 0.786389 0.029474 0.052930
11 0.343158 0.625709 0.105263 0.094518
0 0.085263 0.432892 0.031579 0.056711
1 0.195789 0.432892 0.031579 0.056711
1 0.432632 0.432892 0.031579 0.056711
1 0.869474 0.432892 0.031579 0.056711
4 0.501053 0.432892 0.042105 0.075614
2 0.620000 0.236295 0.029474 0.052930
1 0.542105 0.236295 0.031579 0.056711
1 0.748421 0.433238 0.031579 0.056711
2 0.968421 0.432892 0.029474 0.052930
1 0.432434 0.304348 0.031579 0.056711
1 0.748224 0.304348 0.031579 0.056711
12 0.085263 0.264650 0.010526 0.287335
12 0.140526 0.432892 0.083158 0.018904
12 0.195789 0.609641 0.010526 0.304348
12 0.235263 0.786389 0.051579 0.018904
12 0.390526 0.786389 0.056842 0.018904
12 0.251053 0.433341 0.083158 0.018904
12 0.299951 0.691871 0.010526 0.045369
12 0.464211 0.433325 0.035789 0.018904
12 0.869474 0.264650 0.010526 0.287335
12 0.432632 0.609641 0.010526 0.304348
12 0.463158 0.786821 0.033684 0.018904
12 0.552368 0.687146 0.110000 0.130435
12 0.702632 0.786389 0.064211 0.018904
12 0.543684 0.786988 0.051579 0.018904
12 0.560526 0.434163 0.081053 0.018904
12 0.513947 0.315690 0.028947 0.166352
12 0.581579 0.236295 0.051579 0.018904
12 0.542105 0.166352 0.010526 0.090737
12 0.808947 0.433065 0.093684 0.018904
12 0.787895 0.786389 0.051579 0.018904
12 0.919474 0.432892 0.072632 0.018904
12 0.748421 0.609813 0.010526 0.304002
12 0.374737 0.433346 0.088421 0.018904
12 0.469901 0.349716 0.047566 0.098299
12 0.686842 0.433843 0.095789 0.018904
12 0.811480 0.354442 0.099145 0.107750
12 0.364375 0.349716 0.108750 0.098299
12 0.676480 0.350045 0.116118 0.098956
