8 0.504417 0.069622 0.981761 0.124662
8 0.502850 0.420087 0.984896 0.366929
8 0.500107 0.808185 0.990382 0.366929
3 0.145768 0.398330 0.078370 0.103493
0 0.075591 0.398330 0.023511 0.038810
1 0.225207 0.398330 0.023511 0.038810
3 0.498433 0.398330 0.078370 0.103493
3 0.343474 0.398330 0.078370 0.103493
1 0.371687 0.450076 0.023511 0.038810
3 0.605301 0.479831 0.078370 0.103493
3 0.851097 0.482418 0.078370 0.103493
2 0.952194 0.398330 0.021944 0.036223
2 0.952194 0.482418 0.021944 0.036223
10 0.326161 0.284664 0.054431 0.060802
3 0.306070 0.786428 0.078370 0.103493
0 0.225207 0.786428 0.023511 0.038810
1 0.498433 0.786428 0.023511 0.038810
2 0.876318 0.785252 0.021944 0.036223
1 0.400470 0.785252 0.023511 0.038810
1 0.631305 0.873456 0.023511 0.038810
3 0.541180 0.873456 0.078370 0.103493
3 0.733542 0.873456 0.078370 0.103493
2 0.876318 0.873456 0.021944 0.036223
1 0.321639 0.838175 0.023511 0.038810
12 0.275078 0.895213 0.078370 0.064683
12 0.819037 0.956956 0.078370 0.064683
13 0.096965 0.398330 0.022371 0.012937
13 0.199202 0.398330 0.031633 0.012937
13 0.251924 0.786428 0.033058 0.012937
13 0.225207 0.592379 0.007837 0.354463
13 0.075591 0.255439 0.007837 0.252146
13 0.420953 0.398330 0.079724 0.012937
13 0.423803 0.608550 0.152394 0.322122
13 0.449451 0.785840 0.077586 0.012937
13 0.687767 0.785839 0.358293 0.012937
13 0.296940 0.854380 0.029021 0.022159
13 0.599957 0.873456 0.042320 0.012937
13 0.270626 0.398330 0.070462 0.012937
13 0.501496 0.661766 0.262753 0.389745
13 0.474779 0.464954 0.185808 0.034929
13 0.605301 0.280019 0.007837 0.301305
13 0.771519 0.939749 0.019801 0.034266
13 0.668709 0.873456 0.054431 0.012937
13 0.819037 0.873456 0.095754 0.012937
13 0.789470 0.677937 0.126389 0.292720
13 0.498433 0.239268 0.007837 0.219805
13 0.851097 0.281312 0.007837 0.303893
13 0.739420 0.398330 0.406740 0.012937
13 0.915752 0.482418 0.054075 0.012937
13 0.728199 0.481124 0.170561 0.012937
13 0.748433 0.184288 0.007837 0.109844
13 0.366985 0.785669 0.046594 0.012937
13 0.417695 0.861152 0.171735 0.029784
11 0.504310 0.069340 0.129127 0.018111
11 0.021630 0.420440 0.010972 0.202781
11 0.146952 0.397930 0.062218 0.055369
11 0.498433 0.397930 0.065090 0.055369
11 0.343260 0.397930 0.059071 0.036740
11 0.606320 0.479431 0.069014 0.055369
11 0.852277 0.482018 0.064827 0.036740
11 0.325774 0.274127 0.057504 0.015524
11 0.016144 0.808538 0.010972 0.160495
11 0.307610 0.786028 0.066406 0.055369
11 0.410879 0.745796 0.064704 0.032600
11 0.541536 0.872704 0.041570 0.036740
11 0.734723 0.872704 0.067961 0.036740
11 0.272488 0.899353 0.062218 0.055369
11 0.818071 0.952135 0.065609 0.036740
11 0.221609 0.484476 0.056071 0.032600
11 0.083072 0.172704 0.057994 0.032600
11 0.423504 0.647995 0.057039 0.015524
11 0.501647 0.521216 0.033075 0.015524
11 0.640956 0.165459 0.054639 0.015524
11 0.789118 0.642820 0.059426 0.015524
11 0.525859 0.169340 0.062690 0.015524
11 0.870863 0.168047 0.064609 0.015524
11 0.756190 0.207633 0.067239 0.032600
