0 0.034846 0.090730 0.024311 0.059172
11 0.034846 0.139177 0.173634 0.046105
3 0.184765 0.090730 0.081037 0.157791
11 0.184765 0.091223 0.101273 0.050296
3 0.877634 0.090730 0.081037 0.157791
11 0.877634 0.095661 0.060014 0.100592
4 0.326580 0.090730 0.032415 0.078895
11 0.383538 0.127712 0.145346 0.050296
4 0.776337 0.090730 0.032415 0.078895
3 0.326580 0.347140 0.081037 0.157791
11 0.326580 0.352071 0.100336 0.100592
1 0.549433 0.347140 0.024311 0.059172
11 0.549433 0.395587 0.125498 0.046105
1 0.452188 0.830375 0.024311 0.059172
11 0.452188 0.878821 0.179651 0.046105
3 0.683144 0.347140 0.081037 0.157791
11 0.683144 0.352071 0.080644 0.100592
1 0.549433 0.583826 0.024311 0.059172
11 0.549433 0.632273 0.094553 0.046105
3 0.683144 0.583826 0.081037 0.157791
11 0.683144 0.588757 0.083457 0.100592
2 0.965964 0.830375 0.022690 0.055227
11 0.965964 0.876849 0.139251 0.046105
4 0.776337 0.583826 0.032415 0.078895
11 0.844235 0.620809 0.178166 0.050296
2 0.965964 0.090730 0.022690 0.055227
13 0.095624 0.090730 0.100486 0.019724
13 0.267828 0.091306 0.088331 0.019724
13 0.814830 0.091344 0.047812 0.019724
13 0.551459 0.091716 0.420583 0.019724
11 0.358648 0.068540 0.028479 0.050296
13 0.401540 0.347727 0.072123 0.019724
13 0.502836 0.347615 0.072123 0.019724
13 0.452188 0.593688 0.008104 0.422091
13 0.602107 0.347140 0.084279 0.019724
13 0.750203 0.238659 0.056321 0.224852
13 0.602107 0.583826 0.084279 0.019724
13 0.502836 0.470414 0.072123 0.175542
13 0.741896 0.584445 0.039708 0.019724
13 0.776742 0.337278 0.008104 0.422091
11 0.765397 0.521943 0.019449 0.045266
13 0.936386 0.090730 0.039708 0.019724
13 0.709076 0.923077 0.517018 0.138067
13 0.865681 0.726824 0.181118 0.214990
11 0.765397 0.593231 0.019449 0.096999
13 0.326815 0.199211 0.008104 0.145957
11 0.315538 0.107816 0.019483 0.045460
