8 0.500000 0.145564 0.991848 0.279472
11 0.011549 0.174520 0.016304 0.328174
8 0.500000 0.522965 0.991848 0.320592
11 0.011549 0.544088 0.016304 0.239393
8 0.500000 0.873066 0.991848 0.241779
11 0.011549 0.895588 0.016304 0.255247
3 0.594429 0.447390 0.067935 0.077369
11 0.594429 0.449808 0.091974 0.049323
0 0.065217 0.522244 0.020380 0.029014
11 0.065217 0.553312 0.085751 0.045213
3 0.218071 0.522244 0.067935 0.077369
11 0.218071 0.524662 0.088830 0.049323
4 0.343750 0.522244 0.027174 0.038685
0 0.065217 0.873066 0.020380 0.029014
11 0.065217 0.904135 0.081427 0.045213
3 0.218071 0.873066 0.067935 0.077369
11 0.218071 0.877660 0.067605 0.073985
4 0.463315 0.873066 0.027174 0.038685
11 0.463995 0.842360 0.117129 0.024662
3 0.592391 0.944633 0.067935 0.077369
11 0.592391 0.949227 0.067605 0.073985
3 0.694293 0.803434 0.067935 0.077369
11 0.694293 0.805852 0.090402 0.049323
2 0.936821 0.873066 0.019022 0.027079
11 0.936821 0.903168 0.066295 0.045213
4 0.594429 0.803434 0.027174 0.038685
1 0.517663 0.944633 0.020380 0.029014
1 0.463315 0.447390 0.020380 0.029014
2 0.936821 0.532368 0.019022 0.027079
11 0.936821 0.562469 0.074221 0.045213
1 0.463315 0.598274 0.020380 0.029014
3 0.592391 0.593438 0.067935 0.077369
11 0.592391 0.595856 0.090402 0.049323
13 0.065217 0.396518 0.006793 0.226306
13 0.129755 0.522244 0.111413 0.009671
13 0.129755 0.873066 0.111413 0.009671
13 0.350883 0.873328 0.200408 0.009671
13 0.516984 0.447390 0.089674 0.009671
13 0.594429 0.347003 0.006793 0.127274
13 0.593748 0.864362 0.006793 0.087041
13 0.485564 0.918521 0.046535 0.056093
11 0.454144 0.877911 0.016304 0.045976
13 0.543139 0.944633 0.033288 0.009671
13 0.436311 0.475146 0.036345 0.059380
13 0.515965 0.593438 0.087636 0.009671
13 0.525430 0.419928 0.094339 0.273520
13 0.522249 0.828821 0.119905 0.053675
13 0.634171 0.803726 0.055027 0.009671
13 0.291101 0.522524 0.080842 0.009671
13 0.381454 0.522727 0.050951 0.009671
13 0.777853 0.489879 0.301630 0.088846
13 0.827785 0.838250 0.201766 0.073501
13 0.473902 0.599130 0.262341 0.118956
13 0.436311 0.569930 0.036345 0.060556
13 0.493133 0.771453 0.051778 0.321214
13 0.583899 0.606070 0.223505 0.321228
13 0.136377 0.709744 0.132395 0.301500
