8 0.500340 0.045703 0.989114 0.075034
11 0.015139 0.058332 0.045926 0.143130
8 0.500340 0.362892 0.989114 0.341064
11 0.015139 0.392689 0.020412 0.337697
8 0.500340 0.806958 0.989114 0.369714
11 0.015139 0.838728 0.020412 0.360061
0 0.069570 0.376535 0.025515 0.040928
3 0.200544 0.376535 0.108862 0.109141
11 0.200544 0.379945 0.054127 0.069577
1 0.414016 0.458390 0.025515 0.040928
11 0.414016 0.491900 0.103744 0.031889
1 0.513523 0.376535 0.025515 0.040928
11 0.513523 0.410044 0.038791 0.031889
1 0.732948 0.376535 0.025515 0.040928
11 0.732948 0.420362 0.051421 0.063779
1 0.477802 0.458390 0.025515 0.040928
11 0.477802 0.491900 0.020430 0.031889
4 0.813744 0.376535 0.034019 0.054570
1 0.813744 0.233288 0.025515 0.040928
2 0.897942 0.376535 0.023814 0.038199
0 0.200544 0.826739 0.025515 0.040928
3 0.277938 0.826739 0.085048 0.109141
11 0.277938 0.830150 0.052159 0.069577
3 0.609627 0.826739 0.085048 0.109141
11 0.609627 0.830150 0.052159 0.069577
4 0.379997 0.826739 0.034019 0.054570
1 0.513523 0.826739 0.025515 0.040928
1 0.379997 0.724420 0.025515 0.040928
11 0.379997 0.757930 0.040595 0.031889
1 0.732948 0.826739 0.025515 0.040928
11 0.732948 0.870566 0.055029 0.063779
2 0.897942 0.826739 0.023814 0.038199
13 0.069570 0.219645 0.008505 0.278308
13 0.224358 0.826398 0.025515 0.013643
13 0.341725 0.826444 0.045926 0.013643
13 0.114220 0.376535 0.065487 0.013643
13 0.308131 0.375853 0.108012 0.013643
13 0.379997 0.773533 0.008505 0.062756
13 0.686171 0.826418 0.071441 0.013643
13 0.815445 0.826057 0.142881 0.013643
13 0.448886 0.376866 0.107161 0.013643
13 0.445909 0.457708 0.041674 0.013643
13 0.623235 0.376535 0.197312 0.013643
13 0.771220 0.375853 0.054431 0.013643
13 0.390840 0.427694 0.024239 0.053206
13 0.857544 0.376535 0.060384 0.013643
11 0.852587 0.360505 0.050191 0.034789
13 0.813945 0.301501 0.008505 0.100955
11 0.836140 0.332800 0.020464 0.038183
13 0.812043 0.148022 0.008505 0.135061
11 0.800136 0.151124 0.020412 0.038019
13 0.477802 0.260573 0.008505 0.360164
11 0.465896 0.263587 0.020412 0.038019
13 0.200544 0.618690 0.008505 0.380628
11 0.188638 0.629543 0.020412 0.123002
13 0.390628 0.584584 0.024664 0.244202
13 0.732948 0.600273 0.008505 0.417462
13 0.482055 0.826402 0.173499 0.013643
11 0.412245 0.810111 0.028601 0.034942
13 0.513523 0.601637 0.008505 0.414734
11 0.501616 0.607162 0.020412 0.062619
