8 0.495455 0.376312 0.981818 0.374813
8 0.500000 0.803598 0.990909 0.374813
8 0.362500 0.053973 0.715909 0.089955
0 0.050000 0.256372 0.022727 0.044978
3 0.139773 0.256372 0.088636 0.119940
1 0.229545 0.256372 0.022727 0.044978
4 0.290152 0.256372 0.030303 0.059970
3 0.377273 0.256372 0.075758 0.119940
2 0.459848 0.256372 0.021212 0.041979
5 0.290152 0.383808 0.030303 0.059970
3 0.377273 0.383808 0.075758 0.119940
2 0.459848 0.383808 0.021212 0.041979
1 0.350758 0.488756 0.022727 0.044978
3 0.531061 0.488756 0.075758 0.119940
2 0.613636 0.488756 0.021212 0.041979
0 0.061364 0.683658 0.022727 0.044978
3 0.144697 0.683658 0.075758 0.119940
4 0.231818 0.683658 0.030303 0.059970
3 0.318939 0.683658 0.075758 0.119940
2 0.401515 0.683658 0.021212 0.041979
3 0.462879 0.803598 0.075758 0.119940
3 0.572727 0.803598 0.075758 0.119940
3 0.682576 0.803598 0.075758 0.119940
2 0.765152 0.803598 0.021212 0.041979
13 0.078409 0.256372 0.037121 0.014993
13 0.100568 0.488756 0.081439 0.350825
13 0.089773 0.683658 0.037121 0.014993
13 0.199621 0.684129 0.037121 0.014993
13 0.264015 0.684133 0.037121 0.014993
13 0.373864 0.683658 0.037121 0.014993
13 0.328598 0.758621 0.195833 0.095952
13 0.517803 0.803598 0.037121 0.014993
13 0.627652 0.803598 0.037121 0.014993
13 0.737500 0.803598 0.037121 0.014993
13 0.201136 0.256372 0.037121 0.014993
13 0.346212 0.511244 0.236364 0.470765
13 0.274242 0.451274 0.092424 0.350825
13 0.257955 0.256721 0.037121 0.014993
13 0.322348 0.256846 0.037121 0.014993
13 0.432197 0.256372 0.037121 0.014993
13 0.354545 0.147676 0.007576 0.103448
13 0.050000 0.166417 0.007576 0.140930
13 0.290342 0.320090 0.007576 0.073463
13 0.290367 0.436282 0.007576 0.050975
13 0.322348 0.384283 0.037121 0.014993
13 0.420076 0.217582 0.012879 0.243259
13 0.432197 0.383808 0.037121 0.014993
13 0.322348 0.489109 0.037121 0.014993
13 0.427652 0.488756 0.134091 0.014993
13 0.531061 0.263868 0.007576 0.335832
13 0.585985 0.488756 0.037121 0.014993
13 0.516667 0.627436 0.334848 0.238381
11 0.015606 0.376312 0.010606 0.172016
11 0.140913 0.255772 0.067211 0.042579
11 0.377273 0.255772 0.046987 0.064168
11 0.377273 0.383208 0.051801 0.042579
11 0.531061 0.488156 0.046987 0.064168
11 0.015606 0.803598 0.010606 0.187008
11 0.144697 0.683058 0.062666 0.042579
11 0.320200 0.683058 0.038411 0.064168
11 0.462879 0.802999 0.051801 0.042579
11 0.573867 0.802999 0.060642 0.064168
11 0.682576 0.802999 0.035890 0.064168
11 0.362500 0.053373 0.124822 0.020990
