8 0.175667 0.088000 0.331333 0.083333
8 0.175667 0.188500 0.331333 0.087667
8 0.175667 0.021333 0.331333 0.020000
0 0.040000 0.101333 0.010000 0.010000
3 0.076667 0.101333 0.033333 0.026667
1 0.203333 0.101333 0.010000 0.010000
3 0.280000 0.101333 0.033333 0.026667
1 0.111667 0.101333 0.010000 0.010000
2 0.321333 0.101333 0.009333 0.009333
4 0.146666 0.101412 0.013333 0.013333
4 0.238333 0.101333 0.013333 0.013333
0 0.040000 0.179667 0.010000 0.010000
7 0.076667 0.179667 0.033333 0.026667
3 0.180000 0.214667 0.033333 0.026667
3 0.156667 0.179667 0.033333 0.026667
7 0.206667 0.179667 0.033333 0.026667
3 0.255000 0.179667 0.033333 0.026667
2 0.321333 0.179667 0.009333 0.009333
4 0.113333 0.179667 0.013333 0.013333
4 0.293333 0.179667 0.013333 0.013333
