8 0.500000 0.356495 0.987854 0.377644
11 0.017206 0.387959 0.024291 0.356582
8 0.445850 0.802115 0.879555 0.377644
11 0.017206 0.823090 0.024291 0.237721
8 0.445850 0.054381 0.879555 0.090634
11 0.445850 0.055514 0.325983 0.064199
0 0.097166 0.356495 0.030364 0.045317
11 0.097166 0.405023 0.084814 0.070619
3 0.208502 0.356495 0.101215 0.120846
11 0.208502 0.356873 0.124147 0.038520
1 0.340081 0.356495 0.030364 0.045317
11 0.340081 0.393599 0.181438 0.035310
1 0.446356 0.356495 0.030364 0.045317
11 0.391700 0.315049 0.216867 0.035310
3 0.770243 0.413142 0.101215 0.120846
11 0.770243 0.416918 0.139372 0.077039
1 0.881579 0.413142 0.030364 0.045317
11 0.910931 0.433629 0.104139 0.035310
4 0.653846 0.356495 0.040486 0.060423
3 0.543522 0.356495 0.101215 0.120846
11 0.543522 0.360272 0.110093 0.077039
1 0.770243 0.190332 0.030364 0.045317
4 0.770243 0.292296 0.040486 0.060423
2 0.956478 0.413142 0.028340 0.042296
1 0.653846 0.190332 0.030364 0.045317
11 0.653846 0.227436 0.144936 0.035310
0 0.107287 0.682779 0.030364 0.045317
11 0.107287 0.731307 0.084814 0.070619
3 0.213563 0.682779 0.101215 0.120846
11 0.213563 0.686556 0.125318 0.077039
4 0.466599 0.682779 0.040486 0.060423
11 0.480769 0.640861 0.167481 0.038520
3 0.355263 0.682779 0.101215 0.120846
11 0.355263 0.686556 0.139372 0.077039
1 0.582996 0.682779 0.030364 0.045317
11 0.582996 0.719883 0.187880 0.035310
1 0.466599 0.833837 0.030364 0.045317
3 0.582996 0.833837 0.101215 0.120846
11 0.582996 0.834215 0.125318 0.038520
1 0.684211 0.833837 0.030364 0.045317
11 0.684211 0.870940 0.187880 0.035310
4 0.684211 0.682779 0.040486 0.060423
2 0.788462 0.682779 0.028340 0.042296
13 0.097166 0.216767 0.010121 0.240181
13 0.135121 0.356495 0.049595 0.015106
13 0.292004 0.356495 0.069838 0.015106
13 0.223684 0.519637 0.236842 0.287009
13 0.142713 0.682779 0.044534 0.015106
13 0.284413 0.682779 0.044534 0.015106
13 0.426113 0.683258 0.044534 0.015106
13 0.527328 0.683142 0.085020 0.015106
11 0.499870 0.665584 0.022349 0.038660
13 0.393219 0.356495 0.079960 0.015106
13 0.514676 0.519637 0.140688 0.287009
13 0.477226 0.356495 0.035425 0.015106
13 0.613866 0.356975 0.043523 0.015106
13 0.466841 0.762085 0.010121 0.104230
11 0.452462 0.639074 0.024958 0.421153
13 0.507085 0.833837 0.054656 0.015106
13 0.456478 0.595166 0.024291 0.438066
13 0.651316 0.833837 0.039474 0.015106
13 0.631073 0.683136 0.069838 0.015106
13 0.684452 0.762085 0.010121 0.104230
13 0.739373 0.683137 0.073887 0.015106
13 0.843623 0.413142 0.049595 0.015106
13 0.770475 0.237538 0.010121 0.055136
13 0.712045 0.332265 0.079960 0.056014
11 0.726705 0.373258 0.138201 0.038520
13 0.770561 0.337613 0.010121 0.036254
13 0.734818 0.523414 0.074899 0.626888
13 0.919534 0.413142 0.049595 0.015106
13 0.654087 0.269637 0.010121 0.119335
13 0.712045 0.190332 0.090081 0.015106
13 0.653846 0.133686 0.010121 0.074018
13 0.876012 0.245091 0.010121 0.296828
