8 0.252500 0.025000 0.465000 0.020000
8 0.252500 0.093667 0.465000 0.087333
8 0.252500 0.190000 0.465000 0.083333
0 0.045000 0.091333 0.010000 0.010000
3 0.082333 0.091333 0.033333 0.026667
1 0.340000 0.078333 0.010000 0.010000
3 0.396167 0.078333 0.033333 0.026667
1 0.230667 0.120000 0.010000 0.010000
3 0.267333 0.120000 0.033333 0.026667
1 0.340000 0.120000 0.010000 0.010000
2 0.432500 0.078333 0.009333 0.009333
3 0.396167 0.120000 0.033333 0.026667
2 0.432500 0.120000 0.009333 0.009333
0 0.045000 0.190000 0.010000 0.010000
3 0.082333 0.190000 0.033333 0.026667
3 0.130667 0.190000 0.033333 0.026667
4 0.169000 0.190000 0.013333 0.013333
3 0.207333 0.168333 0.033333 0.026667
3 0.207333 0.210000 0.033333 0.026667
3 0.255667 0.210000 0.033333 0.026667
3 0.304000 0.210000 0.033333 0.026667
3 0.352333 0.210000 0.033333 0.026667
2 0.450167 0.210000 0.009333 0.009333
4 0.390667 0.210000 0.013333 0.013333
