8 0.499407 0.094453 0.985765 0.170915
11 0.019573 0.108332 0.028470 0.157293
8 0.499110 0.355322 0.985172 0.287856
11 0.019573 0.388068 0.028470 0.371113
8 0.499110 0.764618 0.985172 0.452774
11 0.019573 0.799531 0.028470 0.395690
0 0.077699 0.094453 0.035587 0.044978
11 0.077699 0.131278 0.045297 0.035045
3 0.190391 0.094453 0.118624 0.119940
11 0.190391 0.098201 0.135892 0.076462
3 0.610913 0.094453 0.118624 0.119940
11 0.610913 0.098201 0.129029 0.076462
2 0.824437 0.094453 0.033215 0.041979
11 0.824437 0.129779 0.044039 0.035045
1 0.385528 0.094453 0.035587 0.044978
11 0.385528 0.142616 0.118277 0.070090
3 0.385528 0.355322 0.118624 0.119940
11 0.385528 0.359070 0.101576 0.076462
2 0.824437 0.355322 0.033215 0.041979
11 0.824437 0.390648 0.044039 0.035045
0 0.190391 0.355322 0.035587 0.044978
11 0.190391 0.403486 0.071721 0.070090
3 0.131079 0.902549 0.118624 0.119940
11 0.131079 0.909670 0.097458 0.114693
4 0.385528 0.902549 0.047450 0.059970
11 0.425894 0.955397 0.083732 0.114693
3 0.610913 0.745127 0.118624 0.119940
11 0.610913 0.752249 0.097458 0.114693
2 0.949585 0.745127 0.033215 0.041979
11 0.949585 0.780453 0.044039 0.035045
0 0.131079 0.582459 0.035587 0.044978
11 0.131079 0.630622 0.071721 0.070090
3 0.385528 0.745127 0.118624 0.119940
11 0.385528 0.748876 0.124911 0.076462
3 0.835706 0.745127 0.118624 0.119940
11 0.835706 0.748876 0.083732 0.076462
13 0.113286 0.094453 0.040332 0.014993
13 0.739027 0.094453 0.142349 0.014993
13 0.276097 0.902975 0.176157 0.014993
13 0.190391 0.243628 0.011862 0.184408
13 0.131079 0.723763 0.011862 0.243628
13 0.267200 0.355322 0.122776 0.014993
13 0.626335 0.355322 0.367734 0.014993
13 0.308719 0.094453 0.122776 0.014993
13 0.477461 0.094453 0.153025 0.014993
13 0.385528 0.206147 0.011862 0.184408
13 0.385528 0.838831 0.011862 0.073463
11 0.368921 0.850838 0.028470 0.071273
13 0.498221 0.745127 0.111507 0.014993
13 0.723310 0.745127 0.110913 0.014993
13 0.629004 0.550225 0.418149 0.275862
13 0.385528 0.550225 0.011862 0.275862
13 0.913998 0.745127 0.042705 0.014993
13 0.252372 0.498876 0.211744 0.173163
13 0.626898 0.853823 0.440036 0.103448
11 0.424126 0.884933 0.026131 0.038231
