8 0.493997 0.047872 0.977702 0.079787
8 0.499571 0.357713 0.988851 0.332447
8 0.500429 0.809840 0.988851 0.364362
0 0.069468 0.357713 0.025729 0.039894
3 0.163808 0.357713 0.085763 0.106383
4 0.262436 0.357713 0.034305 0.053191
3 0.361921 0.261968 0.085763 0.106383
3 0.361063 0.450798 0.085763 0.106383
1 0.485420 0.450798 0.025729 0.039894
3 0.579760 0.450798 0.085763 0.106383
4 0.729846 0.357713 0.034305 0.053191
2 0.797599 0.357713 0.024014 0.037234
0 0.069468 0.809840 0.025729 0.039894
3 0.163808 0.809840 0.085763 0.106383
4 0.262436 0.809840 0.034305 0.053191
3 0.361063 0.716755 0.085763 0.106383
3 0.361063 0.902926 0.085763 0.106383
4 0.763293 0.816489 0.034305 0.053191
2 0.831046 0.816489 0.024014 0.037234
3 0.485420 0.902926 0.085763 0.106383
3 0.611492 0.902926 0.085763 0.106383
13 0.069468 0.212766 0.008576 0.255319
13 0.101630 0.357713 0.042024 0.013298
13 0.105918 0.600399 0.076329 0.384309
13 0.101630 0.809840 0.042024 0.013298
13 0.225986 0.810258 0.042024 0.013298
13 0.290523 0.869681 0.058748 0.071809
13 0.799743 0.816799 0.042024 0.013298
13 0.290523 0.750000 0.058748 0.071809
13 0.251715 0.537234 0.179245 0.257979
13 0.273156 0.630319 0.179245 0.444149
13 0.423242 0.902926 0.042024 0.013298
13 0.225986 0.358130 0.042024 0.013298
13 0.290523 0.417553 0.058748 0.071809
13 0.290952 0.296543 0.059605 0.074468
13 0.361921 0.148271 0.008576 0.126330
13 0.416810 0.250665 0.029160 0.331117
13 0.438250 0.450798 0.072041 0.013298
13 0.548456 0.902926 0.043739 0.013298
13 0.548456 0.660239 0.129503 0.384309
13 0.583834 0.753324 0.363208 0.078457
13 0.709048 0.873005 0.112779 0.065160
13 0.517581 0.450798 0.042024 0.013298
13 0.567539 0.296543 0.328902 0.074468
13 0.766295 0.358022 0.042024 0.013298
13 0.676458 0.417553 0.111063 0.071809
13 0.579760 0.242686 0.008576 0.315160
11 0.493997 0.047340 0.104980 0.018617
11 0.017667 0.357713 0.012007 0.150333
11 0.069730 0.388165 0.063987 0.015957
11 0.163808 0.357181 0.070080 0.037766
11 0.330825 0.363697 0.049300 0.033511
11 0.361921 0.261436 0.072944 0.037766
11 0.362356 0.450266 0.061227 0.037766
11 0.485708 0.481250 0.076048 0.015957
11 0.579760 0.450266 0.072944 0.037766
11 0.250771 0.352261 0.017836 0.015957
11 0.251099 0.315027 0.008201 0.015957
11 0.018525 0.809840 0.012007 0.171605
11 0.069730 0.840293 0.063987 0.015957
11 0.165099 0.809309 0.070942 0.037766
11 0.330825 0.815824 0.049300 0.033511
11 0.361063 0.716223 0.072944 0.037766
11 0.362356 0.902394 0.061227 0.037766
11 0.485420 0.902394 0.068361 0.018617
11 0.611492 0.902394 0.072944 0.037766
11 0.250771 0.804388 0.017836 0.015957
11 0.251099 0.767154 0.008201 0.015957
