8 0.187500 0.050000 0.335000 0.020000
8 0.187500 0.111667 0.335000 0.083333
8 0.187500 0.205348 0.335000 0.090697
0 0.045000 0.111667 0.010000 0.010000
3 0.081667 0.111667 0.033333 0.026667
1 0.118333 0.135000 0.010000 0.010000
3 0.155000 0.135000 0.033333 0.026667
1 0.200000 0.111667 0.010000 0.010000
3 0.236667 0.111667 0.033333 0.026667
1 0.265000 0.111667 0.010000 0.010000
3 0.301667 0.111667 0.033333 0.026667
2 0.339667 0.111667 0.009333 0.009333
2 0.191333 0.135000 0.009333 0.009333
0 0.081667 0.212367 0.010000 0.010000
3 0.118333 0.178333 0.033333 0.026667
4 0.118333 0.212367 0.013333 0.013333
3 0.265000 0.225700 0.033333 0.026667
3 0.200000 0.225700 0.033333 0.026667
2 0.301667 0.225700 0.009333 0.009333
