8 0.499820 0.345794 0.990671 0.432243
11 0.012706 0.371310 0.017937 0.289173
8 0.499820 0.042056 0.990671 0.070093
11 0.499820 0.042932 0.240711 0.049650
8 0.499820 0.803198 0.990671 0.379673
11 0.012706 0.830403 0.017937 0.308324
0 0.075486 0.345794 0.022422 0.035047
11 0.075486 0.392158 0.050737 0.081922
3 0.157698 0.345794 0.074738 0.093458
11 0.157698 0.348715 0.097726 0.059579
1 0.463929 0.345794 0.022422 0.035047
11 0.463929 0.383324 0.074520 0.054614
3 0.463929 0.211449 0.074738 0.093458
11 0.463929 0.214369 0.081294 0.059579
1 0.601530 0.481308 0.022422 0.035047
11 0.601530 0.510003 0.200569 0.027307
1 0.715613 0.345794 0.022422 0.035047
11 0.715613 0.383324 0.084825 0.054614
3 0.797078 0.345794 0.074738 0.093458
11 0.797078 0.348715 0.081294 0.059579
2 0.920488 0.211449 0.020927 0.032710
3 0.601530 0.345794 0.074738 0.093458
11 0.601530 0.348715 0.078700 0.059579
4 0.861445 0.211449 0.029895 0.046729
0 0.157698 0.759390 0.022422 0.035047
11 0.157698 0.805753 0.045187 0.081922
3 0.355558 0.759390 0.074738 0.093458
11 0.355558 0.762310 0.092537 0.059579
4 0.219184 0.759390 0.029895 0.046729
11 0.254130 0.790932 0.081294 0.059579
3 0.715613 0.876212 0.074738 0.093458
11 0.715613 0.879133 0.092537 0.059579
3 0.463929 0.759390 0.074738 0.093458
11 0.463929 0.762310 0.092537 0.059579
3 0.589771 0.876212 0.074738 0.093458
11 0.589771 0.879133 0.078700 0.059579
2 0.920488 0.876212 0.020927 0.032710
4 0.861445 0.876212 0.029895 0.046729
13 0.075486 0.202687 0.007474 0.255841
13 0.103513 0.345794 0.036622 0.011682
13 0.186573 0.759662 0.038317 0.011682
13 0.157698 0.567195 0.007474 0.354016
13 0.463929 0.120911 0.007474 0.092290
13 0.276160 0.759731 0.087047 0.011682
11 0.244080 0.746148 0.017065 0.029863
13 0.385980 0.829483 0.335833 0.098131
11 0.209094 0.764959 0.017937 0.057452
13 0.244845 0.346129 0.102545 0.011682
13 0.409743 0.759390 0.036622 0.011682
13 0.463929 0.537989 0.007474 0.354016
13 0.652692 0.876212 0.054093 0.011682
13 0.601530 0.664157 0.007474 0.335324
13 0.388618 0.346080 0.131190 0.011682
13 0.715613 0.596400 0.007474 0.470838
13 0.797078 0.188084 0.007474 0.226636
13 0.743266 0.345794 0.035874 0.011682
13 0.601530 0.428154 0.007474 0.075935
13 0.601530 0.188084 0.007474 0.226636
13 0.671651 0.345794 0.068492 0.011682
13 0.799740 0.876548 0.096504 0.011682
13 0.450132 0.425234 0.283365 0.116822
13 0.673897 0.211757 0.348188 0.011682
13 0.463929 0.293224 0.007474 0.074766
13 0.893208 0.211720 0.036622 0.011682
13 0.848133 0.290304 0.030361 0.115654
13 0.893208 0.876484 0.036622 0.011682
13 0.681558 0.806119 0.363510 0.098131
