8 0.500000 0.352000 0.985680 0.408000
8 0.500000 0.048000 0.985680 0.080000
8 0.500000 0.788000 0.985680 0.408000
0 0.096659 0.352000 0.035800 0.040000
3 0.227924 0.352000 0.119332 0.106667
1 0.610740 0.436933 0.035800 0.040000
3 0.804117 0.436933 0.119332 0.106667
1 0.610740 0.352000 0.035800 0.040000
3 0.460621 0.248000 0.119332 0.106667
2 0.900955 0.248000 0.033413 0.037333
4 0.365155 0.436933 0.047733 0.053333
0 0.096659 0.911800 0.035800 0.040000
3 0.227924 0.911800 0.119332 0.106667
3 0.870537 0.654667 0.119332 0.106667
4 0.365155 0.821667 0.047733 0.053333
3 0.365155 0.654667 0.119332 0.106667
3 0.610740 0.654667 0.119332 0.106667
4 0.746659 0.821667 0.047733 0.053333
2 0.870537 0.821667 0.033413 0.037333
12 0.141408 0.911800 0.058473 0.013333
12 0.487947 0.654667 0.131026 0.013333
12 0.326671 0.880067 0.082936 0.068800
12 0.555907 0.822333 0.338544 0.013333
12 0.141408 0.352000 0.058473 0.013333
12 0.162291 0.648567 0.136038 0.491800
12 0.686545 0.436933 0.120585 0.013333
12 0.804117 0.235800 0.011933 0.300933
12 0.538663 0.437255 0.113126 0.013333
12 0.527029 0.381133 0.136396 0.063600
12 0.565513 0.290000 0.095227 0.089333
12 0.460621 0.141333 0.011933 0.112000
12 0.882369 0.351800 0.041945 0.175600
12 0.412888 0.437600 0.052506 0.013333
12 0.870537 0.755500 0.011933 0.100333
12 0.708831 0.724833 0.081623 0.145667
12 0.365500 0.751500 0.011933 0.092333
12 0.791667 0.739474 0.043181 0.174948
12 0.740638 0.529133 0.264570 0.149733
12 0.485352 0.486667 0.242507 0.234667
12 0.096659 0.210000 0.011933 0.249333
12 0.326671 0.381133 0.082936 0.063600
12 0.383353 0.329133 0.039976 0.167600
