8 0.497843 0.364035 0.982740 0.365497
8 0.501079 0.808480 0.982740 0.365497
8 0.501618 0.066520 0.982740 0.115497
0 0.074434 0.271930 0.032362 0.043860
3 0.193096 0.271930 0.107875 0.116959
1 0.498382 0.271930 0.032362 0.043860
4 0.576052 0.271930 0.043150 0.058480
1 0.851133 0.381579 0.032362 0.043860
2 0.930960 0.381579 0.030205 0.040936
2 0.724714 0.271930 0.030205 0.040936
0 0.106796 0.732456 0.032362 0.043860
3 0.225458 0.732456 0.107875 0.116959
4 0.349515 0.732456 0.043150 0.058480
2 0.498382 0.732456 0.030205 0.040936
1 0.576052 0.820175 0.032362 0.043860
3 0.694714 0.820175 0.107875 0.116959
2 0.850054 0.820175 0.030205 0.040936
13 0.114887 0.271930 0.052859 0.014620
13 0.147249 0.732456 0.052859 0.014620
13 0.142395 0.520468 0.075512 0.385965
13 0.303668 0.732915 0.052859 0.014620
13 0.074434 0.187135 0.010787 0.131579
13 0.364617 0.271930 0.239482 0.014620
13 0.498382 0.502924 0.010787 0.423977
13 0.427184 0.731725 0.116505 0.014620
13 0.454693 0.790936 0.214671 0.064327
13 0.537839 0.548477 0.082456 0.505385
13 0.532902 0.271199 0.047465 0.014620
13 0.355534 0.722610 0.015275 0.027003
13 0.616505 0.820175 0.052859 0.014620
13 0.791802 0.819823 0.090615 0.014620
13 0.850054 0.601608 0.010787 0.402047
13 0.891586 0.381168 0.052859 0.014620
13 0.930960 0.242690 0.010787 0.242690
13 0.706041 0.343567 0.262136 0.090643
13 0.653619 0.271930 0.116300 0.014620
13 0.726841 0.187865 0.010787 0.133041
11 0.022222 0.364035 0.015102 0.167740
11 0.193096 0.271345 0.088148 0.041520
11 0.630402 0.296637 0.078496 0.017544
11 0.562365 0.263012 0.024407 0.017544
11 0.611448 0.251316 0.012540 0.017544
11 0.025458 0.808480 0.015102 0.181378
11 0.225458 0.731871 0.090297 0.041520
11 0.436379 0.766813 0.083114 0.036842
11 0.694714 0.819591 0.090297 0.041520
11 0.384911 0.711842 0.012540 0.017544
11 0.334749 0.723538 0.024407 0.017544
11 0.502157 0.065936 0.177741 0.020468
