8 0.499022 0.047182 0.990222 0.078637
8 0.500000 0.332241 0.992177 0.373526
8 0.500000 0.785059 0.992177 0.414155
3 0.137549 0.322412 0.065189 0.104849
3 0.232073 0.322412 0.065189 0.104849
1 0.786180 0.322412 0.019557 0.039318
0 0.065841 0.322412 0.019557 0.039318
3 0.883963 0.322412 0.065189 0.104849
1 0.479791 0.427261 0.019557 0.039318
3 0.551499 0.427261 0.065189 0.104849
1 0.691656 0.427261 0.019557 0.039318
2 0.955020 0.322412 0.018253 0.036697
0 0.232073 0.828309 0.019557 0.039318
3 0.303781 0.828309 0.065189 0.104849
3 0.786180 0.828309 0.065189 0.104849
3 0.499348 0.636959 0.065189 0.104849
3 0.597132 0.636959 0.065189 0.104849
3 0.691656 0.636959 0.065189 0.104849
2 0.951760 0.732634 0.018253 0.036697
4 0.393416 0.828309 0.026076 0.052425
4 0.904824 0.732634 0.026076 0.052425
13 0.232073 0.591743 0.006519 0.439056
13 0.184811 0.322412 0.031943 0.013106
13 0.256519 0.828309 0.031943 0.013106
13 0.065841 0.194626 0.006519 0.221494
13 0.090287 0.322412 0.031943 0.013106
13 0.823664 0.322412 0.058018 0.013106
13 0.883963 0.178244 0.006519 0.188729
13 0.575945 0.322737 0.403520 0.013106
13 0.479791 0.515727 0.006519 0.142857
13 0.416395 0.387942 0.109844 0.083879
13 0.548240 0.636959 0.035202 0.013106
13 0.644394 0.636959 0.031943 0.013106
13 0.504237 0.427261 0.031943 0.013106
13 0.551499 0.230668 0.006519 0.293578
13 0.691656 0.515727 0.006519 0.142857
13 0.786180 0.558978 0.006519 0.439056
13 0.792699 0.401048 0.185137 0.057667
13 0.931226 0.322412 0.031943 0.013106
13 0.580020 0.828654 0.349739 0.013106
13 0.430248 0.719528 0.075619 0.170380
13 0.358377 0.828707 0.046610 0.013106
13 0.861962 0.793578 0.088983 0.074705
13 0.814700 0.671691 0.183507 0.074705
13 0.930248 0.732937 0.027379 0.013106
13 0.307040 0.322412 0.087353 0.013106
13 0.632986 0.427261 0.100391 0.013106
11 0.499022 0.046658 0.031522 0.018349
11 0.013429 0.332241 0.009126 0.148166
11 0.138639 0.321887 0.057397 0.037221
11 0.232073 0.321887 0.031095 0.037221
11 0.786312 0.352425 0.048505 0.015727
11 0.065642 0.352425 0.050450 0.015727
11 0.885048 0.321887 0.056093 0.037221
11 0.480586 0.465924 0.043310 0.033028
11 0.551499 0.426737 0.055449 0.037221
11 0.691788 0.457274 0.048505 0.015727
11 0.954766 0.351114 0.051644 0.015727
11 0.013429 0.785059 0.009126 0.162598
11 0.232001 0.858322 0.057222 0.015727
11 0.304866 0.827785 0.047252 0.037221
11 0.786180 0.827785 0.053275 0.018349
11 0.500330 0.636435 0.046539 0.037221
11 0.597132 0.636435 0.030209 0.037221
11 0.691656 0.636435 0.053275 0.018349
11 0.951453 0.761337 0.052842 0.015727
11 0.429127 0.850459 0.053822 0.015727
11 0.415743 0.809830 0.008801 0.015727
11 0.384725 0.765269 0.017169 0.015727
11 0.056954 0.144037 0.052630 0.015727
11 0.874526 0.132241 0.050226 0.015727
