8 0.500000 0.314232 0.980392 0.356423
8 0.500000 0.764484 0.980392 0.455919
8 0.500000 0.045340 0.980392 0.075567
0 0.107843 0.272040 0.049020 0.037783
2 0.500000 0.176322 0.045752 0.035264
3 0.287582 0.272040 0.163399 0.100756
1 0.720588 0.372796 0.049020 0.037783
1 0.500000 0.234257 0.049020 0.037783
1 0.825163 0.372796 0.049020 0.037783
2 0.924837 0.372796 0.045752 0.035264
2 0.573529 0.176322 0.045752 0.035264
1 0.361111 0.460957 0.049020 0.037783
3 0.287582 0.624685 0.163399 0.100756
4 0.480392 0.624685 0.065359 0.050378
0 0.107843 0.624685 0.049020 0.037783
2 0.620915 0.624685 0.045752 0.035264
3 0.480392 0.756927 0.163399 0.100756
2 0.658497 0.756927 0.045752 0.035264
3 0.483660 0.887909 0.163399 0.100756
2 0.661765 0.887909 0.045752 0.035264
12 0.107843 0.168136 0.016340 0.175063
12 0.408497 0.625078 0.084967 0.012594
12 0.169118 0.272040 0.080065 0.012594
12 0.169118 0.624685 0.080065 0.012594
12 0.555556 0.624980 0.091503 0.012594
12 0.480881 0.678212 0.016340 0.061713
12 0.598856 0.756927 0.080065 0.012594
12 0.177288 0.464106 0.145425 0.288413
12 0.308007 0.347922 0.047386 0.056045
12 0.482026 0.822418 0.016340 0.035264
12 0.602124 0.887909 0.080065 0.012594
12 0.754902 0.639798 0.147059 0.501259
12 0.875817 0.372796 0.058824 0.012594
12 0.924837 0.219144 0.016340 0.277078
12 0.573529 0.120907 0.016340 0.080605
12 0.772876 0.372796 0.062092 0.012594
12 0.544935 0.373104 0.308824 0.012594
12 0.503268 0.534005 0.241830 0.151134
12 0.361493 0.420025 0.016340 0.049118
12 0.434400 0.300378 0.100250 0.099496
12 0.500000 0.204660 0.016340 0.026448
12 0.700980 0.576442 0.045752 0.374547
12 0.500000 0.120907 0.016340 0.080605
12 0.659314 0.265113 0.132353 0.182620
