8 0.500036 0.361930 0.990487 0.372595
8 0.500036 0.816258 0.990487 0.347706
8 0.506026 0.056962 0.978506 0.094937
0 0.076677 0.294304 0.023962 0.047468
3 0.164537 0.294304 0.079872 0.126582
1 0.771046 0.294304 0.023962 0.047468
3 0.883027 0.294304 0.079872 0.126582
2 0.970088 0.294304 0.022364 0.044304
1 0.488019 0.393987 0.023962 0.047468
3 0.575879 0.393987 0.079872 0.126582
4 0.703674 0.294304 0.031949 0.063291
3 0.282628 0.879747 0.079872 0.126582
3 0.771565 0.879747 0.079872 0.126582
0 0.161637 0.880665 0.023962 0.047468
4 0.374481 0.879747 0.031949 0.063291
3 0.488019 0.721519 0.079872 0.126582
3 0.603834 0.721519 0.079872 0.126582
4 0.679713 0.879930 0.031949 0.063291
2 0.858626 0.879747 0.022364 0.044304
13 0.106629 0.294304 0.039137 0.015823
13 0.161637 0.607263 0.007987 0.505665
13 0.527097 0.880629 0.276478 0.015823
13 0.771046 0.567247 0.007987 0.504747
13 0.813059 0.294304 0.063259 0.015823
13 0.883027 0.167722 0.007987 0.132911
13 0.340535 0.880243 0.039137 0.015823
13 0.208155 0.880312 0.072268 0.015823
13 0.545927 0.721519 0.039137 0.015823
13 0.713658 0.880364 0.039137 0.015823
13 0.661941 0.784902 0.039537 0.133095
13 0.829473 0.879747 0.039137 0.015823
13 0.940934 0.294304 0.039137 0.015823
13 0.410942 0.784810 0.077476 0.132911
13 0.281490 0.294744 0.157228 0.015823
13 0.488019 0.537975 0.007987 0.246835
13 0.425459 0.359968 0.104353 0.074367
13 0.517971 0.393987 0.039137 0.015823
13 0.575879 0.217563 0.007987 0.232595
13 0.539077 0.294700 0.300439 0.015823
13 0.739357 0.294304 0.042612 0.015823
13 0.659944 0.359968 0.091454 0.074367
11 0.016454 0.361551 0.011182 0.170457
11 0.076757 0.340981 0.038498 0.039873
11 0.165740 0.293671 0.067667 0.044937
11 0.770729 0.241297 0.046251 0.039873
11 0.883387 0.293671 0.039165 0.044937
11 0.577082 0.393354 0.057021 0.090506
11 0.016454 0.816456 0.011182 0.119771
11 0.282748 0.879114 0.051413 0.044937
11 0.771565 0.879114 0.060725 0.044937
11 0.161304 0.928006 0.046251 0.039873
11 0.489223 0.720886 0.057021 0.044937
11 0.603834 0.720886 0.051413 0.044937
11 0.430082 0.859019 0.059844 0.018987
11 0.357997 0.774525 0.038679 0.039873
11 0.505990 0.056329 0.100960 0.022152
