8 0.500000 0.356495 0.988201 0.377644
8 0.500000 0.802115 0.988201 0.377644
8 0.494100 0.054381 0.976401 0.090634
0 0.094395 0.356495 0.029499 0.045317
3 0.217306 0.356495 0.098328 0.120846
3 0.497542 0.356495 0.098328 0.120846
1 0.640118 0.356495 0.029499 0.045317
3 0.748279 0.356495 0.098328 0.120846
2 0.855457 0.356495 0.027532 0.042296
0 0.064897 0.802115 0.029499 0.045317
1 0.345133 0.802115 0.029499 0.045317
3 0.217306 0.802115 0.098328 0.120846
3 0.642085 0.802115 0.098328 0.120846
1 0.497542 0.802115 0.029499 0.045317
2 0.785644 0.802115 0.027532 0.042296
13 0.094395 0.216767 0.009833 0.240181
13 0.138643 0.356495 0.062930 0.015106
13 0.123894 0.802115 0.092429 0.015106
13 0.141101 0.598187 0.156342 0.368580
13 0.281219 0.356984 0.033432 0.015106
13 0.391839 0.356936 0.117011 0.015106
13 0.298427 0.802115 0.067847 0.015106
13 0.586037 0.356495 0.082596 0.015106
13 0.640118 0.216767 0.009833 0.240181
13 0.421337 0.802115 0.126844 0.015106
13 0.552606 0.802115 0.084562 0.015106
13 0.497542 0.598187 0.009833 0.368580
13 0.676991 0.356495 0.048181 0.015106
13 0.819567 0.356495 0.048181 0.015106
13 0.855457 0.217523 0.009833 0.241692
13 0.731563 0.802115 0.084562 0.015106
13 0.784661 0.598943 0.009833 0.370091
11 0.020256 0.356495 0.013766 0.115361
11 0.094388 0.391088 0.072748 0.018127
11 0.218791 0.355891 0.083318 0.042900
11 0.335653 0.401662 0.079369 0.018127
11 0.497542 0.355891 0.083287 0.042900
11 0.749507 0.355891 0.050672 0.064653
11 0.020256 0.802115 0.013766 0.114343
11 0.064889 0.836707 0.072748 0.018127
11 0.344858 0.836707 0.078113 0.018127
11 0.217306 0.801511 0.081336 0.042900
11 0.642085 0.801511 0.081655 0.042900
11 0.497107 0.846677 0.085659 0.038066
11 0.494100 0.053776 0.124289 0.021148
