8 0.159333 0.088000 0.298667 0.083333
8 0.159333 0.189000 0.298667 0.088667
8 0.159333 0.021333 0.298667 0.020000
0 0.040000 0.088000 0.010000 0.010000
3 0.076667 0.088000 0.033333 0.026667
2 0.247000 0.088000 0.009333 0.009333
1 0.212333 0.113000 0.010000 0.010000
4 0.224000 0.088000 0.013333 0.013333
1 0.113333 0.088000 0.010000 0.010000
4 0.137333 0.088000 0.013333 0.013333
1 0.177333 0.113000 0.010000 0.010000
0 0.040000 0.190000 0.010000 0.010000
3 0.076667 0.190000 0.033333 0.026667
4 0.115000 0.190000 0.013333 0.013333
2 0.137333 0.175000 0.009333 0.009333
3 0.210667 0.213667 0.033333 0.026667
2 0.247000 0.213667 0.009333 0.009333
1 0.162333 0.213667 0.010000 0.010000
