8 0.500000 0.356495 0.989992 0.377644
8 0.500000 0.802115 0.989992 0.377644
8 0.500834 0.054381 0.988324 0.090634
0 0.080067 0.356495 0.025021 0.045317
3 0.171810 0.356495 0.083403 0.120846
1 0.475396 0.356495 0.025021 0.045317
4 0.542118 0.356495 0.033361 0.060423
3 0.854879 0.267372 0.083403 0.120846
3 0.638032 0.456193 0.083403 0.120846
1 0.729775 0.456193 0.025021 0.045317
4 0.777731 0.267372 0.033361 0.060423
2 0.945788 0.267372 0.023353 0.042296
0 0.171810 0.802115 0.025021 0.045317
3 0.263553 0.802115 0.083403 0.120846
4 0.359466 0.802115 0.033361 0.060423
1 0.426188 0.705438 0.025021 0.045317
1 0.434529 0.888218 0.025021 0.045317
3 0.559633 0.888218 0.083403 0.120846
1 0.668057 0.888218 0.025021 0.045317
4 0.734779 0.888218 0.033361 0.060423
2 0.800667 0.888218 0.023353 0.042296
12 0.080067 0.216767 0.008340 0.240181
12 0.111343 0.356495 0.040867 0.015106
12 0.171810 0.598187 0.008340 0.368580
12 0.203086 0.802115 0.040867 0.015106
12 0.324020 0.802589 0.040867 0.015106
12 0.386781 0.738671 0.057131 0.072508
12 0.390951 0.860272 0.065471 0.061934
12 0.482485 0.888218 0.074229 0.015106
12 0.628440 0.888218 0.057548 0.015106
12 0.699333 0.888569 0.040867 0.015106
12 0.770225 0.888569 0.040867 0.015106
12 0.586947 0.781722 0.299833 0.158610
12 0.338198 0.356495 0.252711 0.015106
12 0.506672 0.356847 0.040867 0.015106
12 0.638032 0.247734 0.008340 0.302115
12 0.569433 0.421450 0.057131 0.075529
12 0.698499 0.456193 0.040867 0.015106
12 0.760217 0.376888 0.039199 0.164653
12 0.803795 0.267372 0.022102 0.015106
12 0.915346 0.267372 0.040867 0.015106
12 0.651793 0.296828 0.221852 0.064955
12 0.461218 0.626518 0.031693 0.500771
12 0.699072 0.672205 0.065367 0.392749
12 0.854879 0.153323 0.008340 0.113293
12 0.448707 0.528152 0.048374 0.315297
