8 0.230833 0.025167 0.361667 0.010333
8 0.230833 0.069667 0.361667 0.069333
8 0.230833 0.154333 0.361667 0.083333
0 0.080000 0.055000 0.010000 0.010000
3 0.116667 0.055000 0.033333 0.026667
1 0.181667 0.055000 0.010000 0.010000
1 0.181667 0.081667 0.010000 0.010000
3 0.218333 0.081667 0.033333 0.026667
4 0.278333 0.081667 0.013333 0.013333
3 0.326667 0.081667 0.033333 0.026667
2 0.397000 0.081667 0.009333 0.009333
1 0.254994 0.081755 0.010000 0.010000
0 0.116667 0.160000 0.010000 0.010000
3 0.153333 0.160000 0.033333 0.026667
4 0.191667 0.160000 0.013333 0.013333
3 0.230000 0.173333 0.033333 0.026667
3 0.278333 0.131667 0.033333 0.026667
3 0.278333 0.173333 0.033333 0.026667
3 0.326667 0.173333 0.033333 0.026667
3 0.326667 0.131667 0.033333 0.026667
4 0.365000 0.154333 0.013333 0.013333
2 0.397000 0.154333 0.009333 0.009333
