8 0.158667 0.034000 0.277000 0.038000
8 0.158583 0.092000 0.276833 0.064000
8 0.158583 0.183000 0.276833 0.100667
0 0.040167 0.034000 0.010000 0.010000
3 0.071833 0.034000 0.033333 0.026667
3 0.190000 0.034000 0.033333 0.026667
2 0.250000 0.034000 0.009333 0.009333
1 0.126667 0.034000 0.010000 0.010000
3 0.126667 0.092000 0.033333 0.026667
2 0.250000 0.092000 0.009333 0.009333
0 0.071833 0.092000 0.010000 0.010000
3 0.055167 0.213667 0.033333 0.026667
4 0.126667 0.213667 0.013333 0.013333
3 0.190000 0.178667 0.033333 0.026667
2 0.285167 0.178667 0.009333 0.009333
0 0.055167 0.142500 0.010000 0.010000
3 0.126667 0.178667 0.033333 0.026667
3 0.253167 0.178667 0.033333 0.026667
