8 0.500000 0.318919 0.991543 0.337838
8 0.500000 0.773649 0.991543 0.436486
8 0.480268 0.048649 0.952079 0.081081
0 0.088795 0.318919 0.021142 0.040541
3 0.208598 0.318919 0.070472 0.108108
3 0.842847 0.402703 0.070472 0.108108
1 0.511628 0.402703 0.021142 0.040541
1 0.448203 0.220270 0.021142 0.040541
2 0.944327 0.402703 0.019732 0.037838
1 0.691332 0.402703 0.021142 0.040541
4 0.758280 0.402703 0.028189 0.054054
3 0.303735 0.720270 0.070472 0.108108
0 0.194503 0.720270 0.021142 0.040541
4 0.448203 0.720270 0.028189 0.054054
1 0.448203 0.605405 0.021142 0.040541
1 0.511628 0.828378 0.021142 0.040541
3 0.610289 0.828378 0.070472 0.108108
1 0.691332 0.828378 0.021142 0.040541
2 0.859760 0.828378 0.019732 0.037838
12 0.088795 0.193919 0.007047 0.214865
12 0.136364 0.318919 0.076815 0.013514
12 0.842847 0.218919 0.007047 0.264865
12 0.194503 0.536486 0.007047 0.332432
12 0.236786 0.720270 0.066244 0.013514
12 0.386540 0.720657 0.097956 0.013514
12 0.906272 0.402703 0.059197 0.013514
12 0.548626 0.828378 0.055673 0.013514
12 0.303735 0.318919 0.122622 0.013514
12 0.448203 0.412838 0.007047 0.350000
12 0.663143 0.828378 0.038055 0.013514
12 0.608703 0.297973 0.302678 0.160811
12 0.511628 0.615541 0.007047 0.390541
12 0.775899 0.828378 0.150810 0.013514
12 0.691332 0.615541 0.007047 0.390541
12 0.789993 0.403127 0.038055 0.013514
12 0.723044 0.403021 0.045102 0.013514
12 0.439394 0.374324 0.126145 0.062162
12 0.601480 0.402703 0.161381 0.013514
12 0.407858 0.256081 0.062368 0.077027
12 0.448368 0.659459 0.007047 0.072973
12 0.474806 0.787838 0.055321 0.086486
