8 0.500000 0.071843 0.985384 0.126270
8 0.500000 0.386792 0.985384 0.314949
8 0.509744 0.833817 0.965895 0.314949
0 0.090134 0.387518 0.036541 0.043541
3 0.224117 0.387518 0.121803 0.116110
3 0.382460 0.387518 0.121803 0.116110
1 0.583435 0.387518 0.036541 0.043541
3 0.699147 0.387518 0.121803 0.116110
2 0.947625 0.387518 0.034105 0.040639
4 0.500609 0.387518 0.048721 0.058055
4 0.839220 0.387518 0.048721 0.058055
0 0.109622 0.844702 0.036541 0.043541
3 0.243605 0.844702 0.121803 0.116110
3 0.535932 0.844702 0.121803 0.116110
3 0.712546 0.844702 0.121803 0.116110
4 0.383678 0.844702 0.048721 0.058055
4 0.852619 0.844702 0.048721 0.058055
2 0.948843 0.844702 0.034105 0.040639
13 0.135810 0.387518 0.059683 0.014514
13 0.151644 0.634253 0.088916 0.383164
13 0.155298 0.844702 0.059683 0.014514
13 0.303289 0.387518 0.041413 0.014514
13 0.382460 0.232221 0.012180 0.200290
13 0.580999 0.597968 0.012180 0.383164
13 0.624239 0.844702 0.059683 0.014514
13 0.233861 0.616110 0.012180 0.346880
13 0.619976 0.387518 0.041413 0.014514
13 0.705847 0.616110 0.012180 0.346880
13 0.699147 0.232221 0.012180 0.200290
13 0.331912 0.845158 0.059683 0.014514
13 0.441535 0.845154 0.071864 0.014514
13 0.617844 0.896226 0.475639 0.050798
13 0.459805 0.387991 0.037759 0.014514
13 0.897077 0.387858 0.071864 0.014514
13 0.787454 0.387974 0.059683 0.014514
13 0.800853 0.845158 0.059683 0.014514
13 0.904385 0.845040 0.059683 0.014514
13 0.545067 0.387857 0.045067 0.014514
13 0.671819 0.449202 0.344855 0.071118
13 0.084843 0.250363 0.012180 0.236575
11 0.025091 0.069661 0.034592 0.113276
11 0.025091 0.386792 0.017052 0.166523
11 0.104474 0.419303 0.087146 0.017417
11 0.224117 0.386938 0.099528 0.041219
11 0.382460 0.386938 0.098724 0.062119
11 0.699147 0.386938 0.098724 0.062119
11 0.924450 0.420755 0.104685 0.017417
11 0.502027 0.338026 0.058865 0.017417
11 0.540537 0.367054 0.011647 0.017417
11 0.526673 0.461393 0.025331 0.017417
11 0.044580 0.833817 0.017052 0.180062
11 0.125828 0.877939 0.090876 0.017417
11 0.243605 0.844122 0.078403 0.062119
11 0.537767 0.844122 0.086956 0.041219
11 0.712546 0.844122 0.101553 0.041219
11 0.384592 0.795210 0.084653 0.017417
11 0.931217 0.877939 0.098732 0.017417
11 0.423607 0.824238 0.011647 0.017417
11 0.407306 0.898258 0.025331 0.017417
11 0.297194 0.603048 0.097433 0.036575
