8 0.256833 0.055000 0.303667 0.020000
8 0.265833 0.126333 0.321667 0.083333
8 0.265833 0.231667 0.321667 0.083333
0 0.135000 0.131667 0.010000 0.010000
3 0.171667 0.131667 0.033333 0.026667
3 0.273333 0.105000 0.033333 0.026667
4 0.336667 0.131667 0.013333 0.013333
3 0.375000 0.131667 0.033333 0.026667
2 0.411333 0.131667 0.009333 0.009333
1 0.236667 0.105000 0.010000 0.010000
1 0.273333 0.150000 0.010000 0.010000
1 0.310000 0.105000 0.010000 0.010000
0 0.135000 0.231667 0.010000 0.010000
3 0.171667 0.231667 0.033333 0.026667
4 0.210000 0.231667 0.013333 0.013333
3 0.248333 0.248333 0.033333 0.026667
3 0.266000 0.208333 0.033333 0.026667
3 0.296667 0.248333 0.033333 0.026667
3 0.345000 0.248333 0.033333 0.026667
4 0.383333 0.231667 0.013333 0.013333
2 0.409667 0.231667 0.009333 0.009333
