8 0.500000 0.055215 0.988571 0.092025
8 0.500000 0.354294 0.988571 0.383436
8 0.500000 0.799080 0.988571 0.383436
3 0.189524 0.354294 0.112381 0.122699
0 0.076190 0.354294 0.028571 0.046012
1 0.419048 0.231595 0.028571 0.046012
1 0.500000 0.469325 0.028571 0.046012
1 0.476190 0.231595 0.028571 0.046012
1 0.561905 0.469325 0.028571 0.046012
1 0.719048 0.469325 0.028571 0.046012
2 0.918095 0.354294 0.026667 0.042945
1 0.780952 0.469325 0.028571 0.046012
4 0.323810 0.354294 0.038095 0.061350
4 0.823810 0.354294 0.038095 0.061350
0 0.076190 0.799080 0.028571 0.046012
3 0.180952 0.799080 0.095238 0.122699
4 0.323810 0.799080 0.038095 0.061350
3 0.419048 0.688650 0.095238 0.122699
3 0.500000 0.906442 0.095238 0.122699
3 0.661905 0.906442 0.095238 0.122699
3 0.823810 0.906442 0.095238 0.122699
4 0.823810 0.688650 0.038095 0.061350
2 0.918095 0.688650 0.026667 0.042945
12 0.111905 0.354294 0.046667 0.015337
12 0.076190 0.216258 0.009524 0.236196
12 0.131985 0.595859 0.115399 0.366564
12 0.111905 0.799080 0.046667 0.015337
12 0.266667 0.799538 0.080000 0.015337
12 0.388333 0.868098 0.131905 0.082822
12 0.348571 0.728528 0.049524 0.085890
12 0.275238 0.354782 0.062857 0.015337
12 0.447619 0.231595 0.032381 0.015337
12 0.476190 0.154908 0.009524 0.113497
12 0.580952 0.906442 0.070476 0.015337
12 0.742857 0.906442 0.070476 0.015337
12 0.530952 0.469325 0.037143 0.015337
12 0.640476 0.469325 0.132381 0.015337
12 0.750000 0.469325 0.037143 0.015337
12 0.780952 0.273773 0.009524 0.351227
12 0.635714 0.689060 0.341905 0.015337
12 0.824082 0.782209 0.009524 0.131902
12 0.873810 0.689012 0.065714 0.015337
12 0.404836 0.427147 0.165565 0.090491
12 0.561905 0.273006 0.009524 0.352761
12 0.500000 0.668712 0.009524 0.358896
12 0.419048 0.440951 0.009524 0.378834
12 0.758901 0.668712 0.083516 0.358896
12 0.364524 0.277607 0.084286 0.098160
12 0.657381 0.277607 0.337619 0.098160
12 0.809762 0.427147 0.032857 0.090491
12 0.873810 0.354657 0.065714 0.015337
