8 0.500000 0.359014 0.988626 0.422188
8 0.458294 0.812018 0.905213 0.357473
8 0.483412 0.065485 0.955450 0.112481
0 0.076777 0.240370 0.028436 0.046225
3 0.181043 0.240370 0.094787 0.123267
2 0.928910 0.240370 0.026540 0.043143
1 0.659716 0.371341 0.028436 0.046225
3 0.508057 0.371341 0.094787 0.123267
4 0.719431 0.240370 0.037915 0.061633
3 0.820853 0.240370 0.094787 0.123267
1 0.413270 0.240370 0.028436 0.046225
1 0.346919 0.371341 0.028436 0.046225
0 0.076777 0.733436 0.028436 0.046225
3 0.181043 0.733436 0.094787 0.123267
4 0.290047 0.733436 0.037915 0.061633
3 0.508057 0.856703 0.094787 0.123267
1 0.659716 0.856703 0.028436 0.046225
1 0.346919 0.856703 0.028436 0.046225
4 0.729873 0.733436 0.037915 0.061633
2 0.834123 0.733436 0.026540 0.043143
1 0.413270 0.733436 0.028436 0.046225
13 0.076777 0.169492 0.009479 0.101695
13 0.112322 0.240370 0.046445 0.015408
13 0.117062 0.506163 0.084360 0.414484
13 0.112322 0.733436 0.046445 0.015408
13 0.410900 0.856703 0.103318 0.015408
13 0.703464 0.810478 0.062853 0.098613
13 0.354028 0.733808 0.093839 0.015408
13 0.311611 0.810478 0.045972 0.098613
13 0.569202 0.733815 0.287219 0.015408
13 0.249763 0.733708 0.046445 0.015408
13 0.600474 0.371341 0.093839 0.015408
13 0.891943 0.240370 0.051185 0.015408
13 0.755924 0.240631 0.038863 0.015408
13 0.659716 0.614022 0.009479 0.445300
13 0.696919 0.321263 0.049763 0.106317
13 0.252133 0.240370 0.051185 0.015408
13 0.410900 0.371341 0.103318 0.015408
13 0.313981 0.321263 0.041232 0.106317
13 0.356398 0.241174 0.089100 0.015408
13 0.563981 0.240748 0.276777 0.015408
13 0.413270 0.486903 0.009479 0.453005
13 0.346919 0.614022 0.009479 0.445300
13 0.508057 0.215716 0.009479 0.194145
13 0.820853 0.150231 0.009479 0.063174
13 0.600474 0.856703 0.093839 0.015408
13 0.784842 0.733436 0.075814 0.015408
11 0.019526 0.359014 0.013270 0.176786
11 0.077066 0.285824 0.070720 0.038829
11 0.181043 0.239753 0.077453 0.043760
11 0.929199 0.284284 0.070720 0.038829
11 0.659712 0.321263 0.075822 0.038829
11 0.508057 0.370724 0.070201 0.065948
11 0.820853 0.239753 0.043632 0.065948
11 0.295942 0.179507 0.072453 0.038829
11 0.019526 0.812018 0.013270 0.191159
11 0.077066 0.778891 0.070720 0.038829
11 0.181043 0.732820 0.061013 0.065948
11 0.290336 0.664253 0.070720 0.059168
11 0.508057 0.856086 0.061013 0.065948
11 0.659712 0.891988 0.075822 0.018490
11 0.347611 0.902157 0.086691 0.038829
11 0.834575 0.777350 0.067254 0.038829
11 0.413266 0.778891 0.075822 0.038829
11 0.321120 0.711710 0.009064 0.018490
11 0.277155 0.727119 0.019713 0.018490
11 0.483412 0.064869 0.156176 0.021572
