8 0.500000 0.376112 0.989673 0.317662
8 0.500000 0.059720 0.989673 0.104193
8 0.500000 0.833545 0.989673 0.317662
0 0.069707 0.376112 0.025818 0.038119
3 0.164372 0.376112 0.086059 0.101652
1 0.327883 0.331639 0.025818 0.038119
1 0.392427 0.445997 0.025818 0.038119
3 0.829604 0.331639 0.086059 0.101652
3 0.571429 0.445997 0.086059 0.101652
1 0.709122 0.445997 0.025818 0.038119
4 0.739243 0.331639 0.034423 0.050826
2 0.933735 0.331639 0.024096 0.035578
0 0.069707 0.833545 0.025818 0.038119
3 0.164372 0.833545 0.086059 0.101652
3 0.280551 0.833545 0.086059 0.101652
4 0.383821 0.833545 0.034423 0.050826
1 0.502582 0.903431 0.025818 0.038119
3 0.610155 0.903431 0.086059 0.101652
2 0.439759 0.768742 0.024096 0.035578
2 0.709122 0.903431 0.024096 0.035578
13 0.069707 0.234435 0.008606 0.250318
13 0.101979 0.376112 0.042169 0.012706
13 0.111015 0.620712 0.086059 0.392630
13 0.101979 0.833545 0.042169 0.012706
13 0.222461 0.833545 0.033563 0.012706
13 0.345095 0.833941 0.046472 0.012706
13 0.541308 0.903431 0.055077 0.012706
13 0.222461 0.376518 0.033563 0.012706
13 0.285069 0.341169 0.063253 0.024142
13 0.317341 0.423761 0.127797 0.049555
13 0.466867 0.445997 0.126506 0.012706
13 0.655336 0.445997 0.085198 0.012706
13 0.730852 0.401525 0.021084 0.094028
13 0.531411 0.331953 0.384682 0.012706
13 0.771515 0.332050 0.033563 0.012706
13 0.571429 0.253494 0.008606 0.288437
13 0.829604 0.196315 0.008606 0.174079
13 0.436962 0.881194 0.108864 0.049555
13 0.405766 0.787802 0.047332 0.045743
13 0.675129 0.903431 0.047332 0.012706
13 0.447504 0.674714 0.113597 0.424396
13 0.709122 0.675349 0.008606 0.425667
13 0.383821 0.550826 0.115318 0.405337
13 0.897160 0.331639 0.052496 0.012706
11 0.017728 0.376112 0.012048 0.145787
11 0.164372 0.375604 0.041619 0.036086
11 0.328468 0.304320 0.044199 0.032020
11 0.393200 0.418679 0.041133 0.032020
11 0.830758 0.321982 0.043062 0.054384
11 0.572725 0.445489 0.061438 0.036086
11 0.682168 0.417408 0.044199 0.032020
11 0.500000 0.059212 0.141795 0.017789
11 0.017728 0.833545 0.012048 0.157640
11 0.164372 0.833037 0.035296 0.036086
11 0.281848 0.833037 0.063724 0.036086
11 0.503631 0.940915 0.065781 0.032020
11 0.610155 0.902922 0.035296 0.036086
11 0.439483 0.804956 0.044199 0.032020
11 0.708847 0.939644 0.044199 0.032020
11 0.379753 0.921093 0.052106 0.015248
11 0.347018 0.771156 0.045156 0.015248
11 0.147467 0.643964 0.070321 0.017789
11 0.746436 0.696696 0.074627 0.017789
