8 0.500000 0.059308 0.980392 0.098847
11 0.500000 0.060544 0.690126 0.070016
8 0.500000 0.784185 0.980392 0.411862
11 0.027778 0.823264 0.039216 0.442904
8 0.500000 0.339374 0.980392 0.411862
11 0.027778 0.375356 0.039216 0.407796
3 0.609477 0.718287 0.163399 0.131796
11 0.609477 0.722405 0.194748 0.084020
0 0.310458 0.714992 0.049020 0.049423
11 0.310458 0.755457 0.202784 0.038509
3 0.900327 0.784185 0.163399 0.131796
11 0.900327 0.788303 0.211765 0.084020
7 0.315359 0.339374 0.163399 0.131796
11 0.315359 0.343493 0.200420 0.084020
0 0.111111 0.339374 0.049020 0.049423
11 0.111111 0.379839 0.202784 0.038509
1 0.609477 0.339374 0.049020 0.049423
11 0.609477 0.379839 0.199317 0.038509
1 0.769608 0.207578 0.049020 0.049423
11 0.769608 0.260502 0.275578 0.077018
13 0.184641 0.339374 0.104575 0.016474
13 0.310458 0.547776 0.016340 0.291598
13 0.431373 0.716639 0.199346 0.016474
13 0.111111 0.211697 0.016340 0.212521
13 0.609477 0.508237 0.016340 0.294893
13 0.491013 0.339374 0.194444 0.016474
13 0.315359 0.191104 0.016340 0.171334
13 0.730392 0.475288 0.084967 0.492586
