8 0.500000 0.368035 0.991513 0.366569
8 0.500000 0.052786 0.991513 0.087977
8 0.500000 0.807918 0.991513 0.366569
0 0.078501 0.272727 0.021216 0.043988
3 0.181047 0.272727 0.070721 0.117302
1 0.527581 0.272727 0.021216 0.043988
3 0.605375 0.272727 0.070721 0.117302
2 0.704385 0.272727 0.019802 0.041056
1 0.439180 0.404692 0.021216 0.043988
3 0.605375 0.404692 0.070721 0.117302
1 0.704385 0.404692 0.021216 0.043988
3 0.803395 0.404692 0.070721 0.117302
2 0.905233 0.404692 0.019802 0.041056
1 0.181047 0.712610 0.021216 0.043988
3 0.294201 0.712610 0.070721 0.117302
4 0.375530 0.712610 0.028289 0.058651
3 0.527581 0.903226 0.070721 0.117302
3 0.527581 0.712610 0.070721 0.117302
3 0.630127 0.903226 0.070721 0.117302
4 0.704385 0.712610 0.028289 0.058651
2 0.782178 0.712610 0.019802 0.041056
13 0.078501 0.173754 0.007072 0.159824
13 0.117397 0.272727 0.059406 0.014663
13 0.181047 0.510997 0.007072 0.365103
13 0.225248 0.712610 0.070014 0.014663
13 0.345474 0.713070 0.034653 0.014663
13 0.440948 0.713029 0.105375 0.014663
13 0.434052 0.822581 0.119165 0.167155
13 0.527581 0.474340 0.007072 0.365103
13 0.554102 0.272727 0.034653 0.014663
13 0.605375 0.155425 0.007072 0.123167
13 0.667610 0.272727 0.056577 0.014663
13 0.288897 0.273133 0.147808 0.014663
13 0.483380 0.635630 0.091231 0.423754
13 0.402051 0.353372 0.055870 0.108504
13 0.509901 0.404692 0.123055 0.014663
13 0.578854 0.903226 0.034653 0.014663
13 0.667256 0.635630 0.077086 0.423754
13 0.667256 0.404692 0.055870 0.014663
13 0.741513 0.404692 0.055870 0.014663
13 0.803395 0.221408 0.007072 0.255132
13 0.453324 0.272727 0.130127 0.014663
13 0.626591 0.713020 0.130127 0.014663
13 0.685113 0.822581 0.042079 0.167155
13 0.745403 0.712958 0.056577 0.014663
13 0.867044 0.404692 0.059406 0.014663
11 0.014569 0.368035 0.009901 0.041571
11 0.079468 0.325660 0.057096 0.056305
11 0.181047 0.272141 0.060619 0.062757
11 0.517995 0.238270 0.055793 0.036950
11 0.605375 0.272141 0.043864 0.062757
11 0.705407 0.314516 0.055793 0.036950
11 0.449528 0.370235 0.063130 0.036950
11 0.605375 0.404106 0.061802 0.041642
11 0.706114 0.373167 0.055793 0.036950
11 0.803395 0.404106 0.057772 0.062757
11 0.906256 0.446481 0.055793 0.036950
11 0.500000 0.041642 0.116524 0.020528
11 0.009477 0.807918 0.009901 0.055257
11 0.181381 0.765543 0.062904 0.056305
11 0.294201 0.712023 0.058729 0.041642
11 0.527581 0.902639 0.058729 0.041642
11 0.528648 0.712023 0.058036 0.041642
11 0.631192 0.902639 0.051428 0.062757
11 0.781963 0.754399 0.051903 0.036950
11 0.429961 0.691935 0.060771 0.017595
11 0.427605 0.877566 0.047571 0.036950
