8 0.500341 0.056462 0.989086 0.097867
11 0.015177 0.074247 0.046044 0.201568
8 0.500341 0.353827 0.989086 0.353827
11 0.015177 0.381231 0.020464 0.310580
8 0.500341 0.801129 0.989086 0.382685
11 0.015177 0.830348 0.020464 0.331148
0 0.069748 0.383940 0.025580 0.037641
11 0.074864 0.443774 0.078685 0.087986
3 0.176330 0.383940 0.085266 0.100376
11 0.176330 0.387077 0.104585 0.063990
2 0.542121 0.252196 0.023874 0.035132
1 0.632503 0.383940 0.025580 0.037641
1 0.773192 0.383940 0.025580 0.037641
11 0.773192 0.350769 0.134760 0.029329
2 0.900239 0.383940 0.023874 0.035132
11 0.900239 0.413504 0.129333 0.029329
1 0.389495 0.383940 0.025580 0.037641
11 0.389495 0.350769 0.130238 0.029329
4 0.542121 0.383940 0.034106 0.050188
11 0.542121 0.425659 0.131224 0.031995
0 0.150750 0.801757 0.025580 0.037641
11 0.150750 0.832575 0.170937 0.029329
3 0.261596 0.801757 0.085266 0.100376
11 0.261596 0.804893 0.110505 0.063990
4 0.500341 0.801757 0.034106 0.050188
11 0.500341 0.843476 0.131224 0.031995
3 0.649557 0.801757 0.085266 0.100376
11 0.649557 0.804893 0.105572 0.063990
2 0.773192 0.801757 0.023874 0.035132
11 0.773192 0.831321 0.129333 0.029329
2 0.500341 0.664994 0.023874 0.035132
1 0.389495 0.802092 0.025580 0.037641
11 0.389495 0.832911 0.105818 0.029329
13 0.069748 0.235257 0.008527 0.264743
13 0.108117 0.383940 0.054570 0.012547
13 0.150750 0.608532 0.008527 0.353827
13 0.191252 0.801757 0.058834 0.012547
13 0.340467 0.801963 0.075886 0.012547
13 0.726722 0.801757 0.072476 0.012547
13 0.702848 0.383940 0.118520 0.012547
13 0.837142 0.383940 0.105730 0.012547
13 0.900239 0.235885 0.008527 0.265997
13 0.562159 0.801757 0.092940 0.012547
11 0.533347 0.787014 0.029307 0.031995
13 0.500542 0.729611 0.008527 0.099122
11 0.511438 0.745609 0.018783 0.031995
13 0.442786 0.802232 0.084414 0.012547
13 0.389495 0.593016 0.008527 0.385530
13 0.297834 0.383940 0.161152 0.012547
13 0.463676 0.384244 0.126194 0.012547
13 0.589444 0.384240 0.063950 0.012547
11 0.575402 0.369620 0.029355 0.032277
13 0.542321 0.314304 0.008527 0.094103
11 0.553218 0.322773 0.018783 0.031995
13 0.542121 0.170013 0.008527 0.134253
11 0.498599 0.147114 0.107545 0.031995
13 0.632503 0.235257 0.008527 0.264743
11 0.691617 0.145859 0.156877 0.031995
13 0.773192 0.593476 0.008527 0.386449
11 0.808626 0.563676 0.085838 0.031995
