8 0.499736 0.253865 0.988027 0.490514
8 0.499863 0.761307 0.987773 0.459960
0 0.088560 0.175036 0.029297 0.043042
3 0.198581 0.175036 0.097656 0.114778
4 0.448105 0.175036 0.039062 0.057389
3 0.697954 0.073121 0.097656 0.114778
3 0.697954 0.232425 0.097656 0.114778
2 0.804399 0.232425 0.027344 0.040172
1 0.332324 0.175036 0.029297 0.043042
0 0.108311 0.745581 0.029297 0.043042
3 0.278970 0.745581 0.097656 0.114778
4 0.391274 0.745581 0.039062 0.057389
3 0.541978 0.588716 0.097656 0.114778
3 0.853931 0.817869 0.097656 0.114778
3 0.541978 0.745581 0.097656 0.114778
5 0.448105 0.645954 0.039062 0.057389
5 0.654705 0.645954 0.039062 0.057389
4 0.746645 0.745581 0.039062 0.057389
2 0.960376 0.817869 0.027344 0.040172
13 0.126480 0.175036 0.050451 0.014347
13 0.153446 0.478242 0.094177 0.497374
13 0.176550 0.745581 0.111089 0.014347
13 0.349771 0.746031 0.047852 0.014347
13 0.768755 0.232425 0.047852 0.014347
13 0.548860 0.109731 0.204438 0.078960
13 0.548860 0.218077 0.204438 0.034433
13 0.282542 0.175036 0.074173 0.014347
13 0.387773 0.175378 0.085508 0.014347
13 0.437151 0.363942 0.213560 0.340509
13 0.593127 0.478519 0.525513 0.569663
13 0.470872 0.602988 0.048462 0.034283
13 0.470872 0.710115 0.048462 0.076671
13 0.623220 0.602988 0.068736 0.034283
13 0.622999 0.710115 0.068293 0.076671
13 0.776118 0.796072 0.061875 0.049333
13 0.924731 0.817869 0.047852 0.014347
13 0.569448 0.839943 0.359277 0.137075
13 0.410168 0.681779 0.040718 0.075954
13 0.708474 0.681779 0.072382 0.075954
11 0.020117 0.253945 0.013672 0.164612
11 0.198242 0.174462 0.079798 0.040746
11 0.495850 0.199283 0.067871 0.017217
11 0.699714 0.072597 0.069717 0.040746
11 0.699718 0.231851 0.065811 0.061406
11 0.435333 0.128981 0.009338 0.017217
11 0.434959 0.169154 0.020309 0.017217
11 0.020117 0.761119 0.013672 0.108602
11 0.109215 0.804161 0.075851 0.036155
11 0.280922 0.745481 0.080780 0.040746
11 0.475204 0.778336 0.073456 0.036155
11 0.543464 0.577331 0.069717 0.040746
11 0.855141 0.817217 0.049515 0.040746
11 0.541992 0.745481 0.081097 0.040746
11 0.377716 0.757389 0.009338 0.017217
11 0.378319 0.681349 0.020309 0.017217
