8 0.500000 0.129703 0.988395 0.247525
8 0.500000 0.450495 0.988395 0.265347
8 0.500000 0.810891 0.988395 0.366337
0 0.078337 0.129703 0.029014 0.029703
3 0.184720 0.129703 0.096712 0.079208
1 0.653772 0.129703 0.029014 0.029703
3 0.760155 0.129703 0.096712 0.079208
2 0.865571 0.129703 0.027079 0.027723
1 0.346228 0.208911 0.029014 0.029703
3 0.452611 0.208911 0.096712 0.079208
3 0.184720 0.441584 0.096712 0.079208
0 0.078337 0.441584 0.029014 0.029703
1 0.547389 0.441584 0.029014 0.029703
3 0.653772 0.441584 0.096712 0.079208
2 0.759188 0.441584 0.027079 0.027723
3 0.407157 0.515842 0.096712 0.079208
4 0.295938 0.441584 0.038685 0.039604
4 0.470019 0.441584 0.038685 0.039604
0 0.078337 0.751485 0.029014 0.029703
3 0.184720 0.751485 0.096712 0.079208
4 0.295938 0.751485 0.038685 0.039604
3 0.500000 0.687129 0.096712 0.079208
3 0.538685 0.830693 0.096712 0.079208
3 0.676015 0.830693 0.096712 0.079208
4 0.787234 0.830693 0.038685 0.039604
2 0.865571 0.830693 0.027079 0.027723
3 0.407157 0.830693 0.096712 0.079208
13 0.114603 0.129703 0.047389 0.009901
13 0.114603 0.441584 0.047389 0.009901
13 0.131528 0.298020 0.110251 0.261386
13 0.114603 0.751485 0.047389 0.009901
13 0.123469 0.608911 0.094133 0.259406
13 0.254836 0.751796 0.047389 0.009901
13 0.374033 0.709406 0.159091 0.048515
13 0.607350 0.830693 0.044487 0.009901
13 0.746132 0.831004 0.047389 0.009901
13 0.829304 0.830924 0.049323 0.009901
13 0.668037 0.749010 0.243230 0.127723
13 0.583656 0.441584 0.047389 0.009901
13 0.723888 0.441584 0.047389 0.009901
13 0.653772 0.273267 0.009671 0.261386
13 0.690039 0.129703 0.047389 0.009901
13 0.830271 0.129703 0.047389 0.009901
13 0.254836 0.441895 0.047389 0.009901
13 0.254836 0.130014 0.047389 0.009901
13 0.477273 0.129947 0.327853 0.009901
13 0.314072 0.179208 0.039168 0.063366
13 0.303997 0.636139 0.210187 0.313861
13 0.327611 0.800990 0.066248 0.063366
13 0.472921 0.830693 0.038685 0.009901
13 0.382979 0.441831 0.139265 0.009901
13 0.327369 0.488614 0.066731 0.058416
13 0.382495 0.208911 0.047389 0.009901
13 0.612669 0.623762 0.134429 0.338614
13 0.511122 0.441818 0.047389 0.009901
13 0.463008 0.488614 0.018859 0.058416
13 0.523694 0.551980 0.051257 0.195050
13 0.429884 0.362376 0.049323 0.231683
13 0.439072 0.170421 0.251451 0.079570
11 0.019923 0.129703 0.013540 0.163134
11 0.079576 0.158911 0.079848 0.024950
11 0.186181 0.129307 0.076780 0.042376
11 0.658010 0.083663 0.070373 0.024950
11 0.760155 0.129307 0.073858 0.028119
11 0.936512 0.126238 0.060644 0.024950
11 0.454221 0.208515 0.079999 0.028119
11 0.019923 0.450495 0.013540 0.113598
11 0.184720 0.441188 0.046131 0.028119
11 0.079674 0.470792 0.070373 0.024950
11 0.545507 0.392970 0.077475 0.011881
11 0.653772 0.441188 0.059984 0.028119
11 0.850732 0.446040 0.061231 0.024950
11 0.407157 0.515446 0.075484 0.042376
11 0.314291 0.388020 0.079258 0.011881
11 0.327672 0.427624 0.011243 0.011881
11 0.282701 0.435545 0.021881 0.011881
11 0.019923 0.810891 0.013540 0.122834
11 0.079051 0.780693 0.040113 0.024950
11 0.186336 0.751089 0.083233 0.028119
11 0.355763 0.750000 0.067426 0.024950
11 0.500000 0.686733 0.078388 0.042376
11 0.538685 0.830297 0.080312 0.028119
11 0.676015 0.830297 0.078388 0.028119
11 0.951986 0.835149 0.060644 0.024950
11 0.407157 0.830297 0.066129 0.028119
11 0.283184 0.718713 0.011243 0.011881
