8 0.454839 0.354798 0.894194 0.315657
11 0.021935 0.381097 0.030968 0.298052
8 0.445161 0.809343 0.874839 0.315657
11 0.021935 0.838747 0.030968 0.333239
8 0.394839 0.051768 0.774194 0.088384
11 0.021935 0.063456 0.046452 0.132468
3 0.246452 0.354798 0.129032 0.101010
11 0.246452 0.357955 0.168719 0.064394
0 0.104516 0.354798 0.038710 0.037879
11 0.104516 0.395360 0.135498 0.059028
1 0.510968 0.449495 0.038710 0.037879
11 0.510968 0.406171 0.093069 0.088542
1 0.565806 0.277173 0.038710 0.037879
11 0.505161 0.259101 0.102650 0.088542
1 0.633548 0.277173 0.038710 0.037879
11 0.633548 0.327283 0.083488 0.088542
2 0.729032 0.277501 0.036129 0.035354
11 0.729032 0.326349 0.078014 0.088542
2 0.825806 0.449495 0.036129 0.035354
11 0.825806 0.488794 0.154659 0.059028
3 0.246452 0.809343 0.129032 0.101010
11 0.246452 0.815341 0.128406 0.096591
0 0.104516 0.809343 0.038710 0.037879
11 0.104516 0.849905 0.145078 0.059028
4 0.420645 0.809343 0.051613 0.050505
11 0.420645 0.861742 0.103023 0.064394
1 0.420645 0.731410 0.038710 0.037879
11 0.509677 0.721467 0.176558 0.059028
1 0.523871 0.809343 0.038710 0.037879
11 0.523871 0.849905 0.124548 0.059028
3 0.665806 0.809343 0.129032 0.101010
11 0.665806 0.815341 0.128406 0.096591
2 0.806452 0.809343 0.036129 0.035354
11 0.806452 0.858191 0.071171 0.088542
13 0.152903 0.354798 0.063226 0.012626
13 0.152903 0.809343 0.063226 0.012626
13 0.159355 0.597854 0.114839 0.390152
11 0.159355 0.578283 0.089585 0.064394
13 0.104516 0.215909 0.012903 0.244949
11 0.142212 0.159221 0.082120 0.064394
13 0.352903 0.809728 0.089032 0.012626
13 0.471072 0.590453 0.084953 0.249087
11 0.551152 0.578616 0.089585 0.064394
13 0.475484 0.809641 0.063226 0.012626
11 0.470944 0.794866 0.044447 0.032574
13 0.420937 0.767220 0.012903 0.038792
11 0.454489 0.770121 0.031072 0.027167
13 0.572258 0.809343 0.063226 0.012626
13 0.340000 0.355194 0.063226 0.012626
13 0.443548 0.414773 0.101290 0.074495
13 0.470968 0.303470 0.156129 0.057202
13 0.617574 0.527475 0.101625 0.467777
13 0.599677 0.277340 0.034194 0.012626
13 0.669032 0.449495 0.282581 0.012626
13 0.772146 0.264567 0.100539 0.339553
11 0.802534 0.124207 0.091078 0.064394
13 0.681935 0.277509 0.063226 0.012626
13 0.711495 0.176958 0.034069 0.170783
13 0.750968 0.544192 0.459355 0.901515
11 0.952258 0.606277 0.046452 0.188352
13 0.759355 0.809343 0.063226 0.012626
