8 0.500000 0.385196 0.986379 0.395770
8 0.500000 0.816465 0.986379 0.348943
8 0.500000 0.054381 0.986379 0.090634
0 0.108967 0.356495 0.034052 0.045317
1 0.636776 0.288520 0.034052 0.045317
1 0.194098 0.356495 0.034052 0.045317
1 0.466515 0.500000 0.034052 0.045317
2 0.908059 0.288520 0.031782 0.042296
1 0.551646 0.500000 0.034052 0.045317
0 0.108967 0.802115 0.034052 0.045317
3 0.233825 0.802115 0.113507 0.120846
4 0.364359 0.802115 0.045403 0.060423
3 0.659478 0.922961 0.113507 0.120846
2 0.783201 0.922961 0.031782 0.042296
1 0.466515 0.922961 0.034052 0.045317
12 0.659478 0.779456 0.113507 0.075529
13 0.108967 0.216767 0.011351 0.240181
13 0.151532 0.356495 0.055619 0.015106
13 0.151532 0.802115 0.055619 0.015106
13 0.236663 0.356847 0.055619 0.015106
13 0.316118 0.802589 0.055619 0.015106
13 0.627613 0.839879 0.021921 0.051360
13 0.741771 0.922961 0.055619 0.015106
13 0.574064 0.796828 0.422815 0.216012
13 0.406924 0.877644 0.089671 0.096677
13 0.543133 0.922961 0.123723 0.015106
13 0.452611 0.307402 0.338820 0.043807
13 0.367480 0.443353 0.168558 0.119335
13 0.772985 0.288520 0.242906 0.015106
13 0.466515 0.711480 0.011351 0.383686
13 0.908059 0.183535 0.011351 0.173716
13 0.509081 0.500000 0.055619 0.015106
13 0.551646 0.288520 0.011351 0.383686
13 0.602724 0.405589 0.072645 0.194864
13 0.711835 0.606495 0.122301 0.596677
13 0.151532 0.579305 0.089671 0.406344
11 0.023383 0.385196 0.015891 0.166733
11 0.108417 0.401057 0.062465 0.038066
11 0.637681 0.239426 0.090345 0.038066
11 0.194907 0.307402 0.053831 0.038066
11 0.467420 0.450906 0.090345 0.038066
11 0.908489 0.331571 0.075774 0.038066
11 0.552075 0.544562 0.075774 0.038066
11 0.023383 0.816465 0.015891 0.114343
11 0.108641 0.846677 0.053831 0.038066
11 0.235539 0.801511 0.097687 0.042900
11 0.406099 0.827644 0.056239 0.018127
11 0.659478 0.922356 0.094260 0.042900
11 0.782970 0.966012 0.090345 0.038066
11 0.466285 0.967523 0.090345 0.038066
11 0.658182 0.773414 0.095025 0.042900
11 0.349390 0.752115 0.013195 0.018127
11 0.348822 0.792900 0.025681 0.018127
11 0.500000 0.053776 0.143476 0.021148
