8 0.234833 0.058667 0.399667 0.087333
8 0.234833 0.256000 0.399667 0.092000
8 0.234833 0.151667 0.399667 0.083333
0 0.060000 0.055000 0.010000 0.010000
1 0.100000 0.055000 0.010000 0.010000
3 0.341667 0.038333 0.033333 0.026667
2 0.409667 0.038333 0.009333 0.009333
1 0.170000 0.055000 0.010000 0.010000
4 0.206667 0.055000 0.013333 0.013333
3 0.255000 0.078333 0.033333 0.026667
4 0.293333 0.078333 0.013333 0.013333
4 0.293333 0.038333 0.013333 0.013333
0 0.060000 0.256000 0.010000 0.010000
3 0.096667 0.256000 0.033333 0.026667
4 0.161667 0.256000 0.013333 0.013333
1 0.215000 0.256000 0.010000 0.010000
3 0.266667 0.256000 0.033333 0.026667
2 0.409667 0.256000 0.009333 0.009333
0 0.060000 0.151667 0.010000 0.010000
1 0.235000 0.151667 0.010000 0.010000
1 0.100000 0.151667 0.010000 0.010000
1 0.235000 0.130000 0.010000 0.010000
2 0.409667 0.151667 0.009333 0.009333
1 0.255000 0.130000 0.010000 0.010000
1 0.285000 0.130000 0.010000 0.010000
4 0.376667 0.151667 0.013333 0.013333
