8 0.469484 0.037855 0.391236 0.063091
8 0.503521 0.318086 0.983568 0.394322
8 0.496479 0.776025 0.983568 0.435331
0 0.074335 0.353312 0.023474 0.031546
3 0.148670 0.353312 0.078247 0.084122
3 0.594679 0.395373 0.078247 0.084122
3 0.515649 0.279706 0.078247 0.084122
2 0.641628 0.279706 0.021909 0.029443
3 0.794210 0.395373 0.078247 0.084122
1 0.332551 0.279706 0.023474 0.031546
1 0.301252 0.447950 0.023474 0.031546
2 0.794210 0.478444 0.021909 0.029443
0 0.121283 0.815983 0.023474 0.031546
3 0.242567 0.815983 0.078247 0.084122
4 0.356025 0.815983 0.031299 0.042061
2 0.449139 0.815983 0.021909 0.029443
3 0.356025 0.631966 0.078247 0.084122
3 0.641628 0.631966 0.078247 0.084122
1 0.755086 0.631966 0.023474 0.031546
3 0.864632 0.631966 0.078247 0.084122
2 0.965571 0.631966 0.021909 0.029443
12 0.168232 0.815983 0.073552 0.010515
12 0.097809 0.353312 0.026604 0.010515
12 0.121283 0.597792 0.007825 0.409043
12 0.311033 0.816299 0.061815 0.010515
12 0.205399 0.353642 0.038341 0.010515
12 0.174100 0.182440 0.202660 0.314406
12 0.592723 0.279706 0.079030 0.010515
12 0.498826 0.617946 0.210485 0.010515
12 0.404930 0.816234 0.069640 0.010515
12 0.355243 0.734490 0.007825 0.125131
12 0.796166 0.631966 0.061815 0.010515
12 0.929186 0.631966 0.053991 0.010515
12 0.716941 0.200841 0.106808 0.309148
12 0.712050 0.631966 0.065728 0.010515
12 0.434272 0.421661 0.245696 0.056782
12 0.309077 0.549919 0.018779 0.176600
12 0.848983 0.492639 0.034429 0.198738
12 0.264280 0.411146 0.053599 0.077813
12 0.279930 0.305994 0.084898 0.056782
12 0.390845 0.548370 0.119718 0.509989
12 0.515649 0.153523 0.007825 0.172450
12 0.594679 0.211356 0.007825 0.288118
12 0.694444 0.395373 0.124413 0.010515
12 0.794210 0.450578 0.007825 0.030494
12 0.410407 0.279706 0.135368 0.010515
