8 0.122167 0.012667 0.224333 0.025333
8 0.120333 0.072500 0.224333 0.075000
8 0.120167 0.158333 0.220333 0.083333
0 0.030000 0.072667 0.010000 0.010000
3 0.061000 0.072667 0.033333 0.026667
1 0.096667 0.072667 0.010000 0.010000
3 0.127333 0.072667 0.033333 0.026667
1 0.155000 0.072667 0.010000 0.010000
3 0.181667 0.072667 0.033333 0.026667
0 0.030000 0.158333 0.010000 0.010000
3 0.061000 0.158333 0.033333 0.026667
4 0.096667 0.158333 0.013333 0.013333
3 0.131667 0.143333 0.033333 0.026667
3 0.131667 0.173333 0.033333 0.026667
11 0.041667 0.133333 0.033333 0.016667
