8 0.203333 0.101667 0.356667 0.083333
8 0.203333 0.030000 0.356667 0.020000
8 0.203333 0.205000 0.356667 0.083333
0 0.055000 0.101667 0.010000 0.010000
1 0.196667 0.081667 0.010000 0.010000
3 0.098333 0.101758 0.033333 0.026667
3 0.241667 0.081667 0.033333 0.026667
3 0.264333 0.115000 0.033333 0.026667
2 0.291333 0.081667 0.009333 0.009333
1 0.209333 0.115000 0.010000 0.010000
4 0.133333 0.101800 0.013333 0.013333
3 0.286667 0.224918 0.033333 0.026667
0 0.098333 0.205000 0.010000 0.010000
4 0.185000 0.204918 0.013333 0.013333
3 0.144166 0.205082 0.033333 0.026667
3 0.328333 0.189918 0.033333 0.026667
3 0.237667 0.224918 0.033333 0.026667
2 0.364667 0.189918 0.009333 0.009333
4 0.286667 0.189918 0.013333 0.013333
