8 0.500000 0.116830 0.987342 0.214052
8 0.500000 0.416667 0.987342 0.313725
8 0.500000 0.804739 0.987342 0.370915
0 0.085443 0.462418 0.031646 0.049020
3 0.217300 0.462418 0.105485 0.130719
1 0.401899 0.537582 0.031646 0.049020
1 0.401899 0.390523 0.031646 0.049020
3 0.533755 0.480392 0.105485 0.130719
2 0.796414 0.480392 0.029536 0.045752
1 0.401899 0.292484 0.031646 0.049020
3 0.723629 0.390523 0.105485 0.130719
0 0.085443 0.732026 0.031646 0.049020
3 0.217300 0.732026 0.105485 0.130719
4 0.343882 0.732026 0.042194 0.065359
3 0.515823 0.732026 0.105485 0.130719
3 0.644515 0.732026 0.105485 0.130719
3 0.515823 0.897059 0.105485 0.130719
3 0.644515 0.897059 0.105485 0.130719
1 0.750000 0.897059 0.031646 0.049020
3 0.866034 0.897059 0.105485 0.130719
2 0.938819 0.683007 0.029536 0.045752
13 0.132911 0.462418 0.067511 0.016340
13 0.132911 0.732026 0.067511 0.016340
13 0.125000 0.598856 0.083333 0.223856
13 0.296414 0.731618 0.056962 0.016340
13 0.296414 0.462010 0.056962 0.016340
13 0.365243 0.516340 0.045886 0.049020
13 0.414030 0.732511 0.102321 0.016340
13 0.580169 0.732026 0.027426 0.016340
13 0.644515 0.445261 0.010549 0.449346
13 0.406646 0.835784 0.117089 0.148693
13 0.432489 0.626634 0.065401 0.135621
13 0.463608 0.611111 0.095992 0.447712
13 0.364979 0.410131 0.046414 0.045752
13 0.580169 0.897059 0.027426 0.016340
13 0.715717 0.897059 0.041139 0.016340
13 0.789557 0.897059 0.051688 0.016340
13 0.441456 0.496732 0.083333 0.039216
13 0.684072 0.480392 0.199367 0.016340
13 0.515823 0.527778 0.010549 0.614379
13 0.866034 0.527778 0.010549 0.614379
13 0.424160 0.590686 0.048742 0.063725
13 0.383439 0.439134 0.041139 0.054739
13 0.365243 0.361111 0.045886 0.143791
13 0.630802 0.562891 0.430380 0.547350
13 0.536392 0.327614 0.273207 0.027778
13 0.786392 0.424020 0.024262 0.073529
13 0.928740 0.799837 0.024147 0.194444
11 0.021730 0.116830 0.014768 0.122613
11 0.021730 0.416667 0.014768 0.176027
11 0.085847 0.499837 0.076757 0.019608
11 0.218891 0.461765 0.073889 0.046405
11 0.535511 0.479739 0.059813 0.069935
11 0.725384 0.389869 0.053484 0.069935
11 0.021730 0.804739 0.014768 0.190178
11 0.217300 0.731373 0.087256 0.022876
11 0.363537 0.783497 0.070955 0.041176
11 0.515823 0.731373 0.090091 0.046405
11 0.644515 0.731373 0.090091 0.069935
11 0.517412 0.896405 0.075307 0.046405
11 0.644515 0.896405 0.087598 0.022876
11 0.749769 0.934477 0.075488 0.019608
11 0.867789 0.896405 0.080235 0.069935
11 0.399525 0.710621 0.014241 0.019608
11 0.387308 0.885458 0.027782 0.019608
