8 0.500000 0.055987 0.990276 0.098670
8 0.500000 0.353104 0.990276 0.420177
8 0.454214 0.794900 0.898703 0.396896
0 0.077611 0.341707 0.029173 0.039911
3 0.195115 0.341463 0.081037 0.088692
4 0.306946 0.341463 0.040519 0.055432
3 0.399329 0.233059 0.081037 0.088692
1 0.626418 0.232816 0.029173 0.039911
4 0.694304 0.341463 0.040519 0.055432
3 0.791549 0.341463 0.081037 0.088692
2 0.917157 0.341463 0.029173 0.039911
0 0.098865 0.818182 0.029173 0.039911
3 0.204214 0.818182 0.081037 0.088692
3 0.347650 0.818182 0.081037 0.088692
4 0.446515 0.818182 0.040519 0.055432
3 0.519449 0.700665 0.081037 0.088692
3 0.626418 0.700665 0.081037 0.088692
4 0.727715 0.818182 0.040519 0.055432
2 0.791734 0.818182 0.029173 0.039911
13 0.077796 0.213415 0.008104 0.220621
13 0.123582 0.341463 0.065640 0.011086
13 0.261345 0.341463 0.054295 0.011086
13 0.333063 0.273282 0.055105 0.085366
13 0.399514 0.146896 0.008104 0.087583
13 0.525932 0.232816 0.175041 0.011086
13 0.667747 0.273282 0.056726 0.085366
13 0.500810 0.400776 0.390600 0.067627
13 0.732982 0.341463 0.039708 0.011086
13 0.791734 0.201220 0.008104 0.196231
13 0.867504 0.341463 0.073744 0.011086
13 0.138574 0.818182 0.053485 0.011086
13 0.275932 0.818182 0.065640 0.011086
13 0.136548 0.592018 0.078606 0.416851
13 0.283630 0.579823 0.131280 0.392461
13 0.407212 0.818182 0.041329 0.011086
13 0.462723 0.745565 0.035656 0.094235
13 0.572934 0.700665 0.029173 0.011086
13 0.697326 0.745565 0.064019 0.094235
13 0.762561 0.818182 0.032415 0.011086
13 0.587115 0.881929 0.284441 0.076497
13 0.626418 0.454545 0.008104 0.407982
11 0.016694 0.055987 0.023015 0.096141
11 0.016694 0.353104 0.011345 0.127200
11 0.196655 0.341020 0.040012 0.047450
11 0.364592 0.344235 0.061436 0.027938
11 0.791734 0.341020 0.061610 0.031486
11 0.918235 0.375277 0.052028 0.027938
11 0.078916 0.375277 0.058967 0.027938
11 0.400735 0.232373 0.057853 0.031486
11 0.627311 0.187916 0.052028 0.027938
11 0.298540 0.272616 0.016853 0.013304
11 0.318299 0.399002 0.007749 0.013304
11 0.016694 0.794900 0.011345 0.141231
11 0.100353 0.851996 0.062943 0.027938
11 0.204214 0.817738 0.068378 0.047450
11 0.348998 0.817738 0.041088 0.031486
11 0.504425 0.820953 0.057473 0.027938
11 0.793222 0.851996 0.062943 0.027938
11 0.520673 0.700222 0.054612 0.047450
11 0.627641 0.700222 0.056764 0.031486
11 0.437114 0.744900 0.016853 0.013304
11 0.439855 0.882373 0.007749 0.013304
