8 0.170333 0.046667 0.340667 0.083333
8 0.170333 0.154667 0.340667 0.089333
8 0.170333 0.276000 0.340667 0.123333
0 0.025000 0.046667 0.010000 0.010000
3 0.061667 0.046667 0.033333 0.026667
1 0.223333 0.046667 0.010000 0.010000
3 0.260000 0.046667 0.033333 0.026667
2 0.296333 0.046667 0.009333 0.009333
1 0.117333 0.073333 0.010000 0.010000
3 0.154000 0.073333 0.033333 0.026667
3 0.061667 0.151667 0.033333 0.026667
0 0.025000 0.151667 0.010000 0.010000
1 0.186667 0.151667 0.010000 0.010000
3 0.223333 0.151667 0.033333 0.026667
2 0.259667 0.151667 0.009333 0.009333
3 0.138333 0.176667 0.033333 0.026667
4 0.100000 0.151667 0.013333 0.013333
4 0.160000 0.151667 0.013333 0.013333
0 0.025000 0.256000 0.010000 0.010000
3 0.061667 0.256000 0.033333 0.026667
4 0.100000 0.256000 0.013333 0.013333
3 0.170333 0.234333 0.033333 0.026667
3 0.183667 0.282667 0.033333 0.026667
3 0.231000 0.282667 0.033333 0.026667
4 0.269333 0.282667 0.013333 0.013333
2 0.296333 0.282667 0.009333 0.009333
3 0.138333 0.282667 0.033333 0.026667
