8 0.500000 0.345272 0.991137 0.358166
11 0.012555 0.374076 0.017725 0.326448
8 0.500000 0.060888 0.991137 0.104585
11 0.500000 0.061963 0.237867 0.060888
8 0.500000 0.790115 0.991137 0.402579
11 0.012555 0.823478 0.017725 0.378116
0 0.070901 0.345272 0.022157 0.042980
3 0.152142 0.345272 0.073855 0.114613
11 0.152142 0.345630 0.090589 0.036533
1 0.601920 0.345272 0.022157 0.042980
11 0.568556 0.318857 0.071289 0.033489
2 0.601920 0.239255 0.020679 0.040115
11 0.657312 0.202812 0.114375 0.033489
1 0.601920 0.452722 0.022157 0.042980
11 0.561767 0.479316 0.091657 0.033489
3 0.728212 0.452722 0.073855 0.114613
11 0.728212 0.453080 0.092298 0.036533
2 0.856720 0.452722 0.020679 0.040115
3 0.152142 0.767908 0.073855 0.114613
11 0.152142 0.774713 0.073497 0.109599
0 0.074594 0.767908 0.022157 0.042980
11 0.074594 0.813933 0.076773 0.066977
4 0.237075 0.767908 0.029542 0.057307
11 0.241507 0.708095 0.106826 0.036533
3 0.370753 0.845272 0.073855 0.114613
11 0.370753 0.852077 0.073497 0.109599
5 0.303545 0.767908 0.029542 0.057307
5 0.435009 0.767908 0.029542 0.057307
2 0.601920 0.767908 0.020679 0.040115
11 0.601920 0.801665 0.126126 0.033489
3 0.370753 0.694842 0.073855 0.114613
11 0.370753 0.698424 0.077770 0.073066
4 0.497786 0.767908 0.029542 0.057307
13 0.070901 0.218481 0.007386 0.216332
13 0.098597 0.345272 0.036189 0.014327
13 0.107213 0.574499 0.068193 0.349570
13 0.100443 0.767908 0.032496 0.014327
13 0.205687 0.768358 0.036189 0.014327
13 0.270310 0.768625 0.039882 0.014327
11 0.266301 0.751791 0.025955 0.036533
13 0.421344 0.345627 0.341950 0.014327
13 0.205687 0.345722 0.036189 0.014327
13 0.414143 0.413324 0.356352 0.084527
13 0.466397 0.768625 0.036189 0.014327
13 0.421529 0.820917 0.030651 0.054441
13 0.318870 0.717049 0.032866 0.050143
13 0.421529 0.717049 0.030651 0.050143
13 0.601920 0.291547 0.007386 0.070201
13 0.601920 0.166189 0.007386 0.111748
13 0.805760 0.452722 0.084195 0.014327
13 0.728212 0.254298 0.007386 0.287966
13 0.552069 0.768252 0.081978 0.014327
13 0.318870 0.820917 0.032866 0.054441
13 0.367800 0.864613 0.263664 0.141834
11 0.227105 0.780265 0.017725 0.032880
13 0.601920 0.611032 0.007386 0.279370
13 0.652141 0.452722 0.081240 0.014327
13 0.486337 0.502149 0.234121 0.276504
