8 0.160000 0.081667 0.320000 0.083333
8 0.160000 0.206667 0.320000 0.133333
8 0.160000 0.012833 0.320000 0.015667
0 0.025000 0.070000 0.010000 0.010000
3 0.061667 0.070000 0.033333 0.026667
3 0.261667 0.073333 0.033333 0.026667
3 0.216667 0.093333 0.033333 0.026667
2 0.314667 0.073333 0.009333 0.009333
1 0.150000 0.070000 0.010000 0.010000
4 0.186667 0.070000 0.013333 0.013333
1 0.261667 0.100000 0.010000 0.010000
3 0.061667 0.181667 0.033333 0.026667
4 0.100000 0.181667 0.013333 0.013333
3 0.171667 0.181667 0.033333 0.026667
5 0.131667 0.181667 0.013333 0.013333
3 0.171667 0.213333 0.033333 0.026667
1 0.224667 0.213333 0.010000 0.010000
3 0.261667 0.213333 0.033333 0.026667
2 0.314667 0.213333 0.009333 0.009333
2 0.246667 0.181667 0.009333 0.009333
0 0.050000 0.150000 0.010000 0.010000
