8 0.503198 0.406872 0.980810 0.249548
8 0.375267 0.065099 0.737740 0.108499
8 0.503198 0.811935 0.980810 0.354430
0 0.108742 0.397830 0.031983 0.054250
3 0.226013 0.397830 0.106610 0.144665
3 0.401919 0.397830 0.106610 0.144665
2 0.934968 0.397830 0.029851 0.050633
0 0.102345 0.763110 0.031983 0.054250
3 0.219616 0.763110 0.106610 0.144665
2 0.934968 0.763110 0.029851 0.050633
4 0.331557 0.763110 0.042644 0.072333
3 0.813433 0.763110 0.106610 0.144665
3 0.568230 0.763110 0.106610 0.144665
4 0.701493 0.763110 0.042644 0.072333
1 0.438166 0.763110 0.031983 0.054250
13 0.148721 0.397830 0.052239 0.018083
13 0.142324 0.763110 0.052239 0.018083
13 0.155295 0.603074 0.110163 0.273056
13 0.108742 0.245027 0.010661 0.258590
13 0.650853 0.763669 0.062900 0.018083
13 0.741471 0.763694 0.041578 0.018083
13 0.893390 0.763110 0.057569 0.018083
13 0.517058 0.853526 0.374200 0.115732
13 0.291578 0.763110 0.041578 0.018083
13 0.387527 0.763110 0.073561 0.018083
13 0.484542 0.763110 0.065032 0.018083
13 0.340974 0.603074 0.198650 0.273056
13 0.313966 0.397830 0.073561 0.018083
13 0.687633 0.397830 0.469083 0.018083
13 0.226013 0.222423 0.010661 0.213382
13 0.668443 0.603978 0.537313 0.274864
13 0.401919 0.222423 0.010661 0.213382
11 0.028358 0.406872 0.014925 0.207476
11 0.108542 0.451175 0.067830 0.045570
11 0.226013 0.397107 0.051558 0.077396
11 0.401919 0.397107 0.066123 0.051356
11 0.375267 0.064376 0.175656 0.025316
11 0.028358 0.811935 0.014925 0.224344
11 0.102146 0.816456 0.067830 0.045570
11 0.219616 0.762387 0.068624 0.051356
11 0.342867 0.686257 0.056736 0.045570
11 0.813433 0.762387 0.078242 0.077396
11 0.568230 0.762387 0.068624 0.051356
11 0.438605 0.816456 0.073373 0.045570
11 0.349447 0.884087 0.010195 0.021700
11 0.372493 0.737613 0.022172 0.021700
11 0.069988 0.171971 0.056820 0.069439
11 0.276558 0.195841 0.073373 0.117179
11 0.453783 0.178481 0.056820 0.093309
