8 0.191105 0.015000 0.372210 0.020000
8 0.193525 0.108217 0.377050 0.095433
8 0.193525 0.217117 0.377050 0.083333
0 0.025000 0.108167 0.010000 0.010000
3 0.061667 0.108167 0.033333 0.026667
3 0.236000 0.085933 0.033333 0.026667
1 0.180487 0.085933 0.010000 0.010000
3 0.325217 0.108167 0.033333 0.026667
2 0.361617 0.108167 0.009333 0.009333
1 0.294904 0.108167 0.010000 0.010000
0 0.025000 0.217117 0.010000 0.010000
3 0.061667 0.217117 0.033333 0.026667
3 0.110000 0.217117 0.033333 0.026667
4 0.148333 0.217117 0.013333 0.013333
3 0.228417 0.194833 0.033333 0.026667
3 0.294967 0.217117 0.033333 0.026667
3 0.180017 0.194833 0.033333 0.026667
4 0.254717 0.217159 0.013333 0.013333
2 0.361617 0.217117 0.009333 0.009333
