8 0.500000 0.048193 0.989761 0.080321
11 0.500000 0.049197 0.294551 0.056894
8 0.500000 0.356091 0.989761 0.334672
11 0.014505 0.383006 0.020478 0.305034
8 0.500000 0.800879 0.989761 0.380874
11 0.014506 0.819468 0.020478 0.210671
0 0.107509 0.356091 0.025597 0.040161
11 0.107509 0.388973 0.142092 0.031292
1 0.420982 0.354491 0.025597 0.040161
3 0.241468 0.356091 0.085324 0.107095
11 0.241468 0.359438 0.104656 0.068273
4 0.536689 0.354752 0.034130 0.053548
11 0.598501 0.355087 0.121441 0.034137
3 0.662116 0.262383 0.085324 0.107095
11 0.662116 0.262718 0.100707 0.034137
2 0.755119 0.262383 0.023891 0.037483
11 0.755119 0.293926 0.111321 0.031292
3 0.669254 0.422685 0.085324 0.107095
11 0.669254 0.429044 0.104656 0.102410
1 0.763267 0.423184 0.025597 0.040161
0 0.107509 0.777778 0.025597 0.040161
11 0.107509 0.810659 0.092315 0.031292
3 0.214164 0.777778 0.085324 0.107095
11 0.214164 0.778112 0.105644 0.034137
4 0.316553 0.777778 0.034130 0.053548
11 0.286689 0.717871 0.096758 0.034137
3 0.418942 0.684070 0.085324 0.107095
11 0.418942 0.687416 0.105644 0.068273
3 0.415529 0.860776 0.085324 0.107095
11 0.415529 0.867135 0.097745 0.102410
3 0.595649 0.860776 0.085324 0.107095
11 0.595649 0.861111 0.105644 0.034137
2 0.511945 0.684070 0.023891 0.037483
11 0.511945 0.715612 0.111321 0.031292
3 0.763267 0.860776 0.085324 0.107095
11 0.763267 0.864123 0.105644 0.068273
2 0.856271 0.860776 0.023891 0.037483
11 0.856271 0.892319 0.111321 0.031292
12 0.512799 0.941893 0.085324 0.066934
11 0.497245 0.940889 0.071087 0.034137
12 0.706571 0.733601 0.085324 0.066934
11 0.690030 0.735609 0.068125 0.068273
12 0.350905 0.581902 0.085324 0.066934
11 0.336997 0.583910 0.076024 0.068273
13 0.107509 0.212182 0.008532 0.253012
13 0.159556 0.356091 0.081911 0.013387
13 0.174488 0.583668 0.137372 0.353414
13 0.145904 0.777778 0.054608 0.013387
13 0.278157 0.778194 0.046075 0.013387
13 0.346630 0.717537 0.062713 0.072289
11 0.340931 0.668340 0.029985 0.034137
13 0.346156 0.355291 0.127466 0.013387
13 0.505589 0.860776 0.098209 0.013387
13 0.344923 0.832664 0.059300 0.061580
11 0.305034 0.789324 0.020478 0.030723
13 0.578285 0.295181 0.085751 0.070950
11 0.525171 0.312751 0.020478 0.030723
13 0.662116 0.148594 0.008532 0.125837
13 0.723976 0.262383 0.041809 0.013387
13 0.581854 0.402106 0.092889 0.046514
11 0.525171 0.361135 0.020478 0.065835
13 0.669254 0.228745 0.008532 0.286139
13 0.731193 0.423350 0.041965 0.013387
13 0.480802 0.684070 0.041809 0.013387
13 0.679458 0.860776 0.085707 0.013387
13 0.825127 0.860776 0.041809 0.013387
13 0.734023 0.353227 0.061902 0.105108
13 0.476702 0.354938 0.089257 0.013387
13 0.361157 0.629620 0.033659 0.033855
13 0.461446 0.926825 0.020795 0.030357
13 0.644178 0.770539 0.042875 0.078735
13 0.418255 0.590900 0.008865 0.438012
11 0.383874 0.471616 0.089846 0.034137
13 0.453103 0.492507 0.042058 0.281386
11 0.485873 0.453335 0.052328 0.034137
13 0.763267 0.625247 0.008532 0.369319
11 0.798159 0.573356 0.052328 0.034137
