8 0.500000 0.327128 0.991379 0.359043
11 0.012213 0.356172 0.017241 0.329165
8 0.388649 0.812500 0.757902 0.359043
11 0.017601 0.843467 0.017241 0.350964
8 0.382902 0.047872 0.752514 0.079787
11 0.382902 0.048870 0.207820 0.056516
0 0.089799 0.287234 0.021552 0.039894
11 0.089799 0.319897 0.152401 0.031084
3 0.211925 0.327128 0.071839 0.106383
11 0.211925 0.330452 0.088116 0.067819
1 0.520115 0.327128 0.021552 0.039894
1 0.757902 0.446809 0.021552 0.039894
11 0.757902 0.479471 0.093727 0.031084
2 0.897270 0.446809 0.020115 0.037234
3 0.156609 0.752660 0.071839 0.106383
11 0.156609 0.755984 0.071490 0.067819
4 0.237069 0.752660 0.028736 0.053191
11 0.234914 0.694814 0.054033 0.067819
2 0.293822 0.752660 0.020115 0.037234
3 0.448994 0.859043 0.071839 0.106383
11 0.448994 0.862367 0.071490 0.067819
2 0.520115 0.752660 0.020115 0.037234
11 0.520115 0.783993 0.147829 0.031084
3 0.330460 0.859043 0.071839 0.106383
11 0.330460 0.862367 0.075647 0.067819
0 0.089799 0.752660 0.021552 0.039894
13 0.132902 0.317154 0.089080 0.025266
13 0.211925 0.180851 0.007184 0.191489
13 0.207615 0.753079 0.033046 0.013298
13 0.520115 0.540559 0.007184 0.392287
13 0.827945 0.446809 0.121408 0.013298
13 0.110632 0.752660 0.022989 0.013298
13 0.267601 0.752660 0.035201 0.013298
11 0.257545 0.736609 0.015825 0.033910
13 0.265984 0.819149 0.059986 0.085106
13 0.089080 0.178856 0.007184 0.182181
13 0.132902 0.543218 0.089080 0.384309
13 0.270833 0.543883 0.048851 0.385638
13 0.289152 0.566489 0.085489 0.484043
13 0.389727 0.859043 0.049569 0.013298
13 0.503592 0.815160 0.040230 0.093085
13 0.639009 0.386968 0.219109 0.125000
