8 0.130000 0.101167 0.200000 0.094333
8 0.130000 0.220333 0.200000 0.120667
8 0.130000 0.030000 0.200000 0.020000
0 0.050000 0.090000 0.010000 0.010000
2 0.130000 0.064667 0.009333 0.009333
3 0.086667 0.090000 0.033333 0.026667
1 0.175000 0.116667 0.010000 0.010000
1 0.130000 0.080000 0.010000 0.010000
1 0.196333 0.116667 0.010000 0.010000
2 0.216667 0.116667 0.009333 0.009333
2 0.145000 0.064667 0.009333 0.009333
1 0.101667 0.140000 0.010000 0.010000
3 0.086667 0.183333 0.033333 0.026667
4 0.126000 0.183333 0.013333 0.013333
0 0.050000 0.183333 0.010000 0.010000
2 0.154667 0.183333 0.009333 0.009333
3 0.126000 0.218333 0.033333 0.026667
2 0.162333 0.218333 0.009333 0.009333
3 0.126667 0.253000 0.033333 0.026667
2 0.163000 0.253000 0.009333 0.009333
