8 0.500000 0.052786 0.991348 0.087977
8 0.500000 0.368035 0.991348 0.366569
8 0.500000 0.807918 0.991348 0.366569
0 0.069214 0.368035 0.021629 0.043988
3 0.148522 0.368035 0.072098 0.117302
1 0.227830 0.368035 0.021629 0.043988
3 0.307138 0.368035 0.072098 0.117302
4 0.390050 0.368035 0.028839 0.058651
3 0.483778 0.265396 0.072098 0.117302
3 0.559481 0.463343 0.072098 0.117302
2 0.587599 0.265396 0.020187 0.041056
1 0.692141 0.463343 0.021629 0.043988
3 0.771449 0.463343 0.072098 0.117302
2 0.850036 0.463343 0.020187 0.041056
0 0.148522 0.807918 0.021629 0.043988
3 0.227830 0.807918 0.072098 0.117302
4 0.310743 0.807918 0.028839 0.058651
3 0.386446 0.903226 0.072098 0.117302
2 0.465032 0.903226 0.020187 0.041056
3 0.429704 0.705279 0.072098 0.117302
3 0.587599 0.807918 0.072098 0.117302
3 0.692141 0.807918 0.072098 0.117302
2 0.770728 0.807918 0.020187 0.041056
13 0.069214 0.221408 0.007210 0.255132
13 0.096251 0.368035 0.035328 0.014663
13 0.200793 0.368035 0.035328 0.014663
13 0.175559 0.807918 0.035328 0.014663
13 0.280101 0.808378 0.035328 0.014663
13 0.438717 0.903226 0.035328 0.014663
13 0.307138 0.617302 0.161500 0.460411
13 0.329418 0.518328 0.203457 0.262463
13 0.254867 0.368035 0.035328 0.014663
13 0.359409 0.368495 0.035328 0.014663
13 0.419070 0.302053 0.060202 0.079179
13 0.352379 0.741935 0.085436 0.079179
13 0.330750 0.870235 0.042177 0.071848
13 0.483778 0.151760 0.007210 0.115836
13 0.456921 0.430352 0.135905 0.071848
13 0.559481 0.250733 0.007210 0.313783
13 0.548666 0.265396 0.060562 0.014663
13 0.508652 0.756598 0.088681 0.108504
13 0.639870 0.807918 0.035328 0.014663
13 0.638428 0.463343 0.088681 0.014663
13 0.692141 0.617302 0.007210 0.269795
13 0.744412 0.807918 0.035328 0.014663
13 0.719178 0.463343 0.035328 0.014663
13 0.771449 0.250733 0.007210 0.313783
13 0.823720 0.463343 0.035328 0.014663
11 0.500000 0.052199 0.091134 0.020528
11 0.014852 0.368035 0.010094 0.156972
11 0.069372 0.411290 0.055110 0.036950
11 0.148522 0.367449 0.058918 0.062757
11 0.228050 0.401613 0.062444 0.017595
11 0.307138 0.367449 0.040152 0.041642
11 0.483778 0.264809 0.044718 0.062757
11 0.560569 0.462023 0.057081 0.064223
11 0.587343 0.297507 0.060050 0.017595
11 0.771449 0.462757 0.044718 0.062757
11 0.849780 0.495455 0.060050 0.017595
11 0.376942 0.280792 0.030020 0.036950
11 0.375964 0.317449 0.039599 0.036950
11 0.014852 0.807918 0.010094 0.110990
11 0.148387 0.860850 0.045872 0.056305
11 0.228918 0.796774 0.058670 0.041642
11 0.387645 0.892082 0.036556 0.062757
11 0.464776 0.935337 0.060050 0.017595
11 0.429704 0.703959 0.058996 0.064223
11 0.587599 0.807331 0.056270 0.062757
11 0.693341 0.807331 0.036556 0.062757
11 0.770472 0.840029 0.060050 0.017595
11 0.296683 0.663490 0.054074 0.036950
11 0.296991 0.779326 0.028733 0.036950
