8 0.500000 0.378122 0.989831 0.386613
8 0.500000 0.815185 0.989831 0.357642
8 0.491949 0.043457 0.973729 0.074925
0 0.106780 0.426573 0.025424 0.029970
3 0.213559 0.426573 0.084746 0.079920
1 0.408475 0.526474 0.025424 0.029970
4 0.709322 0.426573 0.033898 0.039960
3 0.811017 0.426573 0.084746 0.079920
1 0.472034 0.426573 0.025424 0.029970
3 0.588136 0.426573 0.084746 0.079920
1 0.512712 0.321678 0.025424 0.029970
1 0.666102 0.246753 0.025424 0.029970
2 0.944915 0.426573 0.023729 0.027972
0 0.120339 0.761239 0.025424 0.029970
3 0.213559 0.761239 0.084746 0.079920
4 0.311017 0.761239 0.033898 0.039960
3 0.408475 0.706294 0.084746 0.079920
3 0.408475 0.866134 0.084746 0.079920
4 0.666102 0.866134 0.033898 0.039960
2 0.944915 0.706294 0.023729 0.027972
2 0.944915 0.940060 0.023729 0.027972
3 0.729661 0.779221 0.084746 0.079920
3 0.852542 0.779221 0.084746 0.079920
2 0.944915 0.779221 0.023729 0.027972
3 0.729661 0.940060 0.084746 0.079920
13 0.145339 0.426573 0.055085 0.009990
13 0.289831 0.426872 0.071186 0.009990
13 0.152119 0.761239 0.041525 0.009990
13 0.275000 0.761552 0.041525 0.009990
13 0.408475 0.603896 0.008475 0.128871
13 0.420551 0.364136 0.162288 0.088911
13 0.747458 0.426887 0.045763 0.009990
13 0.338771 0.823676 0.058051 0.088911
13 0.338771 0.723776 0.058051 0.038961
13 0.550000 0.866408 0.201695 0.009990
13 0.565529 0.486513 0.292075 0.083916
13 0.368432 0.486513 0.058051 0.083916
13 0.408475 0.426816 0.105085 0.009990
13 0.515254 0.426573 0.064407 0.009990
13 0.691949 0.706294 0.485593 0.009990
13 0.852542 0.940060 0.164407 0.009990
13 0.676907 0.812687 0.024153 0.070929
13 0.791102 0.779221 0.041525 0.009990
13 0.913983 0.779221 0.041525 0.009990
13 0.497246 0.326673 0.315678 0.163836
13 0.106780 0.246254 0.008475 0.334665
13 0.811017 0.233766 0.008475 0.309690
13 0.893220 0.426573 0.083051 0.009990
13 0.440254 0.633866 0.066949 0.388611
13 0.621186 0.618382 0.220339 0.567433
13 0.693750 0.326673 0.033263 0.163836
13 0.759322 0.500500 0.189831 0.481518
13 0.661441 0.426875 0.065254 0.009990
13 0.166949 0.606394 0.096610 0.283716
13 0.617585 0.364136 0.187712 0.088911
13 0.676907 0.913087 0.024153 0.057942
11 0.017458 0.378122 0.011864 0.100954
11 0.103648 0.468032 0.063228 0.025175
11 0.213559 0.426174 0.069248 0.042757
11 0.297180 0.387113 0.043512 0.025175
11 0.410547 0.504995 0.066856 0.025175
11 0.811017 0.426174 0.051144 0.028372
11 0.453648 0.408092 0.063228 0.025175
11 0.588136 0.426174 0.051144 0.042757
11 0.514784 0.300200 0.066856 0.025175
11 0.668075 0.225275 0.056488 0.025175
11 0.017458 0.815185 0.011864 0.116946
11 0.114314 0.808292 0.071001 0.038362
11 0.213559 0.760839 0.054550 0.028372
11 0.391876 0.765734 0.073583 0.025175
11 0.408481 0.705894 0.059658 0.028372
11 0.408475 0.865734 0.051144 0.028372
11 0.593598 0.892607 0.066856 0.025175
11 0.730936 0.778821 0.060487 0.028372
11 0.852542 0.778821 0.057952 0.013986
11 0.729661 0.939660 0.051144 0.028372
11 0.299417 0.756144 0.019174 0.011988
11 0.299841 0.728172 0.009852 0.011988
11 0.654502 0.821079 0.019174 0.011988
11 0.654926 0.873027 0.009852 0.011988
11 0.491949 0.043057 0.106564 0.013986
