8 0.499961 0.348980 0.991375 0.405855
11 0.012108 0.375435 0.017094 0.299817
8 0.499961 0.801743 0.991375 0.381250
11 0.012108 0.820014 0.017094 0.207068
8 0.499854 0.047368 0.991375 0.078947
11 0.499854 0.048355 0.229396 0.055921
0 0.083333 0.336842 0.021368 0.039474
11 0.083333 0.379112 0.120124 0.061513
1 0.177350 0.336842 0.021368 0.039474
11 0.177350 0.379112 0.080082 0.061513
1 0.342593 0.336842 0.021368 0.039474
11 0.342593 0.379112 0.086882 0.061513
1 0.436610 0.336842 0.021368 0.039474
11 0.436610 0.379112 0.086882 0.061513
4 0.493590 0.336842 0.028490 0.052632
11 0.530464 0.372368 0.088187 0.067105
2 0.798647 0.260526 0.019943 0.036842
11 0.798647 0.291530 0.088393 0.030757
1 0.603989 0.471546 0.021368 0.039474
11 0.603989 0.513816 0.080838 0.061513
1 0.705199 0.471546 0.021368 0.039474
11 0.705199 0.513816 0.080838 0.061513
2 0.798647 0.471546 0.019943 0.036842
11 0.798647 0.502549 0.088393 0.030757
0 0.177350 0.801908 0.021368 0.039474
11 0.177350 0.844178 0.080082 0.061513
3 0.255698 0.801908 0.071225 0.105263
11 0.255698 0.805197 0.088187 0.067105
1 0.342593 0.801908 0.021368 0.039474
11 0.342593 0.844178 0.060440 0.061513
2 0.493590 0.899276 0.019943 0.036842
11 0.493590 0.930280 0.088393 0.030757
4 0.399573 0.801908 0.028490 0.052632
11 0.429304 0.837434 0.066758 0.067105
3 0.493590 0.698372 0.071225 0.105263
11 0.493590 0.701661 0.088187 0.067105
1 0.603989 0.698372 0.021368 0.039474
11 0.603989 0.740641 0.060440 0.061513
2 0.798647 0.698372 0.019943 0.036842
11 0.798647 0.729375 0.088393 0.030757
13 0.083333 0.201974 0.007123 0.235526
13 0.204060 0.801908 0.034900 0.013158
13 0.130342 0.336842 0.075499 0.013158
13 0.177350 0.569375 0.007123 0.430855
13 0.259972 0.336842 0.146724 0.013158
13 0.342593 0.569375 0.007123 0.430855
13 0.311610 0.801908 0.043447 0.013158
13 0.389601 0.336842 0.075499 0.013158
13 0.436610 0.201974 0.007123 0.235526
13 0.463319 0.337149 0.034900 0.013158
13 0.543625 0.417352 0.102208 0.113651
11 0.483974 0.343433 0.017094 0.062552
13 0.369302 0.802214 0.034900 0.013158
13 0.428953 0.736982 0.060897 0.082484
11 0.389957 0.755867 0.017094 0.062552
13 0.701674 0.698372 0.176852 0.013158
13 0.561254 0.698372 0.066952 0.013158
13 0.603989 0.584959 0.007123 0.192615
13 0.654594 0.471546 0.082692 0.013158
13 0.705199 0.269326 0.007123 0.370230
13 0.752279 0.471546 0.075641 0.013158
13 0.441773 0.863750 0.086538 0.076316
11 0.389957 0.813574 0.017094 0.028040
13 0.641311 0.285526 0.297578 0.055263
11 0.483974 0.295876 0.017094 0.028040
