8 0.243464 0.120583 0.456928 0.131165
8 0.243464 0.270583 0.456928 0.131165
8 0.231014 0.027716 0.412028 0.020000
3 0.116333 0.120151 0.033333 0.026667
3 0.359405 0.120151 0.033333 0.026667
4 0.167718 0.120151 0.013333 0.013333
3 0.216328 0.093193 0.033333 0.026667
4 0.317878 0.120151 0.013333 0.013333
2 0.409072 0.120151 0.009333 0.009333
1 0.276512 0.093193 0.010000 0.010000
0 0.058167 0.120227 0.010000 0.010000
0 0.047833 0.262333 0.010000 0.010000
3 0.083205 0.262333 0.033333 0.026667
4 0.167064 0.262333 0.013333 0.013333
3 0.275000 0.304581 0.033333 0.026667
4 0.359405 0.262333 0.013333 0.013333
2 0.404152 0.262333 0.009333 0.009333
3 0.322832 0.304581 0.033333 0.026667
3 0.208307 0.262333 0.033333 0.026667
1 0.235000 0.304581 0.010000 0.010000
3 0.126474 0.262333 0.033333 0.026667
11 0.302166 0.279192 0.033333 0.016667
