8 0.238833 0.049167 0.387667 0.018333
8 0.238833 0.126667 0.387667 0.083333
8 0.238833 0.235167 0.387667 0.090333
0 0.070000 0.130000 0.010000 0.010000
3 0.121333 0.130000 0.042667 0.026667
1 0.205000 0.150000 0.010000 0.010000
1 0.244000 0.130000 0.010000 0.010000
1 0.330000 0.130000 0.010000 0.010000
1 0.230000 0.150000 0.010000 0.010000
4 0.361667 0.130000 0.013333 0.013333
1 0.361667 0.095000 0.010000 0.010000
2 0.394667 0.130000 0.009333 0.009333
0 0.121333 0.240000 0.010000 0.010000
3 0.151667 0.240000 0.033333 0.026667
3 0.281667 0.240000 0.033333 0.026667
4 0.191667 0.240000 0.013333 0.013333
1 0.244000 0.240000 0.010000 0.010000
1 0.191667 0.215000 0.010000 0.010000
1 0.330000 0.240000 0.010000 0.010000
2 0.394667 0.240000 0.009333 0.009333
