8 0.482039 0.050541 0.950285 0.083333
8 0.500108 0.351389 0.991240 0.347222
8 0.500108 0.793012 0.991240 0.397135
0 0.071803 0.323611 0.022438 0.041667
3 0.147719 0.323611 0.084518 0.111111
3 0.545914 0.242467 0.074794 0.111111
3 0.662183 0.351389 0.074794 0.111111
2 0.627440 0.242467 0.020942 0.038889
1 0.803635 0.351389 0.022438 0.041667
3 0.885909 0.351389 0.074794 0.111111
2 0.967435 0.351389 0.020942 0.038889
1 0.463972 0.242868 0.022438 0.041667
1 0.553725 0.351389 0.022438 0.041667
0 0.148093 0.719444 0.022438 0.041667
3 0.235228 0.719444 0.084518 0.111111
3 0.482203 0.719444 0.074794 0.111111
3 0.586731 0.884458 0.074794 0.111111
3 0.700045 0.884458 0.084518 0.111111
3 0.803635 0.884458 0.074794 0.111111
2 0.885161 0.884458 0.020942 0.038889
2 0.563728 0.719444 0.020942 0.038889
4 0.330389 0.719444 0.029918 0.055556
12 0.071803 0.197493 0.007479 0.216126
12 0.094241 0.323611 0.025430 0.013889
12 0.148093 0.538889 0.007479 0.325000
12 0.176141 0.719444 0.036649 0.013889
12 0.640957 0.884458 0.036649 0.013889
12 0.425491 0.269150 0.057516 0.058922
12 0.491854 0.243003 0.036317 0.013889
12 0.545914 0.139560 0.007479 0.100260
12 0.594865 0.351389 0.062833 0.013889
12 0.662183 0.194020 0.007479 0.209181
12 0.600140 0.242467 0.036649 0.013889
12 0.745998 0.351389 0.095827 0.013889
12 0.754271 0.884458 0.026926 0.013889
12 0.857861 0.884458 0.036649 0.013889
12 0.803635 0.600562 0.007479 0.462236
12 0.831683 0.351389 0.036649 0.013889
12 0.885909 0.194020 0.007479 0.209181
12 0.940135 0.351389 0.036649 0.013889
12 0.571935 0.600562 0.032584 0.462236
12 0.471070 0.463795 0.017188 0.405743
12 0.536429 0.719444 0.036649 0.013889
12 0.283730 0.323996 0.190497 0.013889
12 0.474953 0.337847 0.138098 0.032639
12 0.296459 0.719887 0.040935 0.013889
12 0.439771 0.815840 0.222119 0.142792
12 0.395077 0.719444 0.102449 0.013889
