8 0.500000 0.092407 0.990971 0.167622
8 0.500000 0.381089 0.990971 0.358166
8 0.505643 0.822350 0.979684 0.338109
0 0.075245 0.381089 0.022573 0.042980
3 0.155004 0.381089 0.075245 0.114613
3 0.267871 0.378223 0.075245 0.114613
1 0.365688 0.378223 0.022573 0.042980
4 0.425884 0.378223 0.030098 0.057307
3 0.516178 0.280802 0.075245 0.114613
3 0.572611 0.474212 0.075245 0.114613
1 0.775771 0.474212 0.022573 0.042980
3 0.854778 0.474212 0.075245 0.114613
2 0.635816 0.280802 0.021068 0.040115
2 0.963130 0.474212 0.021068 0.040115
0 0.075245 0.832378 0.022573 0.042980
3 0.188864 0.832378 0.075245 0.114613
4 0.448457 0.832378 0.030098 0.057307
2 0.516178 0.716332 0.021068 0.040115
3 0.651618 0.832378 0.075245 0.114613
3 0.775771 0.832378 0.075245 0.114613
2 0.884123 0.832378 0.021068 0.040115
3 0.365688 0.832378 0.075245 0.114613
13 0.075245 0.267908 0.007524 0.189112
13 0.101956 0.381089 0.033860 0.014327
13 0.211437 0.379656 0.040632 0.014327
13 0.171558 0.623209 0.195636 0.381089
13 0.118886 0.832378 0.067720 0.014327
13 0.329947 0.378223 0.051919 0.014327
13 0.277276 0.832378 0.104590 0.014327
13 0.365688 0.587393 0.007524 0.381089
13 0.393905 0.378557 0.036870 0.014327
13 0.516178 0.199857 0.007524 0.053009
13 0.452408 0.315186 0.055305 0.074499
13 0.418360 0.832832 0.033108 0.014327
13 0.480625 0.440544 0.111738 0.073066
13 0.477239 0.760029 0.059819 0.093123
13 0.589541 0.280802 0.074492 0.014327
13 0.687359 0.474212 0.157261 0.014327
13 0.572611 0.296562 0.007524 0.246418
13 0.775771 0.635387 0.007524 0.285100
13 0.713695 0.832378 0.051919 0.014327
13 0.843491 0.832378 0.063205 0.014327
13 0.802107 0.474212 0.033108 0.014327
13 0.854778 0.296562 0.007524 0.246418
13 0.922498 0.474212 0.063205 0.014327
13 0.538751 0.832777 0.153499 0.014327
11 0.500000 0.091834 0.036385 0.020057
11 0.015500 0.381089 0.010534 0.154339
11 0.075074 0.423352 0.053835 0.036103
11 0.156137 0.380516 0.054717 0.040688
11 0.269003 0.377650 0.062241 0.040688
11 0.375071 0.310172 0.053377 0.036103
11 0.516434 0.280229 0.040675 0.061318
11 0.573616 0.473639 0.061736 0.061318
11 0.855287 0.473639 0.040169 0.061318
11 0.636082 0.321633 0.047183 0.036103
11 0.963396 0.515043 0.047183 0.036103
11 0.415961 0.330802 0.008747 0.017192
11 0.415585 0.370917 0.017024 0.017192
11 0.026787 0.822350 0.010534 0.116093
11 0.074974 0.874642 0.067179 0.036103
11 0.189997 0.831805 0.057221 0.061318
11 0.512874 0.866046 0.056598 0.036103
11 0.516443 0.757163 0.047183 0.036103
11 0.651618 0.831805 0.062485 0.040688
11 0.776908 0.831805 0.057727 0.040688
11 0.884416 0.873209 0.066801 0.036103
11 0.366825 0.831805 0.057727 0.040688
11 0.438535 0.784957 0.008747 0.017192
11 0.478038 0.812178 0.017024 0.017192
