8 0.500000 0.395062 0.989238 0.362140
8 0.430045 0.788066 0.849327 0.407407
8 0.433408 0.064472 0.842601 0.112483
0 0.065919 0.344307 0.026906 0.041152
3 0.164574 0.344307 0.089686 0.109739
3 0.393274 0.344307 0.089686 0.109739
3 0.852915 0.296296 0.089686 0.109739
4 0.621973 0.344307 0.035874 0.054870
3 0.736323 0.454047 0.089686 0.109739
3 0.852915 0.454047 0.089686 0.109739
2 0.926906 0.481481 0.025112 0.038409
5 0.621973 0.426612 0.035874 0.054870
3 0.513901 0.508916 0.089686 0.109739
0 0.164406 0.851852 0.026906 0.041152
3 0.249776 0.858711 0.089686 0.109739
3 0.330493 0.721536 0.089686 0.109739
4 0.330493 0.858711 0.035874 0.054870
3 0.453812 0.858711 0.089686 0.109739
3 0.707007 0.721536 0.089686 0.109739
1 0.595067 0.721536 0.026906 0.041152
1 0.595067 0.893004 0.026906 0.041152
2 0.707007 0.893004 0.025112 0.038409
11 0.675785 0.934842 0.089686 0.028807
12 0.099552 0.344307 0.043946 0.013717
12 0.164406 0.615226 0.008969 0.437586
12 0.191396 0.858711 0.030661 0.013717
12 0.278924 0.344307 0.142601 0.013717
12 0.831390 0.181070 0.008969 0.126200
12 0.303587 0.859165 0.021525 0.013717
12 0.330761 0.803841 0.008969 0.060357
12 0.521076 0.344690 0.169507 0.013717
12 0.715247 0.306584 0.189238 0.026063
12 0.378700 0.859130 0.064126 0.013717
12 0.510902 0.859156 0.028083 0.013717
12 0.561575 0.776406 0.043666 0.115226
12 0.561575 0.889575 0.043666 0.013717
12 0.635342 0.721536 0.057231 0.013717
12 0.663453 0.604938 0.140359 0.197531
12 0.619731 0.920680 0.026009 0.030647
12 0.794619 0.454047 0.030493 0.013717
12 0.651485 0.893004 0.089518 0.013717
12 0.707007 0.825103 0.008969 0.102881
12 0.065919 0.222222 0.008969 0.208505
12 0.852915 0.375171 0.008969 0.053498
12 0.912332 0.379287 0.032735 0.171468
12 0.430090 0.601509 0.119640 0.410151
12 0.361883 0.532922 0.008969 0.272977
12 0.622536 0.385460 0.008969 0.032922
12 0.665695 0.440672 0.055157 0.032236
12 0.581390 0.468107 0.048879 0.087106
12 0.513901 0.287380 0.008969 0.338820
12 0.692377 0.522634 0.270852 0.032922
12 0.800098 0.615226 0.100084 0.218107
