8 0.500000 0.061644 0.987342 0.102740
11 0.500000 0.062928 0.445524 0.072774
8 0.500000 0.337329 0.987342 0.397260
11 0.017932 0.374728 0.025316 0.423856
8 0.500000 0.775685 0.987342 0.428082
11 0.017932 0.815561 0.025316 0.451926
0 0.101266 0.243151 0.031646 0.051370
3 0.217300 0.243151 0.105485 0.136986
11 0.217300 0.251284 0.073237 0.130993
1 0.739451 0.414384 0.031646 0.051370
2 0.931435 0.414384 0.029536 0.047945
11 0.931435 0.454730 0.195807 0.040026
1 0.459916 0.243151 0.031646 0.051370
11 0.459916 0.285210 0.176786 0.040026
3 0.623418 0.243151 0.105485 0.136986
11 0.623418 0.251284 0.145253 0.130993
3 0.836498 0.410959 0.105485 0.136986
11 0.836498 0.415240 0.114738 0.087329
0 0.101266 0.647260 0.031646 0.051370
3 0.217300 0.647260 0.105485 0.136986
11 0.217300 0.655394 0.104973 0.130993
4 0.338608 0.647260 0.042194 0.068493
11 0.389964 0.679366 0.120841 0.043664
3 0.739451 0.647260 0.105485 0.136986
11 0.739451 0.651541 0.118400 0.087329
3 0.459916 0.827055 0.105485 0.136986
11 0.459916 0.831336 0.111076 0.087329
3 0.633966 0.827055 0.105485 0.136986
11 0.633966 0.835188 0.104973 0.130993
2 0.931435 0.647260 0.029536 0.047945
13 0.101266 0.165240 0.010549 0.111301
13 0.140823 0.243151 0.051688 0.017123
13 0.158826 0.466610 0.119340 0.316781
13 0.140823 0.647260 0.051688 0.017123
13 0.293776 0.647798 0.051688 0.017123
13 0.373154 0.754281 0.072257 0.152397
11 0.324367 0.662029 0.025316 0.039298
13 0.546941 0.827055 0.072785 0.017123
13 0.713080 0.771404 0.056962 0.118151
13 0.854430 0.647260 0.128692 0.017123
13 0.293776 0.243688 0.051688 0.017123
13 0.401899 0.243562 0.088608 0.017123
13 0.531382 0.345890 0.388713 0.143836
13 0.739451 0.509418 0.010549 0.145548
13 0.459916 0.513699 0.010549 0.496575
13 0.523207 0.243151 0.099156 0.017123
13 0.707806 0.315925 0.067511 0.152397
13 0.523207 0.647723 0.331224 0.017123
11 0.380305 0.627918 0.037087 0.043775
13 0.769515 0.412671 0.032700 0.017123
13 0.902954 0.412671 0.031646 0.017123
13 0.836498 0.227740 0.010549 0.236301
