8 0.499792 0.364366 0.989666 0.431896
8 0.493304 0.855207 0.976690 0.265717
8 0.503447 0.069345 0.982356 0.116732
3 0.257463 0.391609 0.082645 0.155642
0 0.182471 0.391609 0.024793 0.058366
1 0.397045 0.391609 0.024793 0.058366
1 0.459029 0.391609 0.024793 0.058366
0 0.569686 0.391609 0.024793 0.058366
3 0.660595 0.391609 0.082645 0.155642
1 0.846938 0.391609 0.024793 0.058366
1 0.908921 0.391609 0.024793 0.058366
2 0.970078 0.391609 0.023140 0.054475
0 0.257463 0.875486 0.024793 0.058366
1 0.439281 0.875486 0.024793 0.058366
3 0.348372 0.875486 0.082645 0.155642
0 0.660595 0.875486 0.024793 0.058366
1 0.846938 0.875486 0.024793 0.058366
2 0.911746 0.875486 0.023140 0.054475
3 0.756029 0.875486 0.082645 0.155642
13 0.205504 0.391609 0.024578 0.019455
13 0.182471 0.245069 0.008264 0.242497
13 0.257463 0.657867 0.008264 0.384656
13 0.341717 0.391609 0.089169 0.019455
13 0.428037 0.391609 0.040496 0.019455
13 0.600678 0.391609 0.040496 0.019455
13 0.768229 0.391609 0.135930 0.019455
13 0.877930 0.391609 0.040496 0.019455
13 0.939913 0.391609 0.040496 0.019455
13 0.459029 0.245069 0.008264 0.242497
13 0.569686 0.245069 0.008264 0.242497
13 0.908921 0.245069 0.008264 0.242497
13 0.408289 0.875486 0.040496 0.019455
13 0.288455 0.875486 0.040496 0.019455
13 0.418163 0.633548 0.045541 0.433294
13 0.879755 0.875486 0.044147 0.019455
13 0.815946 0.875486 0.040496 0.019455
13 0.693849 0.875486 0.045021 0.019455
13 0.660595 0.657867 0.008264 0.384656
13 0.846938 0.633548 0.008264 0.433294
11 0.017025 0.363813 0.011570 0.208266
11 0.257851 0.390272 0.069197 0.055253
11 0.397353 0.435603 0.062474 0.023346
11 0.457231 0.314981 0.056612 0.023346
11 0.660331 0.390272 0.065880 0.055253
11 0.846666 0.435603 0.061926 0.023346
11 0.017025 0.855058 0.011570 0.073318
11 0.348760 0.874708 0.067531 0.055253
11 0.756198 0.874708 0.067531 0.055253
11 0.503719 0.069261 0.054016 0.027237
