8 0.500000 0.035881 0.994074 0.062402
8 0.500000 0.345944 0.994074 0.378315
8 0.500000 0.821763 0.994074 0.347114
0 0.062222 0.346334 0.014815 0.023401
3 0.119753 0.346334 0.055802 0.062402
1 0.230123 0.346334 0.014815 0.023401
3 0.284444 0.346334 0.049383 0.062402
1 0.284444 0.437598 0.014815 0.023401
3 0.353580 0.437598 0.049383 0.062402
2 0.507654 0.346334 0.013827 0.021841
0 0.062222 0.822153 0.014815 0.023401
3 0.116543 0.822153 0.049383 0.062402
4 0.173333 0.822153 0.019753 0.031201
1 0.116543 0.952418 0.014815 0.023401
3 0.230123 0.822153 0.049383 0.062402
3 0.284444 0.913417 0.049383 0.062402
2 0.507654 0.822153 0.013827 0.021841
12 0.109136 0.199688 0.049383 0.039002
13 0.062222 0.200858 0.004938 0.270671
13 0.073333 0.243669 0.024198 0.088832
13 0.080741 0.346334 0.024198 0.007800
13 0.091235 0.593994 0.059012 0.436037
13 0.080741 0.822153 0.024198 0.007800
13 0.152346 0.822398 0.024198 0.007800
13 0.194321 0.822400 0.024198 0.007800
13 0.216667 0.875585 0.088148 0.078783
13 0.116543 0.897036 0.004938 0.090484
13 0.160494 0.346583 0.027654 0.007800
13 0.230123 0.574493 0.004938 0.436037
13 0.207901 0.346520 0.031605 0.007800
13 0.248642 0.346334 0.024198 0.007800
13 0.284444 0.191108 0.004938 0.251170
13 0.230247 0.399766 0.095556 0.078783
13 0.310370 0.437598 0.039012 0.007800
13 0.353580 0.236739 0.004938 0.342434
13 0.204198 0.948518 0.162469 0.010920
13 0.284444 0.665757 0.004938 0.436037
13 0.377778 0.822153 0.247901 0.007800
13 0.259012 0.432527 0.191111 0.144306
13 0.404938 0.346334 0.193580 0.007800
11 0.010173 0.035881 0.006914 0.037719
11 0.010173 0.345944 0.006914 0.022115
11 0.062114 0.364197 0.035340 0.009360
11 0.120499 0.346022 0.041844 0.022153
11 0.285266 0.346022 0.025039 0.033385
11 0.354324 0.437285 0.035255 0.022153
11 0.508302 0.368565 0.036852 0.019657
11 0.010173 0.821763 0.006914 0.029396
11 0.062373 0.840016 0.036844 0.009360
11 0.116631 0.821841 0.023059 0.022153
11 0.174414 0.787754 0.041667 0.009360
11 0.116362 0.970281 0.039144 0.009360
11 0.230123 0.821841 0.029475 0.033385
11 0.285189 0.913105 0.035255 0.022153
11 0.508488 0.844384 0.036235 0.019657
11 0.107338 0.202184 0.038873 0.033385
11 0.189522 0.811154 0.004722 0.009360
11 0.166617 0.818955 0.010270 0.009360
11 0.055201 0.174649 0.035340 0.009360
