8 0.460161 0.040359 0.909579 0.067265
8 0.466428 0.326774 0.922113 0.438301
8 0.500000 0.783844 0.989257 0.419785
0 0.099373 0.247758 0.026858 0.033632
3 0.197851 0.247758 0.089526 0.089686
3 0.595345 0.247758 0.089526 0.089686
1 0.649955 0.471973 0.026858 0.033632
3 0.747538 0.474215 0.089526 0.089686
3 0.529096 0.471973 0.089526 0.089686
1 0.469114 0.247758 0.026858 0.033632
1 0.414503 0.374439 0.026858 0.033632
2 0.823635 0.471973 0.025067 0.031390
2 0.692927 0.247758 0.025067 0.031390
0 0.099373 0.624400 0.026858 0.033632
3 0.099373 0.714086 0.089526 0.089686
3 0.521934 0.714086 0.089526 0.089686
3 0.520143 0.844660 0.089526 0.089686
4 0.339767 0.714086 0.035810 0.044843
3 0.649955 0.844660 0.089526 0.089686
2 0.649955 0.757808 0.025067 0.031390
2 0.607878 0.714086 0.025067 0.031390
3 0.244559 0.714086 0.089526 0.089686
12 0.694718 0.947799 0.089526 0.056054
13 0.099373 0.152466 0.008953 0.161435
13 0.099373 0.655229 0.008953 0.032511
13 0.132945 0.247758 0.043868 0.011211
13 0.444047 0.248127 0.026858 0.011211
13 0.692927 0.153027 0.008953 0.162556
13 0.585049 0.844660 0.043868 0.011211
13 0.650482 0.904637 0.008953 0.034753
13 0.683080 0.473094 0.042972 0.011211
13 0.801701 0.472619 0.022381 0.011211
13 0.823635 0.265135 0.008953 0.386771
13 0.538496 0.481482 0.142346 0.438301
13 0.581021 0.714086 0.032229 0.011211
13 0.605192 0.471973 0.066249 0.011211
13 0.516562 0.247885 0.071620 0.011211
13 0.414718 0.313901 0.008953 0.091928
13 0.449418 0.431614 0.073411 0.085202
13 0.432520 0.587128 0.191361 0.429862
13 0.529096 0.250561 0.008953 0.357623
13 0.649955 0.786660 0.008953 0.030798
13 0.649955 0.615451 0.008953 0.257808
13 0.660251 0.247758 0.043868 0.011211
13 0.171966 0.717823 0.059241 0.011211
13 0.305592 0.714444 0.036121 0.011211
13 0.417421 0.701530 0.123080 0.014648
13 0.407797 0.790584 0.138747 0.112637
13 0.148612 0.450092 0.102059 0.319467
13 0.319606 0.248072 0.157565 0.011211
11 0.460161 0.039910 0.113162 0.015695
11 0.018442 0.326794 0.012534 0.128626
11 0.197851 0.247309 0.073154 0.031839
11 0.595345 0.247309 0.074345 0.047982
11 0.748891 0.473767 0.060332 0.047982
11 0.529096 0.471525 0.072535 0.047982
11 0.693256 0.272309 0.075858 0.013453
11 0.443851 0.231951 0.008561 0.013453
11 0.018442 0.783632 0.012534 0.139084
11 0.100863 0.713677 0.077034 0.064126
11 0.521934 0.713677 0.071968 0.031839
11 0.520143 0.843722 0.074953 0.031839
11 0.344442 0.667601 0.051463 0.028251
11 0.650114 0.843722 0.041803 0.031839
11 0.244405 0.713677 0.062998 0.031839
11 0.693995 0.942825 0.075546 0.031839
11 0.363278 0.690471 0.008561 0.013453
11 0.328020 0.709529 0.018619 0.013453
