8 0.500000 0.272422 0.989691 0.295964
11 0.014605 0.286367 0.020619 0.158048
8 0.500000 0.724215 0.989691 0.538117
11 0.014605 0.731999 0.020619 0.088213
8 0.500000 0.048206 0.989691 0.082960
11 0.500000 0.049047 0.172312 0.047646
0 0.069588 0.272422 0.025773 0.033632
3 0.164089 0.272422 0.085911 0.089686
11 0.164089 0.272702 0.110346 0.028587
3 0.692440 0.359865 0.085911 0.089686
11 0.692440 0.365191 0.082511 0.085762
2 0.785223 0.359865 0.024055 0.031390
1 0.452749 0.182735 0.025773 0.033632
11 0.453608 0.153097 0.082925 0.026205
3 0.546392 0.182735 0.085911 0.089686
11 0.546392 0.188061 0.112334 0.085762
1 0.546392 0.359865 0.025773 0.033632
11 0.547251 0.330227 0.048297 0.026205
2 0.640034 0.182735 0.024055 0.031390
0 0.082474 0.724215 0.025773 0.033632
3 0.189863 0.724215 0.085911 0.089686
11 0.189863 0.727018 0.085493 0.057175
4 0.299399 0.724215 0.034364 0.044843
11 0.300258 0.761491 0.148122 0.028587
3 0.546392 0.536996 0.085911 0.089686
11 0.546392 0.537276 0.108358 0.028587
3 0.452749 0.724215 0.085911 0.089686
11 0.452749 0.727018 0.090464 0.057175
3 0.692440 0.724215 0.085911 0.089686
11 0.692440 0.727018 0.085493 0.057175
2 0.546392 0.647982 0.024055 0.031390
13 0.101804 0.272422 0.042096 0.011211
13 0.121134 0.724215 0.054983 0.011211
13 0.692440 0.202354 0.008591 0.229821
13 0.754296 0.359865 0.041237 0.011211
13 0.546392 0.113789 0.008591 0.052691
13 0.244631 0.272754 0.078608 0.011211
13 0.369845 0.216368 0.143471 0.071749
13 0.604381 0.359865 0.093643 0.011211
13 0.484536 0.182735 0.041237 0.011211
13 0.572595 0.724215 0.157216 0.011211
13 0.257517 0.724560 0.052835 0.011211
13 0.123282 0.512332 0.085052 0.394619
13 0.401632 0.619395 0.207045 0.169283
11 0.383424 0.523823 0.019588 0.028587
13 0.363187 0.724544 0.096649 0.011211
11 0.352646 0.711036 0.030191 0.028587
13 0.452749 0.439462 0.008591 0.484305
13 0.546392 0.434417 0.008591 0.119955
13 0.416667 0.327354 0.237113 0.069507
13 0.640893 0.608184 0.106529 0.146861
13 0.069588 0.172646 0.008591 0.170404
13 0.608677 0.182735 0.042096 0.011211
13 0.546392 0.607063 0.008591 0.054933
