8 0.217833 0.097167 0.395667 0.102333
8 0.217833 0.025500 0.395667 0.031000
8 0.217833 0.212167 0.395667 0.113000
0 0.045000 0.094667 0.010000 0.010000
3 0.093167 0.094667 0.043000 0.026667
2 0.394667 0.094667 0.009333 0.009333
1 0.178333 0.105000 0.010000 0.010000
3 0.356667 0.094667 0.033333 0.026667
1 0.315000 0.094667 0.010000 0.010000
6 0.141667 0.074667 0.013333 0.013333
6 0.209667 0.105000 0.013333 0.013333
1 0.238333 0.105000 0.010000 0.010000
6 0.283333 0.074667 0.013333 0.013333
6 0.263333 0.105000 0.013333 0.013333
0 0.050000 0.230333 0.010000 0.010000
3 0.088333 0.230333 0.033333 0.026667
4 0.136667 0.230333 0.013333 0.013333
2 0.394667 0.254667 0.009333 0.009333
1 0.178333 0.204667 0.010000 0.010000
3 0.236667 0.204667 0.033333 0.026667
4 0.295000 0.204667 0.013333 0.013333
1 0.295000 0.171667 0.010000 0.010000
2 0.371333 0.204667 0.009333 0.009333
