8 0.500000 0.296586 0.985965 0.370949
8 0.357895 0.041667 0.584795 0.069444
8 0.492398 0.752894 0.732164 0.480324
0 0.112281 0.255787 0.035088 0.034722
3 0.240936 0.255787 0.116959 0.092593
1 0.492398 0.197917 0.035088 0.034722
1 0.492398 0.319444 0.035088 0.034722
1 0.831579 0.319444 0.035088 0.034722
2 0.578947 0.197917 0.032749 0.032407
0 0.231579 0.657407 0.035088 0.034722
3 0.360234 0.657407 0.116959 0.092593
2 0.669006 0.657407 0.032749 0.032407
4 0.494737 0.657407 0.046784 0.046296
3 0.494737 0.888889 0.116959 0.092593
1 0.494737 0.753472 0.035088 0.034722
12 0.307602 0.784722 0.116959 0.057870
12 0.307602 0.888889 0.116959 0.057870
13 0.112281 0.157407 0.011696 0.166667
13 0.230409 0.471065 0.011696 0.342593
13 0.275439 0.657407 0.057310 0.011574
13 0.156140 0.255787 0.057310 0.011574
13 0.445029 0.657771 0.057310 0.011574
13 0.589474 0.423067 0.163743 0.440903
13 0.494737 0.806713 0.011696 0.076389
13 0.611111 0.781250 0.120468 0.219907
13 0.337427 0.256139 0.080702 0.011574
13 0.437135 0.215278 0.080117 0.039352
13 0.437135 0.299190 0.080117 0.045139
13 0.493567 0.536458 0.011696 0.403935
13 0.661988 0.319444 0.308772 0.011574
13 0.587719 0.339988 0.492398 0.171875
13 0.536257 0.197917 0.057310 0.011574
13 0.297194 0.729745 0.050067 0.056713
13 0.401170 0.888446 0.074854 0.011574
13 0.578947 0.129051 0.011696 0.109954
13 0.585380 0.657686 0.139181 0.011574
13 0.495013 0.708333 0.011696 0.060185
13 0.740936 0.171296 0.185965 0.266204
11 0.024094 0.296875 0.016374 0.132794
11 0.112025 0.289931 0.083699 0.029167
11 0.242703 0.255324 0.095212 0.032870
11 0.493403 0.160301 0.081542 0.029167
11 0.434433 0.368171 0.085240 0.044444
11 0.901099 0.365856 0.085240 0.044444
11 0.643110 0.197338 0.081542 0.029167
11 0.357895 0.041204 0.147839 0.016204
11 0.143392 0.752894 0.016374 0.143591
11 0.231323 0.691551 0.083699 0.029167
11 0.362000 0.656944 0.100658 0.032870
11 0.731999 0.656829 0.081542 0.029167
11 0.515552 0.612153 0.100110 0.013889
11 0.494737 0.888426 0.097126 0.032870
11 0.304514 0.780093 0.094408 0.032870
11 0.301005 0.884259 0.087390 0.032870
11 0.571841 0.641088 0.084032 0.013889
11 0.518640 0.702431 0.096929 0.013889
11 0.539211 0.564236 0.091287 0.032870
11 0.623608 0.148495 0.089321 0.016204
11 0.877223 0.110680 0.091287 0.032870
