8 0.493636 0.359675 0.977725 0.391433
11 0.013524 0.390441 0.019093 0.348681
8 0.500000 0.795421 0.990453 0.391433
11 0.013524 0.815932 0.019093 0.232454
8 0.403341 0.053176 0.797136 0.088626
11 0.403341 0.054284 0.256222 0.062777
0 0.076372 0.351551 0.023866 0.044313
11 0.076372 0.399003 0.066664 0.069055
3 0.167064 0.351551 0.079554 0.118168
11 0.167064 0.355244 0.092976 0.075332
1 0.258552 0.261448 0.023866 0.044313
3 0.350835 0.299852 0.079554 0.118168
11 0.350835 0.306869 0.093897 0.112999
1 0.466985 0.447563 0.023866 0.044313
3 0.583930 0.447563 0.079554 0.118168
11 0.583930 0.451256 0.093897 0.075332
1 0.684169 0.474151 0.023866 0.044313
3 0.771679 0.474151 0.079554 0.118168
11 0.771679 0.477843 0.102182 0.075332
2 0.887033 0.261448 0.022275 0.041359
0 0.136038 0.781388 0.023866 0.044313
3 0.223548 0.781388 0.079554 0.118168
11 0.223548 0.785081 0.098500 0.075332
4 0.330947 0.781388 0.031822 0.059084
3 0.422434 0.682422 0.079554 0.118168
11 0.422434 0.686115 0.092976 0.075332
3 0.546539 0.867061 0.079554 0.118168
11 0.546539 0.870753 0.083771 0.075332
3 0.677804 0.867061 0.079554 0.118168
11 0.677804 0.867430 0.096659 0.037666
2 0.945107 0.682422 0.022275 0.041359
3 0.810660 0.865583 0.079554 0.118168
11 0.810660 0.869276 0.092976 0.075332
13 0.076372 0.213442 0.007955 0.237814
13 0.107796 0.351551 0.042164 0.014771
13 0.137629 0.584934 0.007955 0.354505
13 0.165871 0.781388 0.038982 0.014771
13 0.289181 0.781838 0.054893 0.014771
13 0.612172 0.867061 0.054893 0.014771
13 0.326572 0.453471 0.123525 0.345643
13 0.291248 0.261448 0.044707 0.014771
13 0.509035 0.638848 0.077541 0.344165
13 0.356081 0.717134 0.052656 0.075332
11 0.320207 0.693738 0.019093 0.314782
13 0.419053 0.838996 0.178600 0.062038
11 0.315434 0.767778 0.028640 0.213083
13 0.224741 0.381557 0.038982 0.014771
13 0.258756 0.317578 0.007955 0.073855
13 0.357001 0.429099 0.199284 0.042836
13 0.511535 0.447563 0.068417 0.014771
13 0.350835 0.169129 0.007955 0.149188
11 0.339698 0.199254 0.019093 0.341417
13 0.583930 0.242984 0.007955 0.296898
11 0.572792 0.281655 0.019093 0.438273
13 0.744232 0.866322 0.056484 0.014771
13 0.897772 0.784343 0.097852 0.168390
13 0.649507 0.474151 0.048640 0.014771
13 0.714002 0.474151 0.038982 0.014771
13 0.766905 0.256278 0.007955 0.323486
11 0.750994 0.280848 0.028640 0.278460
13 0.849244 0.378139 0.078759 0.197932
13 0.698384 0.682422 0.475527 0.014771
13 0.633254 0.261448 0.488465 0.014771
13 0.747414 0.651403 0.129674 0.316100
