8 0.504391 0.057416 0.978046 0.095694
8 0.504391 0.332536 0.978046 0.358852
8 0.504391 0.775120 0.978046 0.430622
0 0.097695 0.320574 0.032931 0.047847
3 0.229418 0.320574 0.109769 0.127592
1 0.454446 0.429027 0.032931 0.047847
3 0.789243 0.429027 0.109769 0.127592
2 0.925357 0.429027 0.030735 0.044657
1 0.521405 0.320574 0.032931 0.047847
3 0.646542 0.320574 0.109769 0.127592
3 0.251372 0.759171 0.109769 0.127592
4 0.356751 0.759171 0.043908 0.063796
3 0.794731 0.671451 0.109769 0.127592
0 0.097695 0.759171 0.032931 0.047847
3 0.520307 0.886762 0.109769 0.127592
3 0.679473 0.886762 0.109769 0.127592
2 0.903403 0.671451 0.030735 0.044657
4 0.679473 0.671451 0.043908 0.063796
13 0.144347 0.320574 0.064764 0.015949
13 0.309550 0.321074 0.054885 0.015949
13 0.155324 0.759171 0.086718 0.015949
13 0.320527 0.759691 0.032931 0.015949
13 0.624588 0.530303 0.344676 0.161085
13 0.163557 0.559809 0.136114 0.357257
13 0.602634 0.429027 0.267838 0.015949
13 0.789243 0.235247 0.010977 0.266348
13 0.599890 0.886762 0.053787 0.015949
13 0.521405 0.583732 0.010977 0.484848
13 0.411361 0.838915 0.112514 0.102073
13 0.868825 0.671451 0.042810 0.015949
13 0.720637 0.671966 0.042810 0.015949
13 0.679789 0.763158 0.010977 0.125997
13 0.877058 0.429027 0.070252 0.015949
13 0.564764 0.320574 0.058178 0.015949
13 0.646542 0.181021 0.010977 0.157895
13 0.397640 0.390750 0.085071 0.082935
13 0.441822 0.320961 0.130626 0.015949
13 0.097695 0.200957 0.010977 0.197767
13 0.501921 0.240032 0.293633 0.103668
13 0.507409 0.699761 0.304610 0.061404
11 0.031394 0.057416 0.062788 0.087747
11 0.031394 0.332536 0.015368 0.182989
11 0.099213 0.367624 0.079874 0.040191
11 0.229418 0.319936 0.089696 0.068262
11 0.454394 0.476077 0.063563 0.040191
11 0.789243 0.428389 0.068083 0.045295
11 0.926797 0.474482 0.081915 0.040191
11 0.522743 0.367624 0.072928 0.040191
11 0.647830 0.319936 0.079097 0.068262
11 0.031394 0.775120 0.015368 0.197867
11 0.251372 0.758533 0.091156 0.045295
11 0.427552 0.796651 0.058178 0.040191
11 0.794731 0.670813 0.083455 0.068262
11 0.099710 0.806220 0.085260 0.040191
11 0.521961 0.886124 0.078365 0.068262
11 0.679473 0.886124 0.070658 0.091228
11 0.905418 0.716906 0.085260 0.040191
11 0.341820 0.752632 0.022829 0.019139
11 0.342241 0.707974 0.010497 0.019139
