8 0.500000 0.381041 0.990998 0.335812
8 0.500750 0.058240 0.989497 0.101611
8 0.474119 0.837670 0.936234 0.309789
0 0.072018 0.368030 0.022506 0.037175
3 0.165791 0.368030 0.075019 0.099133
1 0.413353 0.368030 0.022506 0.037175
3 0.863466 0.368030 0.075019 0.099133
1 0.523045 0.436183 0.022506 0.037175
3 0.639910 0.436183 0.075019 0.099133
1 0.750938 0.436183 0.022506 0.037175
4 0.750938 0.368030 0.030008 0.049566
2 0.954239 0.368030 0.021005 0.034696
0 0.167292 0.837670 0.022506 0.037175
3 0.268567 0.837670 0.075019 0.099133
4 0.347337 0.837670 0.030008 0.049566
3 0.414854 0.744734 0.075019 0.099133
3 0.524240 0.893432 0.075019 0.099133
3 0.639910 0.893432 0.075019 0.099133
3 0.752438 0.893432 0.075019 0.099133
2 0.852963 0.893432 0.021005 0.034696
2 0.500375 0.744734 0.021005 0.034696
13 0.072018 0.229244 0.007502 0.245353
13 0.105776 0.368030 0.048012 0.012392
13 0.167292 0.618340 0.007502 0.406444
13 0.204801 0.837670 0.055514 0.012392
13 0.245311 0.368390 0.087022 0.012392
13 0.580270 0.368336 0.314329 0.012392
13 0.863466 0.213755 0.007502 0.214374
13 0.319205 0.838067 0.029257 0.012392
13 0.362528 0.778810 0.032633 0.073110
13 0.417221 0.877943 0.142020 0.035936
13 0.523045 0.649318 0.007502 0.394052
13 0.582075 0.893432 0.043652 0.012392
13 0.696174 0.893432 0.040510 0.012392
13 0.816204 0.893432 0.055514 0.012392
13 0.568349 0.436183 0.071104 0.012392
13 0.708552 0.436183 0.065266 0.012392
13 0.750938 0.649318 0.007502 0.394052
13 0.751110 0.405204 0.007502 0.029740
13 0.795949 0.368403 0.063016 0.012392
13 0.922356 0.368030 0.045761 0.012392
13 0.471118 0.744734 0.040510 0.012392
13 0.359715 0.368330 0.087772 0.012392
13 0.407246 0.414498 0.212092 0.048327
13 0.639910 0.247831 0.007502 0.282528
13 0.413353 0.540892 0.007502 0.313507
11 0.015454 0.381041 0.021305 0.094633
11 0.071913 0.404585 0.052302 0.031227
11 0.165791 0.367534 0.061300 0.053036
11 0.414191 0.333209 0.064692 0.014870
11 0.863466 0.367534 0.046529 0.035192
11 0.524065 0.401363 0.045879 0.014870
11 0.639910 0.435688 0.063296 0.017348
11 0.799038 0.434820 0.064692 0.014870
11 0.954350 0.403346 0.039232 0.031227
11 0.500750 0.057745 0.123605 0.017348
11 0.016954 0.837670 0.010503 0.153733
11 0.167421 0.866047 0.061773 0.014870
11 0.269445 0.837175 0.060551 0.035192
11 0.395031 0.842007 0.035373 0.031227
11 0.414854 0.744238 0.044777 0.035192
11 0.525512 0.892937 0.053556 0.053036
11 0.640788 0.892937 0.060551 0.035192
11 0.752438 0.892937 0.044777 0.035192
11 0.853075 0.928748 0.039232 0.031227
11 0.489234 0.781289 0.039232 0.031227
11 0.337420 0.797893 0.007174 0.014870
11 0.337133 0.832590 0.015602 0.014870
11 0.100664 0.250062 0.057291 0.017348
11 0.182804 0.639157 0.032525 0.017348
11 0.881236 0.234572 0.035540 0.017348
11 0.530675 0.670136 0.015260 0.017348
11 0.768708 0.670136 0.035540 0.017348
11 0.647540 0.268649 0.015260 0.017348
11 0.431123 0.561710 0.035540 0.017348
