8 0.500190 0.050070 0.988332 0.083449
8 0.500190 0.307371 0.988332 0.347705
8 0.500190 0.760779 0.988332 0.461752
0 0.096386 0.258693 0.030120 0.041725
3 0.217369 0.258693 0.121486 0.111266
4 0.323585 0.258693 0.040161 0.055633
2 0.800184 0.258693 0.028112 0.038943
1 0.720870 0.349096 0.030120 0.041725
1 0.437641 0.349096 0.030120 0.041725
0 0.094378 0.703755 0.030120 0.041725
3 0.191767 0.703755 0.100402 0.111266
4 0.489247 0.703755 0.040161 0.055633
3 0.624790 0.703755 0.100402 0.111266
3 0.348685 0.703755 0.100402 0.111266
3 0.770372 0.703755 0.100402 0.111266
2 0.919970 0.703755 0.028112 0.038943
13 0.096386 0.164812 0.010040 0.151599
13 0.134036 0.258693 0.049197 0.013908
13 0.125502 0.703755 0.036145 0.013908
13 0.270226 0.703755 0.060533 0.013908
13 0.434027 0.704176 0.074297 0.013908
13 0.541958 0.704182 0.069277 0.013908
13 0.697581 0.703755 0.049197 0.013908
13 0.863243 0.703755 0.089357 0.013908
13 0.143574 0.498609 0.100402 0.374131
13 0.298213 0.481224 0.104960 0.339360
13 0.290808 0.259171 0.029408 0.013908
13 0.564897 0.259036 0.446479 0.013908
13 0.745621 0.509040 0.053518 0.283727
13 0.768057 0.313630 0.068270 0.076495
13 0.705216 0.782337 0.434949 0.123783
13 0.800184 0.165508 0.010040 0.152990
13 0.437641 0.210014 0.010040 0.242003
13 0.373334 0.318150 0.102510 0.068846
13 0.579255 0.349096 0.257124 0.013908
11 0.500000 0.049513 0.158395 0.019471
11 0.020683 0.307371 0.014056 0.090903
11 0.096197 0.299722 0.063881 0.035049
11 0.218885 0.258136 0.089091 0.039499
11 0.346942 0.212100 0.059347 0.035049
11 0.800624 0.298331 0.051046 0.035049
11 0.721640 0.390125 0.065770 0.035049
11 0.437531 0.390125 0.083898 0.035049
11 0.356206 0.239082 0.009601 0.016690
11 0.309637 0.252990 0.020880 0.016690
11 0.020683 0.760779 0.014056 0.106216
11 0.094189 0.744784 0.063881 0.035049
11 0.191767 0.703199 0.083376 0.039499
11 0.506973 0.632684 0.080211 0.016690
11 0.624498 0.703199 0.083376 0.039499
11 0.350064 0.703199 0.050907 0.039499
11 0.771751 0.703199 0.050907 0.039499
11 0.521869 0.684145 0.009601 0.016690
11 0.475300 0.698053 0.020880 0.016690
