8 0.204827 0.094417 0.369653 0.067833
8 0.204827 0.022000 0.369653 0.024000
8 0.204827 0.198482 0.369653 0.078663
0 0.040000 0.093833 0.010000 0.010000
1 0.070000 0.093833 0.010000 0.010000
1 0.319937 0.113900 0.010000 0.010000
2 0.344667 0.113900 0.009333 0.009333
2 0.270867 0.071550 0.009333 0.009333
3 0.106667 0.214150 0.033333 0.026667
3 0.157500 0.214150 0.038333 0.026667
4 0.206667 0.214150 0.013333 0.013333
3 0.256667 0.184150 0.033333 0.026667
4 0.295000 0.214817 0.013333 0.013333
1 0.206667 0.184150 0.010000 0.010000
0 0.070000 0.214817 0.010000 0.010000
2 0.319937 0.214817 0.009333 0.009333
