8 0.500912 0.351093 0.987226 0.341530
8 0.499088 0.049180 0.987226 0.081967
8 0.500912 0.797131 0.987226 0.389344
0 0.087591 0.351093 0.027372 0.040984
3 0.187956 0.351093 0.091241 0.109290
1 0.379562 0.445355 0.027372 0.040984
3 0.458942 0.448087 0.091241 0.109290
1 0.639599 0.448087 0.027372 0.040984
1 0.571168 0.240437 0.027372 0.040984
4 0.708029 0.351093 0.036496 0.054645
3 0.812956 0.351093 0.091241 0.109290
2 0.912409 0.351093 0.025547 0.038251
0 0.087591 0.807377 0.027372 0.040984
3 0.189781 0.807377 0.091241 0.109290
4 0.294708 0.807377 0.036496 0.054645
3 0.571168 0.704918 0.091241 0.109290
3 0.379562 0.909836 0.091241 0.109290
3 0.511861 0.909836 0.091241 0.109290
3 0.639599 0.909836 0.091241 0.109290
4 0.749088 0.795082 0.036496 0.054645
2 0.839416 0.795082 0.025547 0.038251
13 0.121807 0.351093 0.044708 0.013661
13 0.122719 0.807377 0.046533 0.013661
13 0.255931 0.807806 0.044708 0.013661
13 0.410356 0.742486 0.234033 0.080601
13 0.314553 0.872268 0.042427 0.080601
13 0.445712 0.909836 0.044708 0.013661
13 0.575730 0.909836 0.040146 0.013661
13 0.683166 0.736339 0.136405 0.068306
13 0.796989 0.795404 0.062956 0.013661
13 0.379562 0.660519 0.009124 0.394809
13 0.571168 0.455601 0.009124 0.394809
13 0.717381 0.866120 0.067974 0.092896
13 0.639599 0.661885 0.009124 0.392077
13 0.352418 0.411885 0.030566 0.072404
13 0.403285 0.446172 0.023723 0.013661
13 0.646670 0.282104 0.127281 0.088798
13 0.680885 0.413251 0.058850 0.075137
13 0.746807 0.351525 0.044708 0.013661
13 0.879106 0.351093 0.044708 0.013661
13 0.565237 0.448087 0.125000 0.013661
13 0.087591 0.210383 0.009124 0.245902
13 0.448221 0.282104 0.222172 0.088798
13 0.458942 0.241803 0.009124 0.308743
13 0.120438 0.596311 0.069343 0.386612
13 0.812956 0.193306 0.009124 0.211749
13 0.276916 0.351093 0.090328 0.013661
11 0.020620 0.351093 0.012774 0.156741
11 0.187956 0.350546 0.078207 0.019126
11 0.460316 0.447541 0.065137 0.038798
11 0.640768 0.488388 0.075331 0.034426
11 0.572337 0.280738 0.075331 0.034426
11 0.812956 0.350546 0.076373 0.019126
11 0.499088 0.048634 0.150334 0.019126
11 0.020620 0.797131 0.012774 0.169484
11 0.189781 0.806831 0.075769 0.019126
11 0.572540 0.704372 0.055386 0.038798
11 0.379562 0.909290 0.062388 0.019126
11 0.511861 0.909290 0.075769 0.019126
11 0.640971 0.909290 0.055386 0.038798
11 0.367594 0.581284 0.059006 0.034426
11 0.076015 0.144126 0.068089 0.034426
11 0.446141 0.159153 0.069290 0.034426
11 0.123025 0.451503 0.070868 0.034426
11 0.800156 0.109973 0.069290 0.034426
