8 0.500036 0.344845 0.990487 0.390499
11 0.013578 0.371941 0.019169 0.307090
8 0.500036 0.795991 0.990487 0.390499
11 0.013578 0.814704 0.019169 0.212091
8 0.499916 0.048518 0.990487 0.080863
11 0.499916 0.049528 0.257246 0.057278
0 0.081470 0.345013 0.023962 0.040431
3 0.169329 0.345013 0.079872 0.107817
11 0.169329 0.351415 0.106287 0.103100
1 0.349042 0.446092 0.023962 0.040431
3 0.511981 0.446092 0.079872 0.107817
11 0.511981 0.452493 0.104439 0.103100
1 0.349042 0.243935 0.023962 0.040431
3 0.436901 0.243935 0.079872 0.107817
11 0.436901 0.250337 0.104439 0.103100
1 0.674920 0.243935 0.023962 0.040431
11 0.683706 0.301297 0.157582 0.031503
2 0.599042 0.446092 0.022364 0.037736
3 0.788339 0.243935 0.079872 0.107817
11 0.788339 0.250337 0.097045 0.103100
2 0.875399 0.243935 0.022364 0.037736
0 0.081470 0.796159 0.023962 0.040431
3 0.169329 0.796159 0.079872 0.107817
11 0.169329 0.799528 0.084105 0.068733
3 0.394968 0.702156 0.079872 0.107817
11 0.394968 0.705526 0.089651 0.068733
3 0.468850 0.903976 0.079872 0.107817
11 0.468850 0.907345 0.084105 0.068733
3 0.584665 0.903976 0.079872 0.107817
11 0.584665 0.907345 0.084105 0.068733
2 0.599042 0.702156 0.022364 0.037736
3 0.700479 0.903976 0.079872 0.107817
11 0.700479 0.907345 0.089651 0.068733
2 0.787540 0.903976 0.022364 0.037736
4 0.261182 0.796159 0.031949 0.053908
11 0.300068 0.821429 0.091499 0.034367
13 0.081470 0.206873 0.007987 0.241240
13 0.111422 0.345013 0.039137 0.013477
13 0.125399 0.587433 0.091054 0.382412
13 0.111422 0.796159 0.039137 0.013477
13 0.227236 0.796582 0.039137 0.013477
13 0.372005 0.557278 0.049121 0.187332
13 0.416534 0.446092 0.114217 0.013477
13 0.511981 0.240566 0.007987 0.308625
13 0.398962 0.557109 0.103035 0.591307
13 0.526757 0.903976 0.039137 0.013477
13 0.378994 0.243935 0.039137 0.013477
13 0.569888 0.446092 0.039137 0.013477
13 0.511382 0.702156 0.156150 0.013477
13 0.642572 0.903976 0.039137 0.013477
13 0.687700 0.557109 0.028754 0.591307
13 0.717652 0.243935 0.064696 0.013477
13 0.788339 0.139488 0.007987 0.106469
13 0.436901 0.139488 0.007987 0.106469
13 0.846246 0.243935 0.039137 0.013477
13 0.758387 0.903976 0.039137 0.013477
13 0.239217 0.345419 0.063099 0.013477
13 0.311302 0.280997 0.054712 0.079515
13 0.311302 0.409030 0.054712 0.079515
13 0.569888 0.243935 0.189297 0.013477
13 0.345048 0.863544 0.170927 0.086253
11 0.250000 0.807142 0.019169 0.030930
13 0.308107 0.735681 0.097045 0.072439
11 0.250000 0.749350 0.019169 0.066278
