8 0.467742 0.039779 0.911828 0.066298
8 0.500000 0.376243 0.987097 0.343646
8 0.502688 0.806630 0.981720 0.373481
0 0.092473 0.409945 0.032258 0.033149
3 0.226882 0.409945 0.107527 0.088398
3 0.393548 0.409945 0.129032 0.088398
4 0.521505 0.409945 0.043011 0.044199
2 0.521505 0.282873 0.030108 0.030939
3 0.721505 0.409945 0.129032 0.088398
2 0.849462 0.409945 0.030108 0.030939
1 0.608602 0.409945 0.032258 0.033149
0 0.124731 0.862983 0.032258 0.033149
3 0.243011 0.862983 0.107527 0.088398
4 0.393548 0.862983 0.043011 0.044199
3 0.721505 0.863272 0.107527 0.088398
2 0.721505 0.713812 0.030108 0.030939
2 0.393548 0.713812 0.030108 0.030939
1 0.576344 0.863272 0.032258 0.033149
13 0.140860 0.409945 0.068817 0.011050
13 0.165054 0.862983 0.052688 0.011050
13 0.334409 0.863318 0.079570 0.011050
13 0.393548 0.785083 0.010753 0.116022
13 0.304839 0.409945 0.052688 0.011050
13 0.479032 0.410312 0.046237 0.011050
13 0.521505 0.343094 0.010753 0.093923
13 0.567742 0.410206 0.053763 0.011050
13 0.810215 0.409945 0.052688 0.011050
13 0.487635 0.863400 0.149463 0.011050
13 0.630108 0.863272 0.079569 0.011050
13 0.721505 0.774177 0.010753 0.094211
13 0.721505 0.576243 0.010753 0.248619
13 0.501075 0.650420 0.154839 0.396973
13 0.393548 0.576243 0.010753 0.248619
13 0.175806 0.650276 0.106452 0.396685
13 0.092473 0.233149 0.010753 0.324862
13 0.521505 0.170166 0.010753 0.198895
13 0.849462 0.233702 0.010753 0.325967
13 0.640860 0.409945 0.036559 0.011050
13 0.608602 0.233149 0.010753 0.324862
11 0.467742 0.039337 0.116530 0.015470
11 0.022151 0.376243 0.015054 0.079219
11 0.226882 0.409503 0.087863 0.031381
11 0.395346 0.409503 0.096841 0.031381
11 0.522725 0.451381 0.066954 0.027845
11 0.723295 0.409503 0.100067 0.031381
11 0.506216 0.374475 0.010282 0.013260
11 0.563869 0.394365 0.022362 0.013260
11 0.027527 0.806630 0.015054 0.089533
11 0.244635 0.862541 0.091112 0.031381
11 0.415289 0.902210 0.082191 0.027845
11 0.723295 0.862541 0.072077 0.047293
11 0.378259 0.827514 0.010282 0.013260
11 0.435912 0.847403 0.022362 0.013260
11 0.677563 0.572928 0.066954 0.027845
11 0.472791 0.582873 0.068162 0.027845
11 0.349606 0.578453 0.066954 0.027845
11 0.173353 0.579558 0.082191 0.027845
11 0.147547 0.129834 0.082191 0.027845
11 0.462063 0.124309 0.094019 0.027845
11 0.765415 0.142210 0.096421 0.057017
11 0.655586 0.261326 0.068162 0.027845
