8 0.500000 0.356495 0.991713 0.377644
11 0.011740 0.387959 0.016575 0.356582
8 0.500000 0.054381 0.991713 0.090634
11 0.500000 0.055514 0.154499 0.064199
8 0.500000 0.802115 0.991713 0.377644
11 0.011740 0.837292 0.016575 0.398678
0 0.055939 0.271903 0.020718 0.045317
11 0.055939 0.320431 0.080579 0.070619
3 0.131906 0.271903 0.069061 0.120846
11 0.131906 0.275680 0.088704 0.077039
3 0.546746 0.271903 0.069061 0.120846
11 0.546746 0.275680 0.080712 0.077039
1 0.446607 0.271903 0.020718 0.045317
11 0.447298 0.226775 0.081312 0.070619
1 0.510359 0.422961 0.020718 0.045317
11 0.505525 0.362727 0.116473 0.070619
3 0.646884 0.422961 0.069061 0.120846
11 0.646884 0.430136 0.079114 0.115559
3 0.815608 0.422961 0.069061 0.120846
11 0.815608 0.426737 0.080712 0.077039
1 0.739641 0.422961 0.020718 0.045317
11 0.740331 0.377832 0.081312 0.070619
2 0.890884 0.271903 0.019337 0.042296
2 0.890884 0.422961 0.019337 0.042296
0 0.183702 0.725076 0.020718 0.045317
11 0.183702 0.773603 0.073986 0.070619
3 0.258546 0.725076 0.069061 0.120846
11 0.258546 0.732251 0.079114 0.115559
3 0.608425 0.883686 0.069061 0.120846
11 0.608425 0.890861 0.079114 0.115559
3 0.500000 0.883686 0.069061 0.120846
11 0.500000 0.887462 0.072721 0.077039
4 0.337966 0.725076 0.027624 0.060423
11 0.338657 0.677115 0.104686 0.038520
3 0.739641 0.883686 0.069061 0.120846
11 0.739641 0.890861 0.079114 0.115559
2 0.890884 0.883686 0.019337 0.042296
3 0.446607 0.725076 0.069061 0.120846
11 0.446607 0.732251 0.079114 0.115559
13 0.081837 0.271903 0.033840 0.015106
13 0.131906 0.155589 0.006906 0.117825
13 0.183702 0.401057 0.006906 0.608761
13 0.546746 0.155589 0.006906 0.117825
13 0.566536 0.422961 0.094397 0.015106
13 0.646884 0.231118 0.006906 0.268882
13 0.554213 0.883686 0.042127 0.015106
13 0.209038 0.725076 0.032718 0.015106
13 0.446979 0.479607 0.006906 0.376133
13 0.308615 0.725550 0.033840 0.015106
13 0.401891 0.819486 0.129921 0.134441
11 0.328643 0.738468 0.016575 0.032191
13 0.674033 0.883686 0.064917 0.015106
13 0.245295 0.272318 0.160480 0.015106
13 0.394013 0.272270 0.087232 0.015106
13 0.484591 0.271903 0.058011 0.015106
13 0.510359 0.634441 0.006906 0.383686
13 0.419156 0.362538 0.164451 0.126888
13 0.705348 0.422961 0.050630 0.015106
13 0.765539 0.422961 0.033840 0.015106
13 0.739641 0.634441 0.006906 0.383686
13 0.827693 0.883686 0.109807 0.015106
13 0.731246 0.271903 0.302702 0.015106
13 0.865677 0.422961 0.033840 0.015106
13 0.815608 0.231118 0.006906 0.268882
13 0.381928 0.725529 0.063061 0.015106
11 0.364957 0.707916 0.023763 0.038747
