8 0.500000 0.339467 0.989992 0.389594
8 0.500000 0.066624 0.989992 0.118020
8 0.500000 0.777284 0.989992 0.430203
0 0.067556 0.329949 0.025021 0.038071
3 0.188073 0.329949 0.107590 0.101523
2 0.942452 0.329949 0.023353 0.035533
1 0.401168 0.369289 0.025021 0.038071
3 0.847373 0.329949 0.083403 0.101523
1 0.743119 0.329949 0.025021 0.038071
6 0.309425 0.253807 0.033361 0.050761
6 0.479566 0.369289 0.033361 0.050761
1 0.551293 0.369289 0.025021 0.038071
6 0.663887 0.253807 0.033361 0.050761
6 0.613845 0.369289 0.033361 0.050761
0 0.080067 0.846447 0.025021 0.038071
3 0.175980 0.846447 0.083403 0.101523
4 0.296914 0.846447 0.033361 0.050761
2 0.942452 0.939086 0.023353 0.035533
1 0.401168 0.748731 0.025021 0.038071
3 0.547123 0.748731 0.083403 0.101523
4 0.693078 0.748731 0.033361 0.050761
1 0.693078 0.623096 0.025021 0.038071
2 0.884070 0.748731 0.023353 0.035533
12 0.107173 0.329949 0.057548 0.012690
12 0.126272 0.604061 0.095746 0.451777
12 0.113428 0.846447 0.045038 0.012690
12 0.942452 0.218909 0.008340 0.191624
12 0.614053 0.905457 0.636781 0.072335
12 0.342994 0.784898 0.094662 0.077411
12 0.459550 0.748731 0.095079 0.012690
12 0.632611 0.749102 0.090909 0.012690
12 0.791076 0.749041 0.165972 0.012690
12 0.067556 0.218274 0.008340 0.190355
12 0.401168 0.559010 0.008340 0.346447
12 0.248957 0.846828 0.065888 0.012690
12 0.909925 0.329949 0.045038 0.012690
12 0.693275 0.682741 0.008340 0.086294
12 0.780651 0.329949 0.053378 0.012690
12 0.267306 0.292195 0.054212 0.080584
12 0.349249 0.324239 0.082152 0.095178
12 0.438282 0.369588 0.052544 0.012690
12 0.517515 0.369590 0.045872 0.012690
12 0.705588 0.291878 0.053378 0.081218
12 0.580484 0.369583 0.036697 0.012690
12 0.647415 0.324556 0.037114 0.095812
12 0.486864 0.208122 0.357381 0.045685
12 0.547123 0.290609 0.137615 0.111675
12 0.615930 0.505711 0.132611 0.239848
12 0.813595 0.539975 0.144287 0.387056
12 0.842786 0.635152 0.202669 0.577411
