8 0.261286 0.174280 0.430677 0.144952
8 0.260812 0.043180 0.431625 0.020000
8 0.260812 0.309631 0.431625 0.083333
0 0.080839 0.143470 0.010000 0.010000
1 0.151938 0.143470 0.010000 0.010000
3 0.116205 0.143470 0.033333 0.026667
2 0.463176 0.137385 0.009333 0.009333
5 0.172564 0.143470 0.013333 0.013333
1 0.202352 0.123512 0.010000 0.010000
1 0.246948 0.187365 0.010000 0.010000
3 0.234704 0.123512 0.033333 0.026667
3 0.311477 0.123512 0.033333 0.026667
3 0.359810 0.123512 0.033333 0.026667
4 0.347942 0.187365 0.013333 0.013333
3 0.296323 0.187365 0.033333 0.026667
3 0.386381 0.219678 0.033333 0.026667
5 0.428521 0.137385 0.013333 0.013333
4 0.428521 0.187531 0.013333 0.013333
0 0.080839 0.309631 0.010000 0.010000
3 0.125685 0.309631 0.033333 0.026667
4 0.164018 0.309631 0.013333 0.013333
3 0.202352 0.286037 0.033333 0.026667
3 0.202352 0.333437 0.033333 0.026667
2 0.311477 0.286037 0.009333 0.009333
