8 0.258833 0.154000 0.367667 0.088000
8 0.232833 0.249500 0.315667 0.099000
8 0.234083 0.073667 0.313167 0.027333
0 0.097500 0.141667 0.010000 0.010000
3 0.134167 0.141667 0.033333 0.026667
3 0.219167 0.141667 0.033333 0.026667
3 0.390000 0.130000 0.033333 0.026667
4 0.304167 0.141667 0.013333 0.013333
3 0.346667 0.168333 0.033333 0.026667
3 0.390000 0.168333 0.033333 0.026667
2 0.417500 0.175000 0.009333 0.009333
5 0.304167 0.161667 0.013333 0.013333
3 0.264000 0.181667 0.033333 0.026667
0 0.134104 0.265000 0.010000 0.010000
3 0.165833 0.266667 0.033333 0.026667
3 0.195833 0.233333 0.033333 0.026667
4 0.195833 0.266667 0.013333 0.013333
3 0.241667 0.266667 0.033333 0.026667
3 0.335771 0.233333 0.033333 0.026667
1 0.294167 0.233333 0.010000 0.010000
1 0.294167 0.275000 0.010000 0.010000
2 0.335771 0.275000 0.009333 0.009333
11 0.324167 0.285167 0.033333 0.007000
