8 0.500000 0.072323 0.989362 0.130979
11 0.015071 0.088468 0.021277 0.182973
8 0.500000 0.376993 0.989362 0.380410
11 0.015071 0.393303 0.021277 0.184840
8 0.505762 0.816059 0.977837 0.354214
11 0.026596 0.831874 0.021277 0.179239
0 0.115559 0.376993 0.026596 0.034169
3 0.307092 0.376993 0.088652 0.091116
11 0.307092 0.379841 0.113868 0.058087
4 0.473582 0.376993 0.035461 0.045558
11 0.470922 0.328303 0.133359 0.029043
2 0.596986 0.376993 0.024823 0.031891
1 0.806161 0.453061 0.026596 0.034169
11 0.806161 0.481036 0.173965 0.026623
2 0.902704 0.453061 0.024823 0.031891
1 0.596986 0.453061 0.026596 0.034169
1 0.691197 0.453061 0.026596 0.034169
0 0.195612 0.762642 0.026596 0.034169
3 0.293129 0.762642 0.088652 0.091116
11 0.293129 0.765490 0.104635 0.058087
4 0.393129 0.762642 0.035461 0.045558
11 0.392243 0.717369 0.053343 0.029043
2 0.532624 0.762642 0.024823 0.031891
5 0.393329 0.851139 0.035461 0.045558
2 0.596986 0.851139 0.024823 0.031891
3 0.629167 0.935820 0.088652 0.091116
11 0.629167 0.938667 0.118997 0.058087
2 0.806161 0.935820 0.024823 0.031891
13 0.195811 0.376993 0.137456 0.011390
13 0.228856 0.762642 0.043440 0.011390
13 0.356427 0.763001 0.041489 0.011390
13 0.465536 0.763098 0.112899 0.011390
11 0.465926 0.748576 0.054369 0.029043
13 0.403635 0.377323 0.107979 0.011390
13 0.537943 0.377311 0.096809 0.011390
11 0.521568 0.364028 0.069805 0.029432
13 0.854876 0.453293 0.074379 0.011390
13 0.430940 0.584624 0.206915 0.328702
11 0.430940 0.597118 0.109764 0.029043
13 0.393773 0.806891 0.008865 0.047494
11 0.431826 0.813973 0.093351 0.029043
13 0.497817 0.851506 0.177061 0.011390
11 0.473161 0.838211 0.165184 0.029499
13 0.489306 0.904869 0.194614 0.066458
11 0.446302 0.966000 0.112842 0.029043
13 0.733621 0.936043 0.123803 0.011390
11 0.726545 0.922682 0.136462 0.029456
13 0.806161 0.695010 0.008865 0.454285
11 0.905990 0.717708 0.247226 0.029043
13 0.896919 0.288148 0.008865 0.302491
11 1.000000 0.289644 0.322113 0.029043
13 0.596986 0.249431 0.008865 0.227790
11 0.711094 0.249052 0.322112 0.029043
13 0.115559 0.248861 0.008865 0.226651
11 0.194858 0.217708 0.172340 0.029043
13 0.644091 0.453107 0.071161 0.011390
13 0.528856 0.426417 0.113209 0.057845
11 0.519476 0.469181 0.127204 0.029043
13 0.691882 0.286895 0.008865 0.302719
11 0.772784 0.312006 0.222606 0.029043
13 0.748679 0.453061 0.091915 0.011390
13 0.240270 0.584055 0.092863 0.327563
11 0.195462 0.588936 0.133359 0.029043
13 0.596986 0.652669 0.008865 0.369604
11 0.657890 0.740252 0.093351 0.029043
