8 0.500000 0.045311 0.989941 0.077977
11 0.014250 0.058419 0.030176 0.148555
8 0.500000 0.318230 0.989941 0.402529
11 0.014250 0.341245 0.020117 0.260835
8 0.494552 0.792413 0.979044 0.402529
11 0.014250 0.816190 0.020117 0.269472
0 0.080469 0.318230 0.025147 0.031612
3 0.222967 0.318230 0.083822 0.084299
11 0.222967 0.320864 0.062076 0.053741
4 0.317687 0.317176 0.033529 0.042150
11 0.359789 0.336934 0.099904 0.026870
1 0.449288 0.318230 0.025147 0.031612
1 0.319363 0.180190 0.025147 0.031612
2 0.645432 0.180190 0.023470 0.029505
1 0.533110 0.317176 0.025147 0.031612
1 0.386421 0.317176 0.025147 0.031612
0 0.105616 0.842993 0.025147 0.031612
3 0.222967 0.842993 0.083822 0.084299
11 0.222967 0.845627 0.098934 0.053741
4 0.361274 0.842993 0.033529 0.042150
11 0.394971 0.862750 0.074686 0.026870
3 0.533110 0.680717 0.083822 0.084299
11 0.533110 0.683351 0.098934 0.053741
2 0.708298 0.680717 0.023470 0.029505
1 0.331936 0.680717 0.025147 0.031612
11 0.331936 0.706599 0.080909 0.024631
1 0.507125 0.842993 0.025147 0.031612
11 0.507125 0.868875 0.047123 0.024631
13 0.137049 0.318230 0.091366 0.010537
13 0.149623 0.842993 0.066220 0.010537
13 0.080469 0.193361 0.008382 0.222339
13 0.304694 0.843303 0.082984 0.010537
13 0.158512 0.593783 0.103789 0.471022
13 0.635792 0.680717 0.124895 0.010537
13 0.282900 0.317898 0.039396 0.010537
13 0.491199 0.486301 0.087175 0.308746
13 0.318761 0.246048 0.008382 0.104320
11 0.306692 0.284485 0.020213 0.022763
13 0.319363 0.124341 0.008382 0.084299
13 0.482816 0.180190 0.305113 0.010537
13 0.491199 0.321315 0.062028 0.010537
13 0.386421 0.192835 0.008382 0.221286
13 0.533110 0.192835 0.008382 0.221286
13 0.589690 0.248172 0.091366 0.111555
13 0.354149 0.317425 0.042749 0.010537
13 0.417854 0.317703 0.041073 0.010537
13 0.346285 0.759220 0.026272 0.129610
13 0.277198 0.512645 0.103292 0.308746
13 0.417854 0.680717 0.150042 0.010537
13 0.435683 0.843519 0.118642 0.010537
13 0.371078 0.593783 0.254263 0.471022
13 0.613998 0.769231 0.191953 0.151739
