8 0.500000 0.358079 0.988350 0.393013
8 0.500000 0.794760 0.988350 0.393013
8 0.500000 0.052402 0.988350 0.087336
0 0.093204 0.237263 0.029126 0.043668
3 0.200000 0.237263 0.097087 0.116448
1 0.374757 0.355167 0.029126 0.043668
1 0.587379 0.458515 0.029126 0.043668
3 0.552427 0.251820 0.097087 0.116448
2 0.656311 0.251820 0.027184 0.040757
3 0.700000 0.458515 0.097087 0.116448
1 0.801942 0.455604 0.029126 0.043668
2 0.873786 0.455604 0.027184 0.040757
4 0.433010 0.251820 0.038835 0.058224
0 0.190291 0.804949 0.029126 0.043668
3 0.297087 0.804949 0.097087 0.116448
4 0.408738 0.804949 0.038835 0.058224
3 0.520388 0.804949 0.097087 0.116448
3 0.661165 0.804949 0.097087 0.116448
3 0.801942 0.804949 0.097087 0.116448
2 0.878641 0.809316 0.027184 0.040757
2 0.389320 0.672489 0.027184 0.040757
12 0.093204 0.155750 0.009709 0.125182
12 0.129612 0.237263 0.047573 0.014556
12 0.190291 0.539301 0.009709 0.493450
12 0.226699 0.804949 0.047573 0.014556
12 0.367476 0.805406 0.047573 0.014556
12 0.590777 0.824357 0.047573 0.014556
12 0.731553 0.804949 0.047573 0.014556
12 0.857767 0.808127 0.018447 0.014556
12 0.273058 0.280932 0.052913 0.093159
12 0.578155 0.632945 0.022330 0.311014
12 0.338350 0.354824 0.047573 0.014556
12 0.552427 0.148472 0.009709 0.096070
12 0.621845 0.251820 0.045631 0.014556
12 0.434951 0.420670 0.279612 0.081514
12 0.626699 0.458515 0.053398 0.014556
12 0.700000 0.248180 0.009709 0.310044
12 0.767961 0.456574 0.042718 0.014556
12 0.801942 0.612082 0.009709 0.275109
12 0.838350 0.455604 0.047573 0.014556
12 0.450000 0.804949 0.047573 0.014556
12 0.478155 0.252274 0.055340 0.014556
12 0.393932 0.291849 0.042233 0.088792
12 0.399272 0.734352 0.023786 0.088792
12 0.618047 0.357351 0.371673 0.158661
12 0.382524 0.514556 0.009709 0.280932
