8 0.500000 0.412829 0.986223 0.411184
11 0.019518 0.448752 0.027555 0.407125
8 0.500000 0.059211 0.986223 0.098684
11 0.500000 0.060444 0.484911 0.069901
8 0.500000 0.820724 0.986223 0.338816
11 0.019518 0.859025 0.027555 0.434087
0 0.099885 0.330592 0.034443 0.049342
11 0.099885 0.383429 0.131524 0.076891
1 0.493685 0.478618 0.034443 0.049342
11 0.494834 0.423828 0.129088 0.115337
1 0.771527 0.330592 0.034443 0.049342
11 0.772675 0.281456 0.147355 0.076891
2 0.856487 0.330592 0.032147 0.046053
11 0.856487 0.381785 0.131524 0.076891
1 0.220436 0.330592 0.034443 0.049342
11 0.221584 0.281456 0.075504 0.076891
1 0.605052 0.478618 0.034443 0.049342
11 0.605052 0.531456 0.110821 0.076891
0 0.151550 0.784539 0.034443 0.049342
11 0.151550 0.837377 0.071851 0.076891
3 0.277842 0.784539 0.114811 0.131579
11 0.277842 0.788651 0.147466 0.083882
4 0.405281 0.784539 0.045924 0.065789
11 0.406429 0.726151 0.160751 0.083882
4 0.691160 0.784539 0.045924 0.065789
3 0.605052 0.891447 0.114811 0.131579
11 0.605052 0.895559 0.147466 0.083882
2 0.771527 0.784539 0.032147 0.046053
11 0.771527 0.835732 0.112039 0.076891
1 0.493685 0.891447 0.034443 0.049342
11 0.493685 0.944285 0.110821 0.076891
13 0.160161 0.330592 0.090700 0.016447
13 0.194604 0.784539 0.056257 0.016447
13 0.327210 0.330991 0.183697 0.016447
13 0.358783 0.785059 0.051665 0.016447
13 0.548220 0.785362 0.244546 0.016447
11 0.443185 0.766036 0.025291 0.041941
13 0.529277 0.891447 0.041332 0.016447
13 0.677095 0.854441 0.033869 0.080592
13 0.458381 0.421053 0.040758 0.121711
13 0.441160 0.854441 0.075201 0.080592
11 0.389782 0.792778 0.027555 0.078190
13 0.549369 0.478618 0.081515 0.016447
13 0.734788 0.784539 0.045924 0.016447
13 0.814581 0.330592 0.056257 0.016447
13 0.493685 0.685033 0.011481 0.370066
11 0.537428 0.693520 0.120896 0.041941
13 0.605052 0.281250 0.011481 0.351974
11 0.588978 0.302899 0.027555 0.245354
13 0.608496 0.330997 0.296211 0.016447
13 0.527555 0.469572 0.272101 0.218750
13 0.771527 0.558388 0.011481 0.412829
11 0.755454 0.567082 0.027555 0.107848
13 0.185993 0.557566 0.073479 0.411184
11 0.185993 0.551809 0.155437 0.083882
13 0.099885 0.207237 0.011481 0.203947
11 0.076923 0.235071 0.041332 0.315455
13 0.856487 0.208059 0.011481 0.205592
11 0.905314 0.255757 0.081040 0.083882
