8 0.165000 0.103167 0.330000 0.049667
8 0.156333 0.270000 0.312667 0.076667
8 0.154167 0.179850 0.275000 0.020000
3 0.066667 0.103333 0.033333 0.026667
1 0.239333 0.103333 0.010000 0.010000
3 0.272667 0.103333 0.033333 0.026667
2 0.309667 0.102667 0.009333 0.009333
0 0.025000 0.102667 0.010000 0.010000
0 0.066667 0.285000 0.010000 0.010000
3 0.167667 0.285000 0.033333 0.026667
4 0.091667 0.285000 0.013333 0.013333
3 0.128000 0.250000 0.033333 0.026667
3 0.172667 0.250000 0.033333 0.026667
3 0.236667 0.270000 0.033333 0.026667
4 0.201667 0.270000 0.013333 0.013333
2 0.279667 0.270000 0.009333 0.009333
