8 0.195500 0.107500 0.361000 0.075000
8 0.195500 0.194500 0.361000 0.071000
8 0.195500 0.045000 0.361000 0.020000
3 0.076667 0.093000 0.033333 0.026667
1 0.166667 0.093000 0.010000 0.010000
3 0.299667 0.093000 0.033333 0.026667
2 0.346000 0.093000 0.009333 0.009333
1 0.195000 0.125000 0.010000 0.010000
0 0.040000 0.093000 0.010000 0.010000
1 0.299667 0.125000 0.010000 0.010000
3 0.241667 0.125000 0.033333 0.026667
0 0.040000 0.182000 0.010000 0.010000
3 0.076667 0.182000 0.033333 0.026667
4 0.120000 0.182000 0.013333 0.013333
2 0.166667 0.182000 0.009333 0.009333
1 0.195000 0.205000 0.010000 0.010000
3 0.251333 0.205000 0.033333 0.026667
2 0.299667 0.205000 0.009333 0.009333
