8 0.500000 0.133694 0.989011 0.248841
8 0.500000 0.455641 0.989011 0.336321
8 0.500000 0.836167 0.989011 0.309119
0 0.064789 0.455951 0.027473 0.046368
3 0.165522 0.455951 0.091575 0.123648
1 0.445055 0.571870 0.027473 0.046368
3 0.545788 0.534776 0.091575 0.123648
1 0.381136 0.372488 0.027473 0.046368
3 0.481868 0.372488 0.091575 0.123648
1 0.293956 0.455951 0.027473 0.046368
2 0.645604 0.534776 0.025641 0.043277
0 0.064789 0.836167 0.027473 0.046368
3 0.165522 0.836167 0.091575 0.123648
4 0.265568 0.836167 0.036630 0.061824
3 0.362042 0.736708 0.078480 0.077743
3 0.362042 0.882148 0.078480 0.078053
3 0.481731 0.881955 0.078480 0.077666
2 0.455311 0.736708 0.025641 0.043277
12 0.065430 0.347682 0.009158 0.176352
12 0.099130 0.455951 0.044872 0.015456
12 0.103709 0.665379 0.081502 0.301391
12 0.099130 0.836167 0.044872 0.015456
12 0.229281 0.836657 0.039606 0.015456
12 0.403617 0.646445 0.086538 0.108964
12 0.479396 0.553323 0.044872 0.043277
12 0.545788 0.365533 0.009158 0.221020
12 0.294414 0.770981 0.060440 0.074730
12 0.294414 0.874614 0.060440 0.021252
12 0.421886 0.882052 0.044872 0.015456
12 0.373878 0.916538 0.219368 0.105100
12 0.381136 0.619397 0.009158 0.453632
12 0.415476 0.372488 0.044872 0.015456
12 0.481868 0.284389 0.009158 0.058733
12 0.245765 0.455951 0.072573 0.015456
12 0.362637 0.525502 0.141026 0.098918
12 0.330678 0.402628 0.077106 0.066461
12 0.394780 0.445131 0.177839 0.027821
12 0.612179 0.534776 0.044872 0.015456
12 0.421886 0.736708 0.044872 0.015456
