8 0.500000 0.377049 0.986379 0.365340
11 0.019296 0.393817 0.027242 0.190034
8 0.500000 0.810304 0.986379 0.365340
11 0.019296 0.826564 0.027242 0.184276
8 0.500000 0.042155 0.986379 0.070258
11 0.500000 0.043033 0.365575 0.049766
3 0.574347 0.370023 0.113507 0.093677
11 0.574347 0.372951 0.119523 0.059719
3 0.216799 0.370023 0.113507 0.093677
11 0.216799 0.372951 0.090628 0.059719
1 0.438138 0.370023 0.034052 0.035129
11 0.439274 0.339066 0.184210 0.027371
1 0.565267 0.492974 0.034052 0.035129
11 0.566402 0.462017 0.148091 0.027371
3 0.744608 0.492974 0.113507 0.093677
11 0.744608 0.498536 0.103762 0.089578
2 0.868331 0.492974 0.031782 0.032787
11 0.868331 0.529420 0.124011 0.054742
0 0.091941 0.370023 0.034052 0.035129
11 0.091941 0.416496 0.107155 0.082114
0 0.091941 0.891101 0.034052 0.035129
11 0.091941 0.937573 0.107155 0.082114
3 0.216799 0.891101 0.113507 0.093677
11 0.216799 0.894028 0.135285 0.059719
4 0.438138 0.891101 0.045403 0.046838
11 0.439274 0.930035 0.166807 0.029859
3 0.438138 0.774005 0.113507 0.093677
11 0.438138 0.776932 0.119523 0.059719
3 0.639047 0.774005 0.113507 0.093677
11 0.639047 0.779567 0.093254 0.089578
4 0.738933 0.891101 0.045403 0.046838
2 0.837063 0.891101 0.031782 0.032787
11 0.837063 0.918691 0.138459 0.027371
13 0.134506 0.891101 0.055619 0.011710
13 0.344495 0.891438 0.146425 0.011710
13 0.134506 0.370023 0.055619 0.011710
13 0.299092 0.370391 0.055619 0.011710
13 0.395573 0.370300 0.055619 0.011710
13 0.486379 0.370023 0.066969 0.011710
13 0.438541 0.844262 0.011351 0.051522
11 0.468055 0.849882 0.027336 0.057693
13 0.448070 0.443208 0.204881 0.104215
13 0.635074 0.492974 0.110102 0.011710
13 0.826901 0.492974 0.055619 0.011710
13 0.588536 0.891686 0.259932 0.011710
11 0.476050 0.877927 0.025880 0.029859
13 0.154370 0.645199 0.129398 0.461358
13 0.091941 0.214871 0.011351 0.279859
13 0.717650 0.820843 0.048241 0.098361
13 0.538593 0.774005 0.091941 0.011710
13 0.791403 0.891101 0.064078 0.011710
13 0.701165 0.692623 0.276337 0.368852
13 0.438138 0.557377 0.011351 0.344262
13 0.446935 0.323770 0.202611 0.050351
13 0.744608 0.261710 0.011351 0.373536
13 0.602724 0.200234 0.011351 0.250585
