8 0.499137 0.382734 0.987921 0.359712
8 0.496117 0.051799 0.895600 0.086331
8 0.500863 0.811511 0.987921 0.359712
3 0.177739 0.382734 0.086281 0.115108
0 0.082830 0.382734 0.025884 0.043165
1 0.272649 0.382734 0.025884 0.043165
1 0.600518 0.483453 0.025884 0.043165
1 0.341674 0.418705 0.025884 0.043165
1 0.315789 0.267626 0.025884 0.043165
2 0.418464 0.267626 0.024159 0.040288
1 0.535807 0.332374 0.025884 0.043165
2 0.703192 0.332374 0.024159 0.040288
12 0.216566 0.238849 0.086281 0.071942
0 0.084556 0.811511 0.025884 0.043165
3 0.179465 0.811511 0.086281 0.115108
1 0.343399 0.739568 0.025884 0.043165
3 0.515962 0.811511 0.086281 0.115108
2 0.653149 0.811511 0.024159 0.040288
4 0.278689 0.811511 0.034513 0.057554
13 0.115186 0.382734 0.042278 0.014388
13 0.116911 0.811511 0.042278 0.014388
13 0.082830 0.228058 0.008628 0.271942
13 0.240293 0.382734 0.042278 0.014388
13 0.443054 0.422302 0.318378 0.084892
13 0.307161 0.400719 0.046592 0.041727
13 0.300690 0.335971 0.033650 0.099281
13 0.367558 0.267626 0.081104 0.014388
13 0.131148 0.615108 0.096635 0.355396
13 0.535807 0.202878 0.008628 0.221583
13 0.418464 0.171223 0.008628 0.158273
13 0.342537 0.579137 0.008628 0.283453
13 0.600086 0.811511 0.085418 0.014388
13 0.262726 0.539568 0.083693 0.549640
13 0.460506 0.597842 0.372632 0.392806
13 0.652286 0.407914 0.081104 0.156835
13 0.703192 0.203597 0.008628 0.223022
13 0.229658 0.319216 0.063549 0.094548
13 0.438740 0.375540 0.171700 0.092086
13 0.242019 0.811962 0.042278 0.014388
13 0.414582 0.775540 0.119931 0.077698
13 0.304789 0.761151 0.054789 0.048921
13 0.384383 0.840288 0.180328 0.014388
13 0.405091 0.647482 0.368421 0.333813
11 0.017774 0.382734 0.012079 0.165085
11 0.177739 0.382158 0.070498 0.020144
11 0.601738 0.525899 0.074916 0.036259
11 0.421666 0.465468 0.056447 0.036259
11 0.205363 0.233094 0.051796 0.040863
11 0.496117 0.051223 0.064745 0.020144
11 0.019500 0.811511 0.012079 0.178507
11 0.179465 0.810935 0.059858 0.020144
11 0.515962 0.810935 0.063208 0.020144
11 0.266953 0.748058 0.017944 0.017266
11 0.306110 0.860288 0.008251 0.017266
11 0.131410 0.596978 0.064374 0.017266
11 0.523815 0.139424 0.074377 0.017266
11 0.405994 0.116403 0.068243 0.017266
11 0.222215 0.486187 0.068243 0.017266
11 0.510394 0.704892 0.068243 0.017266
11 0.690722 0.149496 0.068243 0.017266
11 0.350733 0.812806 0.054357 0.017266
