8 0.499988 0.054644 0.990131 0.090226
8 0.499988 0.359398 0.990131 0.375940
8 0.499988 0.803008 0.990131 0.375940
3 0.162469 0.359398 0.082034 0.120301
1 0.372358 0.359398 0.024610 0.045113
3 0.588146 0.292331 0.082034 0.120301
1 0.678384 0.442707 0.024610 0.045113
1 0.756235 0.442707 0.024610 0.045113
1 0.834085 0.442707 0.024610 0.045113
2 0.940820 0.359398 0.022970 0.042105
4 0.422477 0.359398 0.032814 0.060150
0 0.072231 0.359398 0.024610 0.045113
4 0.876013 0.359398 0.032814 0.060150
0 0.162469 0.759925 0.024610 0.045113
3 0.252707 0.759925 0.082034 0.120301
4 0.479902 0.759925 0.032814 0.060150
3 0.613659 0.852105 0.082034 0.120301
3 0.756235 0.852105 0.082034 0.120301
2 0.911116 0.760063 0.022970 0.042105
3 0.372358 0.760063 0.082034 0.120301
4 0.864848 0.760063 0.032814 0.060150
13 0.102994 0.359398 0.040197 0.015038
13 0.162469 0.578459 0.008203 0.323835
13 0.193232 0.759925 0.040197 0.015038
13 0.312533 0.759994 0.040898 0.015038
13 0.395367 0.359398 0.024689 0.015038
13 0.588146 0.165968 0.008203 0.138439
13 0.684947 0.852105 0.063823 0.015038
13 0.831255 0.821122 0.071288 0.067982
13 0.438435 0.760439 0.053401 0.015038
13 0.526272 0.821053 0.096021 0.068120
13 0.372358 0.540934 0.008203 0.323972
13 0.281770 0.359398 0.159848 0.015038
13 0.485008 0.310338 0.127523 0.043985
13 0.717309 0.442707 0.056522 0.015038
13 0.756235 0.628609 0.008203 0.332707
13 0.861407 0.416090 0.033314 0.059248
13 0.795160 0.442707 0.056522 0.015038
13 0.834085 0.259953 0.008203 0.326409
13 0.890443 0.760402 0.021657 0.015038
13 0.672785 0.701836 0.388228 0.062318
13 0.072231 0.218299 0.008203 0.243101
13 0.910878 0.360150 0.040197 0.015038
13 0.752793 0.310827 0.250542 0.043007
13 0.678384 0.259953 0.008203 0.326409
13 0.544278 0.416090 0.246883 0.059248
11 0.500000 0.042707 0.099310 0.021053
11 0.016899 0.359398 0.011485 0.172533
11 0.162428 0.358797 0.067033 0.042707
11 0.589418 0.291128 0.067858 0.042707
11 0.485189 0.262406 0.064717 0.037895
11 0.528667 0.481353 0.064717 0.057744
11 0.016899 0.803008 0.011485 0.186560
11 0.253905 0.758797 0.055284 0.064361
11 0.541985 0.766165 0.042132 0.037895
11 0.613618 0.852030 0.068124 0.042707
11 0.756358 0.852030 0.037761 0.064361
11 0.372436 0.758797 0.041043 0.064361
11 0.515503 0.831429 0.017061 0.018045
11 0.678245 0.653985 0.007845 0.018045
11 0.732420 0.306871 0.108072 0.064361
