8 0.500000 0.195149 0.990902 0.377067
11 0.012889 0.221781 0.018196 0.301831
8 0.500000 0.546858 0.990902 0.319735
11 0.012889 0.569025 0.018196 0.251225
8 0.500000 0.855568 0.990902 0.275634
11 0.012889 0.881243 0.018196 0.290987
3 0.511767 0.333617 0.947718 0.057533
11 0.511767 0.333893 0.068428 0.028115
1 0.519886 0.466669 0.022745 0.033076
11 0.519886 0.493750 0.140732 0.025772
1 0.253484 0.546858 0.022745 0.033076
11 0.253484 0.573939 0.188178 0.025772
1 0.386685 0.611949 0.022745 0.033076
11 0.386685 0.639030 0.031363 0.025772
1 0.569836 0.611949 0.022745 0.033076
11 0.569836 0.639030 0.140732 0.025772
3 0.729572 0.546858 0.075815 0.088203
11 0.729572 0.549614 0.099134 0.056229
2 0.902080 0.546858 0.021228 0.030871
11 0.902080 0.572836 0.147165 0.025772
3 0.177899 0.546858 0.075815 0.088203
11 0.177899 0.549614 0.099134 0.056229
1 0.086983 0.546858 0.022745 0.033076
1 0.469936 0.611949 0.022745 0.033076
11 0.469936 0.639030 0.129473 0.025772
0 0.086983 0.855568 0.022745 0.033076
11 0.086983 0.882649 0.135102 0.025772
3 0.184580 0.855568 0.075815 0.088203
11 0.184580 0.860805 0.093870 0.084344
3 0.673440 0.930072 0.075815 0.088203
11 0.673440 0.935309 0.093870 0.084344
1 0.384381 0.757229 0.022745 0.033076
11 0.384381 0.784310 0.088460 0.025772
2 0.540997 0.757229 0.021228 0.030871
11 0.572840 0.789823 0.152794 0.025772
1 0.384381 0.930072 0.022745 0.033076
11 0.384381 0.957153 0.068355 0.025772
1 0.557647 0.930072 0.022745 0.033076
1 0.757449 0.930072 0.022745 0.033076
11 0.757449 0.957153 0.092481 0.025772
2 0.945849 0.930072 0.021228 0.030871
11 0.961770 0.960461 0.152794 0.025772
3 0.856591 0.930072 0.075815 0.088203
11 0.856591 0.932829 0.100888 0.056229
3 0.466262 0.761852 0.075815 0.088203
11 0.466262 0.764609 0.100888 0.056229
3 0.466262 0.930072 0.075815 0.088203
11 0.466262 0.935309 0.070183 0.084344
13 0.122514 0.855568 0.051350 0.011025
13 0.602276 0.930072 0.069545 0.011025
13 0.728712 0.930072 0.037762 0.011025
13 0.793752 0.930072 0.052895 0.011025
13 0.829473 0.546858 0.127019 0.011025
13 0.228959 0.546858 0.029338 0.011025
13 0.729572 0.448062 0.007582 0.113799
13 0.914867 0.930072 0.043768 0.011025
13 0.412054 0.759541 0.035634 0.011025
13 0.517277 0.758696 0.029246 0.011025
13 0.242855 0.855909 0.043768 0.011025
13 0.325887 0.795373 0.097276 0.080698
13 0.325887 0.903845 0.097276 0.056864
13 0.295109 0.547120 0.063539 0.011025
13 0.424709 0.495738 0.170642 0.062549
13 0.358109 0.590429 0.037441 0.047450
13 0.585932 0.495738 0.112381 0.062549
13 0.610908 0.590429 0.062431 0.047450
13 0.673528 0.547205 0.039307 0.011025
13 0.412054 0.930072 0.035634 0.011025
13 0.525223 0.930072 0.045138 0.011025
13 0.557647 0.810130 0.007582 0.211219
13 0.119173 0.546858 0.044669 0.011025
13 0.086983 0.457001 0.007582 0.151047
13 0.509047 0.622529 0.012786 0.283056
13 0.713214 0.757229 0.289788 0.261894
13 0.428310 0.611949 0.063539 0.011025
13 0.519886 0.611949 0.080189 0.011025
13 0.469936 0.492585 0.007582 0.210062
13 0.132441 0.714994 0.093948 0.252481
