8 0.500000 0.055901 0.988201 0.093168
11 0.500000 0.057065 0.415297 0.065994
8 0.500000 0.343168 0.988201 0.388199
11 0.016716 0.379104 0.023599 0.407276
8 0.500000 0.779573 0.988201 0.422500
11 0.016716 0.817755 0.023599 0.432731
0 0.079646 0.343168 0.029499 0.046584
3 0.187807 0.343168 0.098328 0.124224
11 0.187807 0.350543 0.130847 0.118789
1 0.295969 0.451863 0.029499 0.046584
11 0.295969 0.513490 0.059450 0.108890
3 0.404130 0.451863 0.098328 0.124224
11 0.404130 0.459239 0.130847 0.118789
1 0.536873 0.343168 0.029499 0.046584
3 0.645034 0.343168 0.098328 0.124224
11 0.645034 0.350543 0.103540 0.118789
1 0.728614 0.343168 0.029499 0.046584
3 0.836775 0.343168 0.098328 0.124224
11 0.836775 0.350543 0.130847 0.118789
2 0.948869 0.343168 0.027532 0.043478
2 0.511308 0.451863 0.027532 0.043478
0 0.187807 0.812267 0.029499 0.046584
11 0.187807 0.873894 0.092826 0.108890
3 0.295969 0.653727 0.098328 0.124224
11 0.295969 0.657609 0.121745 0.079193
4 0.295969 0.812267 0.039331 0.062112
11 0.333979 0.867003 0.083059 0.118789
3 0.728614 0.874379 0.098328 0.124224
11 0.728614 0.878261 0.121745 0.079193
3 0.536873 0.874379 0.098328 0.124224
11 0.536873 0.878261 0.128571 0.079193
2 0.836775 0.874379 0.027532 0.043478
13 0.116519 0.343168 0.048181 0.015528
13 0.077679 0.212733 0.009833 0.220497
13 0.187807 0.597127 0.009833 0.389907
13 0.256637 0.343660 0.043265 0.015528
13 0.295969 0.533385 0.009833 0.122671
13 0.296198 0.401398 0.009833 0.060559
13 0.332842 0.451863 0.048181 0.015528
13 0.404130 0.246118 0.009833 0.293478
13 0.239430 0.812636 0.077679 0.015528
13 0.296659 0.748525 0.009833 0.071584
11 0.282855 0.763997 0.023647 0.033284
13 0.632743 0.874379 0.097345 0.015528
13 0.393314 0.858851 0.192724 0.037267
11 0.285152 0.816163 0.023599 0.073819
13 0.418879 0.343168 0.210423 0.015528
13 0.573746 0.343168 0.048181 0.015528
13 0.645034 0.191770 0.009833 0.184783
13 0.800393 0.874379 0.049164 0.015528
13 0.728614 0.589363 0.009833 0.452019
13 0.765487 0.343168 0.048181 0.015528
13 0.836775 0.191770 0.009833 0.184783
13 0.910521 0.343168 0.053097 0.015528
13 0.475418 0.451863 0.048181 0.015528
13 0.536873 0.589363 0.009833 0.452019
13 0.704031 0.343168 0.023599 0.015528
