8 0.498453 0.193122 0.980309 0.366306
11 0.023769 0.200947 0.033755 0.088679
8 0.498453 0.709351 0.980309 0.564142
11 0.023769 0.720082 0.033755 0.121616
9 0.540647 0.074111 0.895921 0.128284
11 0.108158 0.095126 0.050633 0.238165
9 0.540647 0.257264 0.895921 0.238022
11 0.108158 0.293257 0.033755 0.407921
0 0.198172 0.074884 0.042194 0.046368
11 0.198172 0.112848 0.162613 0.036128
2 0.808579 0.074884 0.039381 0.043277
11 0.808579 0.111302 0.171564 0.036128
3 0.518144 0.074884 0.274262 0.085008
11 0.518143 0.075270 0.309222 0.039413
3 0.289592 0.228671 0.140647 0.069552
11 0.289592 0.232535 0.172514 0.078825
1 0.725598 0.229178 0.042194 0.046368
11 0.727004 0.188316 0.168580 0.036128
3 0.871167 0.228671 0.164557 0.069552
11 0.871167 0.232535 0.183906 0.078825
4 0.627146 0.229488 0.056259 0.061824
1 0.556821 0.311360 0.042194 0.046368
9 0.519550 0.560974 0.938115 0.267388
11 0.065963 0.583106 0.033755 0.250834
9 0.519550 0.843045 0.938115 0.296754
11 0.065963 0.865848 0.033755 0.258435
0 0.155977 0.561747 0.042194 0.046368
11 0.155977 0.599710 0.168580 0.036128
3 0.541350 0.561747 0.140647 0.123648
11 0.541350 0.565611 0.172514 0.078825
2 0.808579 0.561747 0.039381 0.043277
11 0.808579 0.598165 0.168580 0.036128
4 0.289592 0.561747 0.056259 0.061824
11 0.296624 0.501855 0.151356 0.039413
4 0.690436 0.561747 0.056259 0.061824
3 0.541350 0.843045 0.140647 0.123648
11 0.541350 0.846909 0.166004 0.078825
1 0.388045 0.843045 0.042194 0.046368
13 0.219269 0.562111 0.090014 0.015456
13 0.767792 0.229031 0.047820 0.015456
13 0.300141 0.074884 0.167370 0.015456
13 0.728938 0.155641 0.290084 0.082689
13 0.340900 0.148741 0.085852 0.096489
13 0.636990 0.562240 0.056259 0.015456
13 0.722082 0.074884 0.139240 0.015456
13 0.394374 0.562199 0.158931 0.015456
11 0.352172 0.544196 0.070053 0.039718
13 0.328622 0.717852 0.082278 0.256569
11 0.270605 0.554957 0.033755 0.172290
13 0.440084 0.843045 0.067511 0.015456
13 0.679888 0.229684 0.054852 0.015456
13 0.187623 0.383617 0.068917 0.316074
11 0.226140 0.406414 0.172514 0.078825
13 0.602884 0.285880 0.055556 0.057143
13 0.753727 0.562128 0.075949 0.015456
13 0.651406 0.717852 0.085091 0.256569
13 0.537483 0.202782 0.044303 0.176971
13 0.384529 0.229688 0.054852 0.015456
13 0.532209 0.230261 0.139241 0.015456
13 0.486850 0.285880 0.103376 0.057143
13 0.471035 0.577202 0.171606 0.491499
11 0.632349 0.398992 0.205063 0.039413
13 0.767089 0.396235 0.088608 0.293929
11 0.934720 0.395159 0.297830 0.039413
