8 0.500000 0.040632 0.987408 0.067720
11 0.500000 0.041479 0.337955 0.047968
8 0.500000 0.314334 0.987408 0.378104
11 0.017838 0.337026 0.025184 0.257179
8 0.500000 0.765237 0.987408 0.455982
11 0.017838 0.789562 0.025184 0.275681
0 0.084995 0.198646 0.031480 0.033860
3 0.200420 0.198646 0.104932 0.090293
11 0.200420 0.201467 0.128706 0.057562
1 0.441763 0.198646 0.031480 0.033860
3 0.578174 0.198646 0.104932 0.090293
11 0.578174 0.201467 0.097137 0.057562
1 0.342078 0.198646 0.031480 0.033860
1 0.408185 0.317156 0.031480 0.033860
3 0.578174 0.317156 0.104932 0.090293
11 0.578174 0.319977 0.140848 0.057562
1 0.478489 0.430023 0.031480 0.033860
3 0.578174 0.430023 0.104932 0.090293
11 0.578174 0.432844 0.139634 0.057562
2 0.776495 0.339729 0.029381 0.031603
0 0.084995 0.678330 0.031480 0.033860
3 0.200420 0.678330 0.104932 0.090293
11 0.200420 0.681151 0.129921 0.057562
4 0.321091 0.678330 0.041973 0.045147
11 0.326338 0.630079 0.149348 0.028781
3 0.625393 0.918736 0.104932 0.090293
11 0.625393 0.921558 0.129921 0.057562
3 0.441763 0.678330 0.104932 0.090293
11 0.441763 0.681151 0.097137 0.057562
3 0.625393 0.783296 0.104932 0.090293
11 0.625393 0.786117 0.140848 0.057562
5 0.441763 0.851016 0.041973 0.045147
2 0.907660 0.783296 0.029381 0.031603
3 0.777545 0.918736 0.104932 0.090293
11 0.777545 0.921558 0.097137 0.057562
13 0.084995 0.128104 0.010493 0.111738
13 0.124344 0.198646 0.051417 0.011287
13 0.142707 0.452596 0.119622 0.422122
13 0.124344 0.678330 0.051417 0.011287
13 0.276495 0.678684 0.051417 0.011287
13 0.365687 0.678687 0.051417 0.011287
11 0.355989 0.665480 0.023979 0.028894
13 0.507738 0.896163 0.134577 0.049661
13 0.441763 0.424379 0.010493 0.422122
13 0.507345 0.805869 0.135362 0.049661
13 0.491605 0.198646 0.072403 0.011287
13 0.578174 0.113995 0.010493 0.083521
13 0.785414 0.783296 0.219307 0.011287
13 0.701469 0.918736 0.051417 0.011287
13 0.289612 0.198646 0.077650 0.011287
13 0.391920 0.198646 0.072403 0.011287
13 0.367261 0.264673 0.054565 0.102709
13 0.474816 0.317156 0.105981 0.011287
13 0.516789 0.536117 0.221406 0.408578
13 0.402413 0.322799 0.124869 0.218962
13 0.509969 0.430023 0.035677 0.011287
13 0.651626 0.252257 0.046170 0.360045
13 0.696222 0.339729 0.135362 0.011287
13 0.696222 0.269187 0.135362 0.145598
13 0.696222 0.396163 0.135362 0.117381
13 0.628017 0.660271 0.303253 0.431151
13 0.861490 0.851016 0.067156 0.139955
13 0.693599 0.730813 0.402938 0.109481
13 0.637954 0.195824 0.018826 0.247178
13 0.371196 0.776242 0.103358 0.155192
11 0.306925 0.683983 0.025184 0.053656
