8 0.487234 0.355000 0.961702 0.395000
8 0.503191 0.781250 0.980851 0.422500
8 0.341489 0.045000 0.531915 0.075000
0 0.086170 0.313750 0.031915 0.037500
3 0.219149 0.313750 0.106383 0.100000
1 0.405319 0.438750 0.031915 0.037500
1 0.389362 0.270000 0.031915 0.037500
3 0.681915 0.270000 0.106383 0.100000
2 0.803191 0.270000 0.029787 0.035000
0 0.092553 0.695000 0.031915 0.037500
3 0.241489 0.695000 0.106383 0.100000
4 0.395745 0.695000 0.042553 0.050000
2 0.809574 0.695000 0.029787 0.035000
3 0.618085 0.833750 0.106383 0.100000
4 0.713830 0.695000 0.042553 0.050000
3 0.487234 0.833750 0.106383 0.100000
12 0.134043 0.313750 0.068085 0.012500
12 0.088830 0.188750 0.010638 0.217500
12 0.148404 0.695000 0.084043 0.012500
12 0.334574 0.695376 0.084043 0.012500
12 0.554787 0.695625 0.279787 0.012500
12 0.415160 0.776875 0.042021 0.118750
12 0.147340 0.520000 0.113830 0.317500
12 0.288298 0.314154 0.036170 0.012500
12 0.357713 0.388750 0.067553 0.105000
12 0.349734 0.279375 0.051596 0.023750
12 0.517021 0.270000 0.227660 0.012500
12 0.644681 0.132500 0.078723 0.180000
12 0.761702 0.270000 0.057447 0.012500
12 0.692819 0.776875 0.047340 0.118750
12 0.764894 0.695293 0.063830 0.012500
12 0.448936 0.611250 0.059574 0.350000
12 0.552660 0.833750 0.028723 0.012500
12 0.347340 0.415625 0.120213 0.158750
12 0.599468 0.483125 0.424468 0.393750
