8 0.394592 0.046572 0.403605 0.077620
8 0.500000 0.363519 0.990596 0.323415
8 0.500000 0.796895 0.990596 0.390686
0 0.063480 0.272962 0.023511 0.038810
3 0.173197 0.272962 0.078370 0.103493
1 0.259404 0.272962 0.023511 0.038810
3 0.431818 0.272962 0.078370 0.103493
4 0.521944 0.272962 0.031348 0.051746
1 0.584639 0.272962 0.023511 0.038810
1 0.643417 0.272962 0.023511 0.038810
1 0.886364 0.272962 0.023511 0.038810
2 0.944357 0.272962 0.021944 0.036223
4 0.819749 0.272962 0.031348 0.051746
3 0.721787 0.272962 0.078370 0.103493
1 0.333856 0.272962 0.023511 0.038810
0 0.063480 0.749030 0.023511 0.038810
3 0.149687 0.749030 0.078370 0.103493
1 0.500000 0.749030 0.023511 0.038810
3 0.540752 0.893920 0.078370 0.103493
1 0.431818 0.893920 0.023511 0.038810
1 0.643417 0.893920 0.023511 0.038810
2 0.716301 0.893920 0.021944 0.036223
3 0.267241 0.749030 0.078370 0.103493
4 0.357367 0.749030 0.031348 0.051746
13 0.127510 0.149418 0.131196 0.213454
13 0.104624 0.272962 0.061912 0.012937
13 0.230016 0.272962 0.038401 0.012937
13 0.155564 0.509366 0.187304 0.445692
13 0.092868 0.749030 0.038401 0.012937
13 0.472571 0.893920 0.061129 0.012937
13 0.605799 0.893920 0.054859 0.012937
13 0.680251 0.893920 0.053292 0.012937
13 0.296630 0.272962 0.054075 0.012937
13 0.488636 0.273369 0.038401 0.012937
13 0.555251 0.273268 0.038401 0.012937
13 0.614028 0.272962 0.038401 0.012937
13 0.915752 0.272962 0.038401 0.012937
13 0.612069 0.812419 0.203762 0.131953
13 0.741379 0.149418 0.293103 0.213454
13 0.584639 0.169470 0.007837 0.173351
13 0.670259 0.337646 0.298981 0.082794
13 0.668887 0.272962 0.030564 0.012937
13 0.855016 0.273223 0.042320 0.012937
13 0.383409 0.583441 0.093627 0.587322
13 0.414969 0.510996 0.159334 0.442432
13 0.643417 0.583441 0.007837 0.587322
13 0.782524 0.273362 0.046238 0.012937
13 0.369122 0.272962 0.050157 0.012937
13 0.208464 0.749030 0.042320 0.012937
13 0.324060 0.749436 0.038401 0.012937
13 0.430643 0.749345 0.118339 0.012937
13 0.388911 0.834411 0.065439 0.124191
11 0.394592 0.046054 0.129127 0.018111
11 0.016144 0.363519 0.010972 0.148427
11 0.174381 0.272445 0.062218 0.036740
11 0.431818 0.272445 0.048089 0.055369
11 0.721787 0.272445 0.048089 0.055369
11 0.511015 0.180983 0.062782 0.015524
11 0.016144 0.796895 0.010972 0.160495
11 0.149687 0.748512 0.065081 0.018111
11 0.540752 0.893402 0.065081 0.018111
11 0.268418 0.748512 0.064827 0.036740
11 0.419671 0.739327 0.041536 0.032600
11 0.346940 0.681630 0.049679 0.015524
11 0.825339 0.035576 0.061337 0.032600
11 0.574623 0.113195 0.052067 0.032600
11 0.399074 0.497413 0.052067 0.032600
11 0.432779 0.459120 0.059916 0.015524
11 0.632623 0.536740 0.059916 0.015524
