8 0.499974 0.414470 0.990145 0.489198
11 0.013889 0.434825 0.019608 0.230692
8 0.499951 0.841912 0.990099 0.304803
11 0.013889 0.863615 0.019608 0.245969
8 0.499569 0.066096 0.972994 0.120421
11 0.022059 0.081733 0.029412 0.177220
0 0.081784 0.427001 0.024510 0.027959
11 0.081784 0.449892 0.137789 0.021785
3 0.209062 0.427001 0.081699 0.074557
11 0.209062 0.429331 0.086029 0.047530
3 0.418593 0.427001 0.081699 0.074557
11 0.418593 0.429331 0.093592 0.047530
1 0.604336 0.520725 0.024510 0.027959
11 0.543164 0.500338 0.151654 0.043569
3 0.735651 0.520725 0.081699 0.074557
11 0.735651 0.525152 0.092647 0.071295
1 0.852755 0.520725 0.024510 0.027959
11 0.912294 0.500338 0.151654 0.043569
2 0.735651 0.609849 0.022876 0.026095
11 0.735651 0.638857 0.137789 0.043569
1 0.517232 0.363126 0.024510 0.027959
11 0.465593 0.342739 0.123057 0.043569
3 0.517232 0.242335 0.081699 0.074557
11 0.517232 0.244665 0.060504 0.047530
2 0.625977 0.242335 0.022876 0.026095
11 0.625977 0.264294 0.138655 0.021785
0 0.081784 0.806006 0.024510 0.027959
11 0.081784 0.828898 0.144722 0.021785
3 0.187154 0.806006 0.081699 0.074557
11 0.187154 0.808336 0.100210 0.047530
3 0.313725 0.806006 0.081699 0.074557
11 0.313725 0.810433 0.100210 0.071295
4 0.425339 0.806006 0.032680 0.037279
11 0.416352 0.782940 0.141807 0.023765
3 0.517232 0.917842 0.081699 0.074557
11 0.517232 0.920172 0.086029 0.047530
3 0.735651 0.917842 0.081699 0.074557
11 0.735651 0.920172 0.100210 0.047530
3 0.852755 0.917842 0.081699 0.074557
11 0.852755 0.920172 0.110609 0.047530
2 0.604336 0.806006 0.022876 0.026095
2 0.852755 0.806006 0.022876 0.026095
1 0.625977 0.917842 0.024510 0.027959
11 0.625977 0.940734 0.118724 0.021785
13 0.081784 0.269664 0.008170 0.290443
13 0.131126 0.427001 0.077441 0.009320
13 0.313828 0.427001 0.131100 0.009320
13 0.120172 0.806006 0.055534 0.009320
13 0.250189 0.628153 0.340078 0.331475
13 0.523720 0.427264 0.131821 0.009320
13 0.604531 0.476193 0.008170 0.064833
13 0.604336 0.663831 0.008170 0.261982
13 0.655696 0.520725 0.081478 0.009320
13 0.735651 0.304876 0.008170 0.360867
13 0.250440 0.806006 0.048140 0.009320
13 0.517232 0.628834 0.008170 0.507186
13 0.451065 0.871244 0.053903 0.096925
11 0.408936 0.865856 0.028081 0.023765
13 0.794203 0.917842 0.038673 0.009320
13 0.852755 0.663831 0.008170 0.261982
13 0.808501 0.520725 0.067267 0.009320
13 0.852755 0.849809 0.008170 0.065238
13 0.735651 0.577403 0.008170 0.042526
13 0.736716 0.467106 0.235347 0.083006
13 0.567116 0.385744 0.078525 0.048964
13 0.517232 0.314380 0.008170 0.073261
13 0.517232 0.165681 0.008170 0.082477
13 0.586311 0.242335 0.059725 0.009320
13 0.585902 0.917842 0.058908 0.009320
13 0.666517 0.917842 0.059838 0.009320
13 0.381787 0.806289 0.057692 0.009320
13 0.517289 0.806233 0.154487 0.009320
11 0.464052 0.810811 0.017997 0.023765
