0 0.050000 0.070000 0.010000 0.010000
3 0.086667 0.070000 0.033333 0.026667
4 0.125000 0.070000 0.013333 0.013333
3 0.370000 0.070000 0.033333 0.026667
4 0.331667 0.070000 0.013333 0.013333
3 0.125000 0.123333 0.033333 0.026667
3 0.288333 0.216667 0.033333 0.026667
1 0.190000 0.175000 0.010000 0.010000
1 0.190000 0.123333 0.010000 0.010000
3 0.288333 0.175000 0.033333 0.026667
3 0.233333 0.123333 0.033333 0.026667
4 0.288333 0.123333 0.013333 0.013333
2 0.406333 0.175000 0.009333 0.009333
2 0.406333 0.070000 0.009333 0.009333
2 0.406333 0.216667 0.009333 0.009333
1 0.190000 0.216667 0.010000 0.010000
