8 0.500000 0.055470 0.989967 0.092450
8 0.500000 0.363636 0.989967 0.385208
8 0.500000 0.808166 0.989967 0.365177
0 0.071906 0.363636 0.025084 0.046225
3 0.163880 0.363636 0.083612 0.123267
4 0.260033 0.363636 0.033445 0.061633
3 0.356187 0.255778 0.083612 0.123267
3 0.682274 0.365177 0.083612 0.123267
1 0.590301 0.365177 0.025084 0.046225
4 0.519231 0.363636 0.033445 0.061633
2 0.798495 0.365177 0.023411 0.043143
0 0.071906 0.808937 0.025084 0.046225
3 0.184783 0.808937 0.083612 0.123267
4 0.276756 0.808937 0.033445 0.061633
2 0.798495 0.810478 0.023411 0.043143
3 0.385452 0.718028 0.083612 0.123267
3 0.519231 0.718028 0.083612 0.123267
3 0.686455 0.810478 0.083612 0.123267
4 0.590301 0.808937 0.033445 0.061633
3 0.385452 0.901387 0.083612 0.123267
12 0.071906 0.221109 0.008361 0.244992
12 0.103261 0.363636 0.040970 0.015408
12 0.110561 0.605547 0.080653 0.366718
12 0.113712 0.808937 0.061873 0.015408
12 0.243311 0.809425 0.036789 0.015408
12 0.310410 0.748074 0.069816 0.066256
12 0.452341 0.718028 0.053512 0.015408
12 0.224498 0.364120 0.040970 0.015408
12 0.287416 0.294299 0.057274 0.083205
12 0.270779 0.551666 0.149078 0.258956
12 0.356187 0.147920 0.008361 0.098613
12 0.682274 0.202619 0.008361 0.208012
12 0.629065 0.568567 0.080873 0.366718
12 0.755435 0.365177 0.066054 0.015408
12 0.757525 0.810478 0.061873 0.015408
12 0.575878 0.748074 0.033027 0.066256
12 0.625836 0.809990 0.040970 0.015408
12 0.621656 0.365177 0.040970 0.015408
12 0.389632 0.363636 0.229097 0.015408
12 0.459030 0.294299 0.125418 0.083205
12 0.556856 0.364813 0.045151 0.015408
12 0.508988 0.870570 0.166806 0.067797
12 0.310410 0.870570 0.069816 0.067797
12 0.254159 0.632512 0.183903 0.420647
