8 0.495116 0.355305 0.981217 0.401929
8 0.495116 0.801447 0.981217 0.377814
8 0.500000 0.057878 0.990984 0.096463
0 0.060856 0.355305 0.022539 0.048232
3 0.154771 0.355305 0.075131 0.128617
4 0.560481 0.355305 0.030053 0.064309
3 0.459053 0.355305 0.075131 0.128617
2 0.691210 0.355305 0.021037 0.045016
1 0.560481 0.226688 0.022539 0.048232
1 0.308039 0.355305 0.022539 0.048232
0 0.060856 0.813505 0.022539 0.048232
3 0.145004 0.813505 0.075131 0.128617
4 0.231405 0.813505 0.030053 0.064309
2 0.308039 0.707395 0.021037 0.045016
3 0.459053 0.813505 0.075131 0.128617
2 0.589782 0.813505 0.021037 0.045016
1 0.365139 0.813505 0.022539 0.048232
12 0.094666 0.355305 0.048084 0.016077
12 0.107814 0.604502 0.096920 0.376206
12 0.089782 0.813505 0.038317 0.016077
12 0.199474 0.814009 0.036814 0.016077
12 0.398948 0.813505 0.048084 0.016077
12 0.537941 0.813505 0.085650 0.016077
12 0.300150 0.813859 0.110443 0.016077
12 0.521037 0.355795 0.051841 0.016077
12 0.242659 0.355305 0.103649 0.016077
12 0.370398 0.355305 0.105184 0.016077
12 0.691210 0.218650 0.007513 0.234727
12 0.560481 0.154341 0.007513 0.102894
12 0.060856 0.218650 0.007513 0.231511
12 0.428249 0.278939 0.244929 0.110932
12 0.339392 0.584405 0.053994 0.416399
12 0.628099 0.355695 0.108189 0.016077
12 0.560656 0.286977 0.007513 0.078778
12 0.264936 0.743569 0.068175 0.081994
12 0.308039 0.532154 0.007513 0.311897
12 0.449286 0.585016 0.262960 0.429196
