8 0.483683 0.047556 0.953380 0.079260
11 0.483683 0.048547 0.402348 0.056143
8 0.501166 0.342801 0.953380 0.313078
11 0.037296 0.371653 0.027972 0.326991
8 0.531469 0.810436 0.923077 0.363276
11 0.082751 0.841199 0.027972 0.348646
0 0.095571 0.310436 0.034965 0.039630
3 0.185315 0.310436 0.116550 0.105680
11 0.185315 0.310766 0.149700 0.033686
3 0.354312 0.310436 0.116550 0.105680
11 0.354312 0.310766 0.147003 0.033686
1 0.578089 0.310436 0.034965 0.039630
11 0.579254 0.275512 0.223764 0.030878
1 0.531469 0.384412 0.034965 0.039630
3 0.706294 0.310436 0.116550 0.105680
11 0.706294 0.313738 0.106543 0.067371
3 0.655230 0.431968 0.121649 0.063408
11 0.655231 0.432299 0.128122 0.033686
0 0.227273 0.826948 0.034965 0.039630
11 0.227273 0.859396 0.144643 0.030878
3 0.369464 0.825627 0.116550 0.105680
11 0.369464 0.825958 0.071479 0.033686
2 0.675991 0.825627 0.032634 0.036988
4 0.477855 0.826948 0.046620 0.052840
3 0.582751 0.754293 0.116550 0.105680
11 0.582751 0.757596 0.122727 0.067371
3 0.580420 0.892999 0.116550 0.105680
11 0.580420 0.899273 0.117333 0.101057
1 0.581585 0.661823 0.034965 0.039630
13 0.120047 0.310436 0.018648 0.013210
13 0.277972 0.826477 0.071096 0.013210
13 0.185315 0.172391 0.011655 0.175694
13 0.269814 0.310436 0.057110 0.013210
13 0.360140 0.172391 0.011655 0.175694
13 0.437063 0.310436 0.053613 0.013210
13 0.534382 0.310747 0.057110 0.013210
13 0.618881 0.577939 0.086247 0.500661
13 0.621795 0.310436 0.057110 0.013210
13 0.706294 0.172391 0.011655 0.175694
13 0.441142 0.826931 0.031469 0.013210
13 0.501457 0.777411 0.050699 0.051519
13 0.500291 0.873184 0.048368 0.044914
13 0.657343 0.867900 0.041958 0.052840
13 0.290793 0.585205 0.131702 0.449141
13 0.582431 0.691546 0.011655 0.025099
13 0.499959 0.360634 0.032716 0.052840
13 0.562937 0.418098 0.067599 0.033025
