8 0.500000 0.362101 0.985748 0.409006
11 0.020190 0.385982 0.028504 0.270651
8 0.500000 0.798311 0.985748 0.380863
11 0.020190 0.825720 0.028504 0.310634
8 0.500000 0.054409 0.985748 0.086304
11 0.500000 0.055816 0.146590 0.079737
0 0.114014 0.388368 0.035629 0.056285
11 0.114014 0.448640 0.149911 0.087711
3 0.280285 0.388368 0.118765 0.150094
11 0.280285 0.393058 0.141551 0.095685
1 0.695962 0.461538 0.035629 0.056285
1 0.404988 0.388368 0.035629 0.056285
4 0.494062 0.388368 0.047506 0.075047
11 0.526230 0.423546 0.059094 0.047842
1 0.589074 0.292683 0.035629 0.056285
1 0.808789 0.461538 0.035629 0.056285
2 0.932304 0.461538 0.033254 0.052533
3 0.232779 0.810507 0.118765 0.150094
11 0.232779 0.810976 0.072837 0.047842
0 0.114014 0.810507 0.035629 0.056285
11 0.114014 0.856590 0.142352 0.043856
1 0.357482 0.810507 0.035629 0.056285
11 0.357482 0.856590 0.086923 0.043856
3 0.557601 0.825516 0.103325 0.127580
11 0.557601 0.830206 0.072837 0.095685
1 0.695962 0.825516 0.035629 0.056285
2 0.896675 0.825516 0.033254 0.052533
13 0.176366 0.388368 0.093824 0.018762
13 0.197150 0.622889 0.171021 0.326454
13 0.152613 0.810507 0.046318 0.018762
13 0.363420 0.388368 0.052257 0.018762
13 0.381235 0.599437 0.052257 0.373358
13 0.446556 0.388803 0.052257 0.018762
13 0.531473 0.321935 0.084323 0.065323
11 0.523144 0.272514 0.022497 0.047842
13 0.586401 0.443715 0.188242 0.043152
11 0.578945 0.490150 0.022497 0.047842
13 0.643705 0.825516 0.073634 0.018762
13 0.114014 0.228893 0.011876 0.270169
13 0.589074 0.181051 0.011876 0.174484
13 0.752375 0.461538 0.081948 0.018762
13 0.808789 0.265478 0.011876 0.343340
13 0.796912 0.825516 0.171021 0.018762
13 0.871140 0.461538 0.093824 0.018762
13 0.315914 0.810507 0.052257 0.018762
13 0.695962 0.643527 0.011876 0.315197
13 0.440618 0.810507 0.135392 0.018762
