8 0.499915 0.348178 0.990718 0.377720
11 0.012908 0.382835 0.018223 0.392774
8 0.499915 0.800774 0.990718 0.377720
11 0.012908 0.839522 0.018223 0.439143
8 0.499915 0.047612 0.990718 0.073661
11 0.499914 0.048860 0.320696 0.070715
0 0.083030 0.349002 0.022779 0.049917
11 0.083030 0.389871 0.089400 0.038894
3 0.192491 0.349002 0.086955 0.133111
11 0.192491 0.353161 0.093134 0.084859
3 0.517988 0.265973 0.093379 0.133111
11 0.517988 0.273877 0.099284 0.127288
1 0.469210 0.432446 0.022779 0.049917
11 0.469210 0.473315 0.133697 0.038894
3 0.579309 0.432363 0.075930 0.133111
11 0.579309 0.436522 0.079954 0.084859
1 0.412263 0.265973 0.022779 0.049917
11 0.412263 0.306843 0.099064 0.038894
2 0.633219 0.265973 0.021260 0.046589
11 0.633219 0.317762 0.115172 0.077787
1 0.689408 0.432446 0.022779 0.049917
11 0.689408 0.473315 0.124837 0.038894
3 0.799271 0.432404 0.093379 0.133028
11 0.799271 0.440308 0.099284 0.127288
2 0.922931 0.432404 0.021260 0.046589
11 0.922931 0.471610 0.185242 0.038894
0 0.083030 0.801597 0.022779 0.049917
11 0.083030 0.842467 0.130475 0.038894
3 0.192293 0.801597 0.075930 0.133111
11 0.192293 0.805757 0.075561 0.084859
1 0.338326 0.715557 0.022779 0.049917
11 0.338326 0.756427 0.140140 0.038894
3 0.469210 0.715557 0.075930 0.133111
11 0.469210 0.719717 0.079954 0.084859
3 0.451754 0.881947 0.110843 0.133111
11 0.451754 0.886106 0.138822 0.084859
1 0.338326 0.881947 0.022779 0.049917
11 0.338326 0.922816 0.107924 0.038894
3 0.579309 0.717221 0.075930 0.133111
11 0.579309 0.721381 0.081712 0.084859
2 0.592692 0.881947 0.021260 0.046589
11 0.592692 0.921152 0.140945 0.038894
3 0.689408 0.717221 0.075930 0.133111
11 0.689408 0.721381 0.081712 0.084859
2 0.798899 0.717221 0.021260 0.046589
11 0.798899 0.756427 0.140945 0.038894
13 0.121716 0.349002 0.057631 0.016639
13 0.124374 0.801597 0.062946 0.016639
13 0.247390 0.802119 0.037301 0.016639
13 0.303512 0.741938 0.049886 0.059418
13 0.303512 0.858411 0.049886 0.053727
13 0.390480 0.715557 0.084567 0.016639
13 0.524260 0.716389 0.037206 0.016639
13 0.469210 0.553203 0.007593 0.198253
13 0.510972 0.432414 0.063781 0.016639
13 0.517988 0.141930 0.007593 0.121631
13 0.250245 0.349548 0.031591 0.016639
13 0.083030 0.204243 0.007593 0.246256
13 0.137661 0.596098 0.112301 0.367737
13 0.340480 0.290849 0.123823 0.056406
13 0.593633 0.265973 0.060949 0.016639
13 0.544618 0.881947 0.077923 0.016639
13 0.368954 0.407363 0.180771 0.056822
13 0.447475 0.265973 0.050683 0.016639
13 0.634358 0.717221 0.037206 0.016639
13 0.647646 0.432466 0.063781 0.016639
13 0.726689 0.432432 0.054822 0.016639
13 0.689408 0.554035 0.007593 0.199917
13 0.412263 0.553161 0.007593 0.531115
13 0.373024 0.881947 0.049655 0.016639
13 0.757821 0.717221 0.063933 0.016639
13 0.799271 0.225166 0.007593 0.288103
13 0.879131 0.432404 0.069377 0.016639
13 0.579309 0.225125 0.007593 0.288020
