8 0.494196 0.943350 0.978441 0.098522
8 0.489221 0.671798 0.968491 0.368227
8 0.500000 0.152094 0.990050 0.289409
0 0.067164 0.592365 0.024876 0.036946
3 0.158375 0.592365 0.082919 0.098522
1 0.415423 0.592365 0.024876 0.036946
1 0.378109 0.703202 0.024876 0.036946
3 0.674129 0.592365 0.082919 0.098522
2 0.855721 0.592365 0.023217 0.034483
3 0.512438 0.703202 0.082919 0.098522
1 0.591211 0.703202 0.024876 0.036946
1 0.249585 0.592365 0.024876 0.036946
0 0.067164 0.130542 0.024876 0.036946
3 0.158375 0.130542 0.082919 0.098522
3 0.693201 0.130542 0.082919 0.098522
4 0.257877 0.130542 0.033167 0.049261
3 0.484245 0.130542 0.082919 0.098522
4 0.581260 0.130542 0.033167 0.049261
2 0.800166 0.130542 0.023217 0.034483
1 0.378109 0.130542 0.024876 0.036946
12 0.098259 0.592365 0.040630 0.012315
12 0.067164 0.752463 0.008292 0.288177
12 0.098259 0.130542 0.040630 0.012315
12 0.220564 0.130925 0.044776 0.012315
12 0.366501 0.592661 0.076285 0.012315
12 0.624793 0.130920 0.057214 0.012315
12 0.416667 0.130542 0.055556 0.012315
12 0.545191 0.130542 0.042289 0.012315
12 0.761609 0.130542 0.057214 0.012315
12 0.320066 0.130840 0.094527 0.012315
12 0.419983 0.205665 0.326700 0.105911
12 0.339760 0.660099 0.055141 0.091133
12 0.530265 0.592365 0.208126 0.012315
12 0.779851 0.592365 0.131841 0.012315
12 0.430763 0.703202 0.083748 0.012315
12 0.566335 0.703202 0.028192 0.012315
12 0.607794 0.360837 0.388060 0.431034
12 0.855721 0.751847 0.008292 0.289409
12 0.378109 0.416872 0.008292 0.540640
12 0.218491 0.592365 0.040630 0.012315
12 0.279436 0.592651 0.038143 0.012315
12 0.624793 0.798645 0.045605 0.195813
12 0.158375 0.361453 0.185738 0.429803
12 0.432007 0.714901 0.321725 0.200739
