8 0.500000 0.415842 0.988166 0.390382
8 0.500000 0.814710 0.988166 0.353607
8 0.492110 0.050919 0.952663 0.084866
1 0.079882 0.482320 0.029586 0.042433
3 0.188363 0.482320 0.098619 0.113154
1 0.368836 0.393918 0.029586 0.042433
1 0.469428 0.482320 0.029586 0.042433
2 0.368836 0.312588 0.027613 0.039604
1 0.760355 0.482320 0.029586 0.042433
5 0.547337 0.482320 0.039448 0.056577
2 0.547337 0.314003 0.027613 0.039604
2 0.760355 0.314003 0.027613 0.039604
0 0.109467 0.842999 0.029586 0.042433
3 0.217949 0.842999 0.098619 0.113154
3 0.627219 0.842999 0.098619 0.113154
5 0.469428 0.842999 0.039448 0.056577
2 0.469428 0.711457 0.027613 0.039604
4 0.368836 0.842999 0.039448 0.056577
2 0.368836 0.711457 0.027613 0.039604
2 0.759369 0.842999 0.027613 0.039604
12 0.146450 0.842999 0.048323 0.014144
12 0.533531 0.843420 0.092702 0.014144
12 0.079882 0.277228 0.009862 0.373409
12 0.148915 0.680339 0.082840 0.288543
12 0.116864 0.482320 0.048323 0.014144
12 0.469428 0.597595 0.009862 0.193777
12 0.547337 0.193777 0.009862 0.206506
12 0.267258 0.482753 0.063116 0.014144
12 0.335552 0.423975 0.040927 0.065771
12 0.395464 0.482663 0.122288 0.014144
12 0.368836 0.352546 0.009862 0.045969
12 0.368836 0.193069 0.009862 0.205092
12 0.725838 0.482652 0.043393 0.014144
12 0.505917 0.483027 0.047337 0.014144
12 0.308185 0.843420 0.085799 0.014144
12 0.368836 0.553395 0.009862 0.282178
12 0.469657 0.772984 0.009862 0.089109
12 0.419132 0.843706 0.065089 0.014144
12 0.369066 0.772984 0.009862 0.089109
12 0.711045 0.842999 0.072978 0.014144
12 0.759369 0.663366 0.009862 0.325318
12 0.547570 0.393918 0.009862 0.125884
12 0.616864 0.483027 0.103550 0.014144
12 0.760355 0.397454 0.009862 0.132956
12 0.760355 0.193777 0.009862 0.206506
