8 0.501232 0.378508 0.990714 0.255408
8 0.501820 0.714189 0.984838 0.283683
8 0.498882 0.038585 0.990714 0.064309
8 0.515865 0.961743 0.646302 0.064309
3 0.157462 0.327974 0.072855 0.085745
0 0.062170 0.327974 0.017626 0.032154
1 0.449572 0.327974 0.017626 0.032154
3 0.523603 0.327974 0.072855 0.085745
1 0.511742 0.440514 0.017626 0.032154
1 0.772055 0.440514 0.017626 0.032154
3 0.854167 0.440514 0.072855 0.085745
3 0.631291 0.440514 0.072855 0.085745
2 0.966729 0.440514 0.016451 0.030011
0 0.157462 0.665595 0.017626 0.032154
3 0.233549 0.665595 0.081669 0.085745
4 0.351452 0.665595 0.023502 0.042872
3 0.449572 0.665595 0.072855 0.085745
3 0.500689 0.804930 0.072855 0.085745
3 0.599984 0.804930 0.072855 0.085745
1 0.685818 0.804930 0.017626 0.032154
3 0.772055 0.804930 0.072855 0.085745
2 0.872886 0.804930 0.016451 0.030011
1 0.309636 0.665954 0.017626 0.032154
12 0.096008 0.327974 0.052402 0.010718
12 0.157462 0.510182 0.005875 0.282958
12 0.179495 0.665595 0.028790 0.010718
12 0.283247 0.328271 0.181065 0.010718
12 0.287603 0.665850 0.028790 0.010718
12 0.388174 0.665931 0.052291 0.010718
12 0.449572 0.483387 0.005875 0.282958
12 0.472780 0.327974 0.031140 0.010718
12 0.523603 0.177921 0.005875 0.218650
12 0.418432 0.328231 0.047004 0.010718
12 0.443789 0.394962 0.120630 0.095391
12 0.511742 0.609325 0.005875 0.309753
12 0.550336 0.804930 0.028790 0.010718
12 0.557709 0.440514 0.076658 0.010718
12 0.656708 0.804930 0.042944 0.010718
12 0.715129 0.804930 0.043346 0.010718
12 0.772055 0.609325 0.005875 0.309753
12 0.799304 0.440514 0.039222 0.010718
12 0.715480 0.440514 0.097873 0.010718
12 0.631291 0.234191 0.005875 0.331190
12 0.854167 0.234191 0.005875 0.331190
12 0.924549 0.440514 0.070259 0.010718
12 0.763380 0.376742 0.409048 0.101822
12 0.836571 0.804930 0.058528 0.010718
12 0.679443 0.727760 0.389236 0.128617
12 0.062170 0.191318 0.005875 0.245445
12 0.408004 0.745981 0.114865 0.122186
12 0.685818 0.875298 0.005875 0.112868
12 0.329075 0.666036 0.023603 0.010718
12 0.309636 0.805810 0.005875 0.251844
12 0.593420 0.888696 0.005875 0.086073
12 0.206324 0.819028 0.005875 0.225408
