8 0.221162 0.024113 0.402323 0.020000
8 0.221162 0.091667 0.402323 0.083333
8 0.221162 0.190000 0.402323 0.083333
3 0.084017 0.091667 0.033333 0.026667
1 0.169301 0.091667 0.010000 0.010000
3 0.256983 0.076800 0.033333 0.026667
1 0.293650 0.110133 0.010000 0.010000
1 0.325283 0.110133 0.010000 0.010000
1 0.356917 0.110133 0.010000 0.010000
2 0.400287 0.091667 0.009333 0.009333
4 0.189667 0.091667 0.013333 0.013333
0 0.047350 0.091667 0.010000 0.010000
4 0.373953 0.091667 0.013333 0.013333
0 0.084017 0.180450 0.010000 0.010000
3 0.120683 0.180450 0.033333 0.026667
4 0.213000 0.180450 0.013333 0.013333
3 0.267350 0.200883 0.033333 0.026667
3 0.325283 0.200883 0.033333 0.026667
2 0.388217 0.180481 0.009333 0.009333
3 0.169301 0.180481 0.033333 0.026667
4 0.369417 0.180481 0.013333 0.013333
