8 0.500000 0.302177 0.987111 0.320102
11 0.018260 0.329216 0.025779 0.306448
8 0.307197 0.046095 0.537057 0.076825
11 0.307197 0.047055 0.345941 0.054417
8 0.500000 0.768886 0.987111 0.446863
11 0.018260 0.798704 0.025779 0.337932
0 0.087003 0.257362 0.032223 0.038412
3 0.205156 0.257362 0.107411 0.102433
11 0.205156 0.260563 0.131748 0.065301
4 0.642857 0.257362 0.042965 0.051216
11 0.705094 0.281370 0.152877 0.032650
1 0.769066 0.161332 0.032223 0.038412
2 0.848550 0.161332 0.030075 0.035851
1 0.642857 0.359795 0.032223 0.038412
11 0.642857 0.391245 0.103679 0.029930
1 0.468314 0.257362 0.032223 0.038412
11 0.468314 0.288812 0.144695 0.029930
0 0.103115 0.737516 0.032223 0.038412
3 0.221267 0.737516 0.107411 0.102433
11 0.221267 0.740717 0.126776 0.065301
4 0.344791 0.737516 0.042965 0.051216
3 0.468314 0.635083 0.107411 0.102433
11 0.468314 0.635403 0.145420 0.032650
3 0.468314 0.871959 0.107411 0.102433
11 0.468314 0.875160 0.132991 0.065301
3 0.704619 0.871959 0.107411 0.102433
11 0.704619 0.875160 0.135476 0.065301
1 0.634801 0.635083 0.032223 0.038412
1 0.586466 0.871959 0.032223 0.038412
2 0.714286 0.635083 0.030075 0.035851
1 0.822771 0.871959 0.032223 0.038412
2 0.902256 0.871959 0.030075 0.035851
13 0.087003 0.161332 0.010741 0.158771
13 0.127282 0.257362 0.052632 0.012804
13 0.154135 0.513444 0.106337 0.414853
13 0.291085 0.257042 0.068743 0.012804
13 0.143394 0.737516 0.052632 0.012804
13 0.299141 0.737918 0.052632 0.012804
13 0.379968 0.673496 0.073577 0.081946
13 0.379968 0.817542 0.073577 0.113956
13 0.546187 0.871959 0.052632 0.012804
13 0.626745 0.871959 0.052632 0.012804
13 0.570354 0.635083 0.100967 0.012804
13 0.614158 0.659879 0.054664 0.390870
13 0.675081 0.635083 0.052632 0.012804
13 0.782492 0.871959 0.052632 0.012804
13 0.822771 0.657490 0.010741 0.395647
13 0.863050 0.871959 0.052632 0.012804
13 0.672395 0.093470 0.197637 0.102433
13 0.809345 0.161332 0.052632 0.012804
13 0.698174 0.196543 0.113856 0.075544
11 0.547961 0.135401 0.024490 0.032650
13 0.409237 0.257670 0.090226 0.012804
13 0.552900 0.257672 0.141246 0.012804
13 0.643110 0.311780 0.010741 0.062740
11 0.628094 0.263546 0.025935 0.063173
13 0.637930 0.539052 0.010741 0.158771
13 0.555585 0.359795 0.178840 0.171575
13 0.597207 0.224712 0.063373 0.285531
