8 0.500000 0.503005 0.989691 0.332933
8 0.500000 0.894832 0.989691 0.195913
8 0.500000 0.043269 0.989691 0.072115
9 0.512887 0.586238 0.963918 0.166466
9 0.512887 0.419772 0.963918 0.166466
3 0.176976 0.585938 0.085911 0.096154
1 0.262887 0.585938 0.025773 0.036058
0 0.082474 0.419471 0.025773 0.036058
3 0.176976 0.419471 0.085911 0.096154
3 0.434708 0.419471 0.085911 0.096154
3 0.189863 0.908654 0.085911 0.096154
3 0.500000 0.908654 0.085911 0.096154
2 0.584192 0.908654 0.024055 0.033654
2 0.262887 0.908654 0.024055 0.033654
0 0.082474 0.908654 0.025773 0.036058
13 0.110422 0.908654 0.008591 0.012019
13 0.234966 0.585938 0.033505 0.012019
13 0.314636 0.207933 0.008591 0.262019
13 0.114691 0.419471 0.042096 0.012019
13 0.338488 0.208534 0.008591 0.260817
13 0.144759 0.909077 0.008591 0.012019
13 0.316590 0.954327 0.384898 0.048077
13 0.557560 0.908129 0.032646 0.012019
13 0.241838 0.908654 0.021478 0.012019
13 0.262887 0.747897 0.008591 0.292668
11 0.017698 0.503005 0.012027 0.129481
11 0.043471 0.420072 0.012027 0.126254
11 0.043471 0.587139 0.012027 0.078557
11 0.176976 0.586058 0.040700 0.034135
11 0.176976 0.418990 0.040700 0.034135
11 0.434708 0.410337 0.057590 0.051442
11 0.017698 0.894832 0.012027 0.139890
11 0.189863 0.899519 0.035235 0.034135
11 0.500000 0.908173 0.035235 0.034135
11 0.500000 0.042788 0.135534 0.016827
