8 0.501040 0.443934 0.988546 0.450163
8 0.499952 0.036789 0.990722 0.062112
8 0.499952 0.864278 0.990722 0.258799
0 0.086853 0.348252 0.022953 0.031056
1 0.250049 0.348252 0.022953 0.031056
3 0.168030 0.348252 0.076511 0.082816
2 0.964444 0.329352 0.021423 0.028986
5 0.297393 0.348252 0.030604 0.041408
1 0.365765 0.286270 0.022953 0.031056
1 0.468129 0.484569 0.022953 0.031056
3 0.440024 0.286270 0.076511 0.082816
3 0.616243 0.286270 0.076511 0.082816
3 0.727184 0.286270 0.076511 0.082816
4 0.699943 0.484569 0.030604 0.041408
3 0.581460 0.484569 0.076511 0.082816
3 0.788175 0.584923 0.076511 0.082816
5 0.884898 0.329352 0.030604 0.041408
4 0.884898 0.485087 0.030604 0.041408
0 0.086853 0.864278 0.022953 0.031056
3 0.189790 0.864278 0.076511 0.082816
4 0.277778 0.864278 0.030604 0.041408
3 0.365765 0.791007 0.076511 0.082816
3 0.365765 0.938210 0.076511 0.082816
2 0.616243 0.791007 0.021423 0.028986
12 0.061407 0.208048 0.031000 0.284547
12 0.114052 0.348252 0.034506 0.010352
12 0.222429 0.348252 0.035347 0.010352
12 0.271808 0.348488 0.023626 0.010352
12 0.326032 0.306931 0.059573 0.045375
12 0.389505 0.286270 0.027586 0.010352
12 0.528133 0.286270 0.102769 0.010352
12 0.671713 0.286270 0.037490 0.010352
12 0.727184 0.156354 0.007651 0.181158
12 0.652178 0.484877 0.067986 0.010352
12 0.725122 0.545098 0.052654 0.083790
12 0.926967 0.329597 0.056593 0.010352
12 0.792421 0.485345 0.157411 0.010352
12 0.825360 0.297459 0.122902 0.026519
12 0.885281 0.407220 0.007651 0.118467
12 0.855856 0.545357 0.061911 0.083273
12 0.788175 0.305680 0.007651 0.479810
12 0.124932 0.864278 0.056265 0.010352
12 0.245260 0.864603 0.037490 0.010352
12 0.168451 0.606265 0.166256 0.489111
12 0.302835 0.817290 0.052410 0.056708
12 0.365765 0.525698 0.007651 0.451942
12 0.302835 0.911596 0.052410 0.057368
12 0.365765 0.864608 0.007651 0.068528
12 0.504776 0.791007 0.204571 0.010352
12 0.511405 0.484569 0.066660 0.010352
12 0.377023 0.426762 0.162319 0.119755
