8 0.273684 0.052941 0.478469 0.088235
11 0.273684 0.054044 0.118113 0.062500
8 0.388517 0.325000 0.765550 0.367647
11 0.016268 0.355630 0.022967 0.347143
8 0.500000 0.775735 0.988517 0.430882
11 0.016268 0.785945 0.022967 0.115714
0 0.077512 0.325000 0.028708 0.044118
3 0.182775 0.325000 0.095694 0.117647
11 0.182775 0.328676 0.115161 0.075000
1 0.383732 0.207353 0.028708 0.044118
11 0.383732 0.243474 0.210113 0.034375
3 0.551196 0.207353 0.095694 0.117647
11 0.551196 0.211029 0.087478 0.075000
1 0.335885 0.383824 0.028708 0.044118
11 0.335885 0.419945 0.162406 0.034375
1 0.551196 0.383824 0.028708 0.044118
11 0.551196 0.419945 0.157331 0.034375
2 0.722488 0.207353 0.026794 0.041176
11 0.722488 0.242004 0.184737 0.034375
4 0.661244 0.207353 0.038278 0.058824
3 0.455502 0.383824 0.095694 0.117647
11 0.455502 0.387500 0.100766 0.075000
3 0.661244 0.383824 0.095694 0.117647
11 0.661244 0.387500 0.118483 0.075000
0 0.077512 0.744118 0.028708 0.044118
3 0.182775 0.744118 0.095694 0.117647
11 0.182775 0.747794 0.131770 0.075000
3 0.484211 0.744118 0.095694 0.117647
11 0.484211 0.747794 0.099658 0.075000
4 0.273684 0.744118 0.038278 0.058824
11 0.275598 0.644485 0.222570 0.037500
3 0.383732 0.883824 0.095694 0.117647
11 0.383732 0.887500 0.100766 0.075000
3 0.522488 0.883824 0.095694 0.117647
11 0.522488 0.887500 0.131770 0.075000
3 0.661244 0.883824 0.095694 0.117647
11 0.661244 0.887500 0.127341 0.075000
2 0.866029 0.883824 0.026794 0.041176
11 0.866029 0.918474 0.152256 0.034375
4 0.785646 0.883824 0.038278 0.058824
13 0.077512 0.200000 0.009569 0.211765
13 0.113397 0.325000 0.046890 0.014706
13 0.242584 0.325481 0.027751 0.014706
13 0.130144 0.552941 0.109091 0.344118
13 0.113397 0.744118 0.046890 0.014706
13 0.242584 0.744599 0.027751 0.014706
13 0.433971 0.457353 0.104306 0.461765
13 0.450718 0.207353 0.109091 0.014706
13 0.532057 0.100735 0.042105 0.101471
13 0.305024 0.828676 0.065550 0.116176
11 0.260766 0.749711 0.022967 0.081964
13 0.364593 0.744536 0.147368 0.014706
11 0.306313 0.727469 0.023321 0.037588
13 0.297847 0.369118 0.051196 0.035294
13 0.453110 0.883824 0.046890 0.014706
13 0.591866 0.883824 0.046890 0.014706
13 0.378947 0.383824 0.061244 0.014706
13 0.606220 0.615441 0.113876 0.425000
13 0.737799 0.884274 0.061244 0.014706
13 0.828708 0.884167 0.051675 0.014706
13 0.657977 0.799265 0.255667 0.116176
13 0.620574 0.207353 0.046890 0.014706
13 0.589474 0.383824 0.051675 0.014706
13 0.694737 0.207353 0.032536 0.014706
13 0.321770 0.251471 0.099043 0.094118
13 0.343062 0.615441 0.009569 0.425000
13 0.520096 0.383824 0.037321 0.014706
13 0.455502 0.211029 0.009569 0.233824
13 0.661524 0.280882 0.009569 0.094118
