8 0.166000 0.025000 0.322000 0.020000
8 0.182667 0.091667 0.355333 0.083333
8 0.182667 0.212833 0.355333 0.129000
0 0.030000 0.091667 0.010000 0.010000
3 0.066667 0.091667 0.033333 0.026667
2 0.346667 0.091667 0.009333 0.009333
1 0.230000 0.091667 0.010000 0.010000
3 0.266667 0.091667 0.033333 0.026667
1 0.136667 0.120000 0.010000 0.010000
3 0.200000 0.120000 0.033333 0.026667
1 0.261667 0.120000 0.010000 0.010000
3 0.298333 0.120000 0.033333 0.026667
4 0.320333 0.091667 0.013333 0.013333
0 0.030000 0.195000 0.010000 0.010000
3 0.066667 0.195000 0.033333 0.026667
2 0.286333 0.195000 0.009333 0.009333
3 0.163333 0.195000 0.033333 0.026667
4 0.105135 0.195000 0.013333 0.013333
3 0.136667 0.236667 0.033333 0.026667
3 0.185000 0.236667 0.033333 0.026667
3 0.230000 0.236667 0.033333 0.026667
4 0.261667 0.195000 0.013333 0.013333
