8 0.185000 0.010667 0.348667 0.020000
8 0.184667 0.172000 0.349333 0.077333
8 0.184667 0.079500 0.349333 0.089000
0 0.055000 0.171000 0.010000 0.010000
3 0.091667 0.171000 0.033333 0.026667
4 0.125000 0.171000 0.013333 0.013333
1 0.146667 0.156667 0.010000 0.010000
3 0.180000 0.156667 0.033333 0.026667
4 0.221667 0.156667 0.013333 0.013333
2 0.244667 0.156667 0.009333 0.009333
0 0.040000 0.076667 0.010000 0.010000
1 0.065000 0.076754 0.010000 0.010000
1 0.244667 0.058333 0.010000 0.010000
1 0.170000 0.076667 0.010000 0.010000
1 0.146667 0.076754 0.010000 0.010000
2 0.286333 0.058333 0.009333 0.009333
4 0.091667 0.076754 0.013333 0.013333
