8 0.500000 0.325724 0.987275 0.304009
11 0.018028 0.348113 0.025451 0.253742
8 0.552492 0.040089 0.810180 0.066815
11 0.552492 0.040924 0.323133 0.047327
8 0.500000 0.767261 0.987275 0.452116
11 0.018028 0.791260 0.025451 0.271997
0 0.085896 0.312918 0.031813 0.033408
3 0.218452 0.312918 0.106045 0.089087
11 0.218452 0.315702 0.138661 0.056793
1 0.393425 0.312918 0.031813 0.033408
3 0.711559 0.312918 0.106045 0.089087
11 0.711559 0.318207 0.141115 0.085189
4 0.552492 0.312918 0.042418 0.044543
11 0.541888 0.274220 0.111665 0.028396
2 0.880170 0.312918 0.029692 0.031180
1 0.552492 0.424276 0.031813 0.033408
2 0.959703 0.424276 0.029692 0.031180
3 0.822906 0.424276 0.106045 0.089087
11 0.822906 0.429566 0.141115 0.085189
0 0.117709 0.731626 0.031813 0.033408
3 0.234358 0.731626 0.106045 0.089087
11 0.234358 0.731904 0.131298 0.028396
3 0.393425 0.731626 0.106045 0.089087
11 0.393425 0.734410 0.142342 0.056793
3 0.234358 0.731626 0.106045 0.089087
11 0.234358 0.731904 0.131298 0.028396
2 0.752916 0.731626 0.029692 0.031180
4 0.552492 0.731626 0.042418 0.044543
11 0.553552 0.696269 0.089577 0.028396
3 0.552492 0.886414 0.106045 0.089087
11 0.552492 0.886693 0.131298 0.028396
2 0.896076 0.886414 0.029692 0.031180
1 0.711559 0.886414 0.031813 0.033408
13 0.116649 0.168151 0.065748 0.260579
13 0.133616 0.312918 0.067869 0.011136
13 0.168081 0.536192 0.104984 0.361915
13 0.157476 0.731626 0.051962 0.011136
13 0.324496 0.312918 0.110286 0.011136
13 0.157476 0.731626 0.051962 0.011136
13 0.711559 0.170935 0.010604 0.199332
13 0.470308 0.313186 0.126193 0.011136
13 0.616119 0.313253 0.089077 0.011136
11 0.615912 0.300947 0.036449 0.028396
13 0.814952 0.312918 0.104984 0.011136
13 0.488865 0.731959 0.089077 0.011136
13 0.313892 0.731626 0.057264 0.011136
13 0.655885 0.731896 0.168611 0.011136
11 0.638371 0.719655 0.023360 0.028396
13 0.552796 0.797884 0.010604 0.092428
11 0.538028 0.737243 0.025536 0.053041
13 0.650583 0.886414 0.094380 0.011136
13 0.804348 0.886414 0.158006 0.011136
13 0.552745 0.371381 0.010604 0.076837
11 0.538003 0.322845 0.025504 0.023874
13 0.669141 0.424276 0.205726 0.011136
13 0.910392 0.424276 0.073171 0.011136
13 0.822906 0.226615 0.010604 0.310690
13 0.393425 0.508352 0.010604 0.361915
13 0.632025 0.655345 0.163309 0.433185
