8 0.500000 0.362101 0.985748 0.409006
8 0.500000 0.798311 0.985748 0.380863
8 0.500000 0.054409 0.985748 0.086304
0 0.114014 0.388368 0.035629 0.056285
3 0.280285 0.388368 0.118765 0.150094
1 0.695962 0.461538 0.035629 0.056285
1 0.404988 0.388368 0.035629 0.056285
4 0.494062 0.388368 0.047506 0.075047
1 0.589074 0.292683 0.035629 0.056285
1 0.808789 0.461538 0.035629 0.056285
2 0.932304 0.461538 0.033254 0.052533
3 0.232779 0.810507 0.118765 0.150094
0 0.114014 0.810507 0.035629 0.056285
1 0.357482 0.810507 0.035629 0.056285
3 0.557601 0.825516 0.103325 0.127580
1 0.695962 0.825516 0.035629 0.056285
2 0.896675 0.825516 0.033254 0.052533
12 0.176366 0.388368 0.093824 0.018762
12 0.197150 0.622889 0.171021 0.326454
12 0.152613 0.810507 0.046318 0.018762
12 0.363420 0.388368 0.052257 0.018762
12 0.381235 0.599437 0.052257 0.373358
12 0.446556 0.388803 0.052257 0.018762
12 0.531473 0.321935 0.084323 0.065323
12 0.586401 0.443715 0.188242 0.043152
12 0.643705 0.825516 0.073634 0.018762
12 0.114014 0.228893 0.011876 0.270169
12 0.589074 0.181051 0.011876 0.174484
12 0.752375 0.461538 0.081948 0.018762
12 0.808789 0.265478 0.011876 0.343340
12 0.796912 0.825516 0.171021 0.018762
12 0.871140 0.461538 0.093824 0.018762
12 0.315914 0.810507 0.052257 0.018762
12 0.695962 0.643527 0.011876 0.315197
12 0.440618 0.810507 0.135392 0.018762
