8 0.212167 0.055000 0.344333 0.050000
8 0.214167 0.180000 0.348333 0.110000
8 0.212167 0.304500 0.344333 0.097667
3 0.126667 0.170333 0.033333 0.026667
0 0.075000 0.170333 0.010000 0.010000
1 0.310000 0.172000 0.010000 0.010000
1 0.260000 0.172000 0.010000 0.010000
2 0.359667 0.172000 0.009333 0.009333
1 0.238333 0.222088 0.010000 0.010000
1 0.285000 0.172000 0.010000 0.010000
0 0.126667 0.301000 0.010000 0.010000
3 0.238333 0.300865 0.033333 0.026667
4 0.165000 0.300865 0.013333 0.013333
3 0.311667 0.335865 0.033333 0.026667
3 0.270000 0.335865 0.033333 0.026667
4 0.350000 0.301000 0.013333 0.013333
2 0.376333 0.301000 0.009333 0.009333
