8 0.500000 0.142857 0.991678 0.272628
11 0.011789 0.164625 0.016644 0.246697
8 0.500000 0.486369 0.991678 0.272628
11 0.011789 0.508294 0.016644 0.248485
8 0.500000 0.818975 0.991678 0.348964
11 0.011789 0.834117 0.016644 0.171616
3 0.122053 0.142857 0.069348 0.087241
11 0.122053 0.145583 0.079443 0.055616
0 0.056172 0.142857 0.020804 0.032715
11 0.066574 0.088945 0.111073 0.025491
3 0.361304 0.082879 0.083218 0.087241
11 0.361304 0.083152 0.102714 0.027808
1 0.243412 0.142857 0.020804 0.032715
11 0.243412 0.169643 0.128727 0.025491
1 0.243412 0.235551 0.020804 0.032715
11 0.243412 0.262336 0.165507 0.025491
2 0.585992 0.082879 0.019417 0.030534
11 0.585992 0.108574 0.025745 0.025491
3 0.371706 0.181025 0.069348 0.087241
11 0.371706 0.186205 0.086665 0.083424
0 0.122053 0.486369 0.020804 0.032715
11 0.122053 0.513154 0.164771 0.025491
3 0.222607 0.486369 0.069348 0.087241
11 0.222607 0.489095 0.085060 0.055616
1 0.361304 0.486369 0.020804 0.032715
11 0.369626 0.445543 0.084592 0.025491
3 0.621012 0.410033 0.096394 0.087241
11 0.621012 0.412759 0.125183 0.055616
1 0.361304 0.579062 0.020804 0.032715
11 0.361304 0.605848 0.165507 0.025491
1 0.825243 0.579062 0.020804 0.032715
11 0.825243 0.549141 0.124314 0.025491
3 0.725381 0.579062 0.069348 0.087241
11 0.725381 0.584242 0.090678 0.083424
4 0.527739 0.486369 0.027739 0.043621
2 0.967406 0.486369 0.019417 0.030534
11 0.967406 0.512064 0.025745 0.025491
0 0.222607 0.780807 0.020804 0.032715
11 0.222607 0.807593 0.123578 0.025491
3 0.330097 0.780807 0.069348 0.087241
11 0.330097 0.783533 0.085863 0.055616
4 0.413315 0.780807 0.027739 0.043621
11 0.414702 0.733097 0.129998 0.027808
3 0.621359 0.780807 0.069348 0.087241
11 0.621359 0.783533 0.095492 0.055616
3 0.506935 0.900763 0.069348 0.087241
11 0.506935 0.905943 0.087468 0.083424
3 0.621359 0.900763 0.069348 0.087241
11 0.621359 0.903490 0.085863 0.055616
3 0.725381 0.900763 0.069348 0.087241
11 0.725381 0.903490 0.089875 0.055616
2 0.866852 0.780807 0.019417 0.030534
11 0.866852 0.806502 0.025745 0.025491
4 0.794755 0.780807 0.027739 0.043621
13 0.076976 0.142857 0.023578 0.010905
13 0.160194 0.486369 0.058252 0.010905
13 0.122053 0.328244 0.006935 0.287895
13 0.222607 0.647219 0.006935 0.238822
13 0.264216 0.780807 0.065187 0.010905
13 0.382108 0.781146 0.037448 0.010905
13 0.276352 0.486705 0.040915 0.010905
13 0.506935 0.781107 0.162275 0.010905
11 0.436172 0.768482 0.015290 0.027847
13 0.337032 0.486625 0.030513 0.010905
13 0.330270 0.543621 0.044036 0.075245
13 0.491331 0.619956 0.262829 0.238822
13 0.564147 0.900763 0.047850 0.010905
13 0.673370 0.900763 0.037448 0.010905
13 0.792649 0.748092 0.067961 0.309706
13 0.531207 0.579062 0.321775 0.010905
13 0.442961 0.851690 0.061373 0.102508
11 0.403953 0.786269 0.016644 0.051842
13 0.718459 0.781112 0.127626 0.010905
13 0.777579 0.851690 0.037820 0.102508
13 0.832884 0.781065 0.051292 0.010905
13 0.787448 0.579062 0.057559 0.010905
13 0.163662 0.143219 0.016644 0.010905
13 0.215673 0.143115 0.037448 0.010905
13 0.208911 0.200109 0.050971 0.075245
13 0.281553 0.104689 0.079057 0.047983
13 0.489598 0.385496 0.474341 0.304253
13 0.683426 0.524809 0.286408 0.080153
13 0.442788 0.486635 0.144938 0.010905
13 0.550451 0.437296 0.047503 0.058888
13 0.489598 0.082879 0.176144 0.010905
13 0.290222 0.200109 0.096394 0.042530
13 0.434119 0.726281 0.148405 0.266085
13 0.260922 0.111858 0.154993 0.099398
13 0.818308 0.440567 0.300971 0.065431
13 0.437413 0.254635 0.369972 0.227917
