8 0.448795 0.326877 0.888554 0.302663
11 0.012801 0.344213 0.018072 0.196476
8 0.448795 0.765738 0.888554 0.453995
11 0.012801 0.782549 0.018072 0.190522
8 0.448795 0.043584 0.888554 0.072639
11 0.448795 0.044492 0.242524 0.051453
0 0.082078 0.284504 0.022590 0.036320
11 0.082078 0.314240 0.134187 0.028299
3 0.164910 0.284504 0.075301 0.096852
11 0.164910 0.287530 0.092362 0.061743
1 0.338102 0.284504 0.022590 0.036320
11 0.338102 0.314240 0.139778 0.028299
3 0.661898 0.284504 0.075301 0.096852
11 0.661898 0.287530 0.098462 0.061743
2 0.781627 0.284504 0.021084 0.033898
1 0.296687 0.375303 0.022590 0.036320
11 0.296687 0.405039 0.176519 0.028299
3 0.460090 0.375303 0.075301 0.096852
11 0.460090 0.381053 0.086263 0.092615
1 0.579066 0.375303 0.022590 0.036320
11 0.579066 0.405039 0.139778 0.028299
0 0.083584 0.732446 0.022590 0.036320
11 0.077560 0.776710 0.134187 0.028299
3 0.166416 0.732446 0.075301 0.096852
11 0.166416 0.735472 0.088877 0.061743
4 0.253012 0.732446 0.030120 0.048426
11 0.302453 0.755145 0.124602 0.030872
3 0.639307 0.665860 0.075301 0.096852
11 0.639307 0.668886 0.098462 0.061743
3 0.338102 0.847458 0.075301 0.096852
11 0.338102 0.850484 0.079292 0.061743
3 0.481175 0.847458 0.075301 0.096852
11 0.481175 0.850484 0.088877 0.061743
4 0.537651 0.665860 0.030120 0.048426
2 0.721386 0.665860 0.021084 0.033898
10 0.759036 0.392857 0.066265 0.117433
11 0.759036 0.395884 0.088877 0.061743
10 0.962349 0.610775 0.066265 0.117433
11 0.962349 0.613801 0.088877 0.061743
13 0.110316 0.284504 0.036898 0.012107
13 0.111822 0.732446 0.036898 0.012107
13 0.221009 0.732825 0.036898 0.012107
13 0.276920 0.802058 0.050075 0.095642
11 0.242846 0.738218 0.018072 0.059538
13 0.409639 0.847458 0.070783 0.012107
13 0.387989 0.687046 0.272214 0.047215
11 0.242846 0.694461 0.018072 0.027784
13 0.577184 0.666231 0.051958 0.012107
13 0.528426 0.768765 0.022214 0.162228
13 0.693901 0.665860 0.036898 0.012107
13 0.124247 0.523608 0.084337 0.386199
13 0.735316 0.284504 0.074548 0.012107
13 0.220256 0.284882 0.038404 0.012107
13 0.297440 0.284794 0.061747 0.012107
13 0.269390 0.342010 0.035015 0.071429
13 0.365211 0.375303 0.117470 0.012107
13 0.486822 0.284504 0.277861 0.012107
13 0.532756 0.375303 0.073042 0.012107
13 0.626130 0.354116 0.074548 0.047215
13 0.317395 0.596247 0.044428 0.410412
13 0.082078 0.173123 0.007530 0.191283
13 0.460090 0.203390 0.007530 0.251816
13 0.661898 0.157990 0.007530 0.161017
13 0.682605 0.410839 0.089608 0.025216
13 0.479292 0.460048 0.285392 0.319613
13 0.609187 0.505448 0.063253 0.228814
13 0.774849 0.565955 0.311747 0.078642
