8 0.500154 0.317148 0.990705 0.357472
11 0.013098 0.325300 0.018100 0.092391
8 0.500154 0.771619 0.990705 0.437256
11 0.013097 0.793979 0.018100 0.253416
8 0.500154 0.047215 0.990705 0.076126
11 0.500154 0.048423 0.245798 0.068438
11 0.035722 0.340207 0.018100 0.261335
0 0.067452 0.286371 0.022624 0.048309
3 0.341497 0.286371 0.075415 0.128824
11 0.341497 0.290397 0.092502 0.082126
1 0.465962 0.364339 0.022624 0.048309
11 0.465962 0.403892 0.226382 0.037641
3 0.607265 0.364339 0.075415 0.128824
11 0.607265 0.371988 0.068940 0.123188
2 0.746220 0.364339 0.021116 0.045089
3 0.607265 0.222468 0.075415 0.128824
11 0.607265 0.226494 0.079412 0.082126
1 0.466103 0.222468 0.022624 0.048309
11 0.477415 0.263632 0.126390 0.037641
2 0.689793 0.222628 0.021116 0.045089
0 0.060409 0.731735 0.022624 0.048309
11 0.069458 0.789907 0.084793 0.075282
3 0.153246 0.731735 0.075415 0.128824
11 0.153246 0.735761 0.089011 0.082126
1 0.248660 0.731735 0.022624 0.048309
11 0.248660 0.771288 0.128790 0.037641
3 0.341497 0.731735 0.075415 0.128824
11 0.341497 0.739384 0.068940 0.123188
1 0.153246 0.796147 0.022624 0.048309
11 0.202265 0.843752 0.126390 0.037641
3 0.500277 0.877500 0.075415 0.128824
11 0.500277 0.881525 0.079412 0.082126
3 0.607265 0.877500 0.075415 0.128824
11 0.607265 0.881525 0.095992 0.082126
3 0.806590 0.877500 0.075415 0.128824
11 0.806590 0.885149 0.068940 0.123188
2 0.466103 0.731735 0.021116 0.045089
2 0.879103 0.877500 0.021116 0.045089
1 0.702825 0.877918 0.022624 0.048309
11 0.702825 0.917471 0.124790 0.037641
1 0.500277 0.813087 0.022624 0.048309
2 0.500277 0.731735 0.021116 0.045089
12 0.174669 0.615868 0.091278 0.053717
11 0.162881 0.618819 0.092502 0.082126
12 0.658584 0.731218 0.089464 0.053717
11 0.648284 0.730546 0.094247 0.041063
13 0.191277 0.286371 0.228042 0.016103
13 0.391329 0.285765 0.027265 0.016103
13 0.093630 0.731735 0.046834 0.016103
13 0.214151 0.731735 0.049412 0.016103
13 0.281881 0.731735 0.046834 0.016103
13 0.690317 0.364339 0.093706 0.016103
13 0.307908 0.848901 0.312341 0.063639
13 0.553771 0.877500 0.034589 0.016103
13 0.067452 0.173747 0.007541 0.183379
13 0.746220 0.214094 0.007541 0.261843
13 0.668242 0.878038 0.049557 0.016103
13 0.741510 0.878030 0.057762 0.016103
13 0.417375 0.731735 0.079357 0.016103
13 0.856421 0.877500 0.027265 0.016103
13 0.137856 0.655024 0.007951 0.031037
13 0.612193 0.780426 0.007541 0.071764
13 0.436781 0.341458 0.038754 0.052203
13 0.523416 0.364339 0.095300 0.016103
13 0.688471 0.143469 0.007541 0.119670
13 0.466103 0.602537 0.007541 0.219748
13 0.879103 0.675420 0.007541 0.365513
13 0.436663 0.238317 0.039272 0.038138
13 0.523486 0.222468 0.095158 0.016103
13 0.341497 0.451887 0.007541 0.208649
13 0.500277 0.771606 0.007541 0.041095
13 0.500277 0.602537 0.007541 0.219748
13 0.662103 0.222681 0.037280 0.016103
