8 0.500000 0.272853 0.988796 0.362881
8 0.500000 0.738920 0.988796 0.505540
8 0.441176 0.031163 0.871148 0.045706
3 0.164332 0.216066 0.093371 0.110803
1 0.621849 0.216066 0.028011 0.041551
3 0.822596 0.216066 0.093371 0.110803
0 0.073763 0.216066 0.028011 0.041551
3 0.472456 0.333795 0.093371 0.110803
2 0.943044 0.216066 0.026144 0.038781
1 0.355742 0.333795 0.028011 0.041551
1 0.719888 0.333795 0.028011 0.041551
0 0.073763 0.659280 0.028011 0.041551
3 0.164332 0.659280 0.093371 0.110803
3 0.621849 0.659280 0.093371 0.110803
3 0.388422 0.832410 0.093371 0.110803
3 0.556489 0.832410 0.093371 0.110803
2 0.943044 0.659280 0.026144 0.038781
4 0.285714 0.659280 0.037348 0.055402
3 0.719888 0.832410 0.093371 0.110803
4 0.850607 0.659280 0.037348 0.055402
12 0.102708 0.216066 0.033613 0.013850
12 0.102484 0.454986 0.061178 0.372576
12 0.102708 0.659280 0.033613 0.013850
12 0.705882 0.216066 0.143791 0.013850
12 0.822596 0.107341 0.009337 0.112188
12 0.073763 0.124654 0.009337 0.146814
12 0.472456 0.832410 0.078431 0.013850
12 0.899627 0.216066 0.064426 0.013850
12 0.750233 0.659668 0.167134 0.013850
12 0.638189 0.832410 0.073763 0.013850
12 0.239029 0.659704 0.059757 0.013850
12 0.439776 0.659655 0.274510 0.013850
12 0.313959 0.759695 0.059290 0.150970
12 0.355742 0.565789 0.009337 0.427978
12 0.355963 0.278393 0.009337 0.074792
12 0.397759 0.333795 0.059757 0.013850
12 0.472456 0.166205 0.009337 0.229917
12 0.274043 0.216462 0.129785 0.013850
12 0.491130 0.216407 0.237162 0.013850
12 0.612512 0.333795 0.190476 0.013850
12 0.621849 0.420360 0.009337 0.372576
12 0.754902 0.288781 0.045752 0.095568
12 0.719888 0.565789 0.009337 0.427978
12 0.808824 0.759695 0.088235 0.150970
12 0.899627 0.659607 0.064426 0.013850
