8 0.259333 0.128167 0.438667 0.149667
8 0.259333 0.032833 0.438667 0.025667
8 0.259333 0.278833 0.438667 0.117667
0 0.060000 0.128333 0.010000 0.010000
3 0.096667 0.128333 0.033333 0.026667
1 0.341667 0.128333 0.010000 0.010000
1 0.210000 0.095000 0.010000 0.010000
3 0.246667 0.095000 0.033333 0.026667
3 0.378333 0.128333 0.033333 0.026667
2 0.414667 0.128333 0.009333 0.009333
0 0.096667 0.282000 0.010000 0.010000
3 0.133333 0.282000 0.033333 0.026667
4 0.171667 0.282000 0.013333 0.013333
3 0.341667 0.282000 0.033333 0.026667
3 0.210000 0.318333 0.033333 0.026667
3 0.258333 0.318333 0.033333 0.026667
4 0.291667 0.282000 0.013333 0.013333
2 0.378000 0.282000 0.009333 0.009333
