8 0.169000 0.127833 0.308000 0.145667
8 0.169000 0.025000 0.308000 0.020000
8 0.170500 0.261667 0.308000 0.083333
0 0.043500 0.079883 0.010000 0.010000
3 0.092977 0.079883 0.039545 0.026667
3 0.225472 0.152483 0.039545 0.026667
1 0.180450 0.152483 0.010000 0.010000
2 0.290517 0.152400 0.009333 0.009333
3 0.225376 0.116412 0.038685 0.026667
1 0.259150 0.116412 0.010000 0.010000
1 0.180508 0.116412 0.010000 0.010000
4 0.128663 0.097417 0.013333 0.013333
0 0.051585 0.251235 0.010000 0.010000
3 0.106287 0.251235 0.039545 0.026667
4 0.151867 0.251235 0.013333 0.013333
2 0.180450 0.251235 0.009333 0.009333
3 0.244979 0.279533 0.039545 0.026667
1 0.206007 0.279533 0.010000 0.010000
2 0.290517 0.279533 0.009333 0.009333
