8 0.499934 0.119923 0.991417 0.228240
11 0.011972 0.134611 0.016901 0.166465
8 0.499934 0.411509 0.991417 0.289168
11 0.011972 0.430953 0.016901 0.220368
8 0.499934 0.791586 0.991417 0.405222
11 0.011972 0.798301 0.016901 0.076098
3 0.156338 0.441973 0.070423 0.077369
11 0.156338 0.444391 0.086378 0.049323
1 0.545643 0.385880 0.021127 0.029014
1 0.395643 0.501934 0.021127 0.029014
3 0.819586 0.441973 0.070423 0.077369
11 0.819586 0.444391 0.070080 0.049323
2 0.907746 0.441973 0.019718 0.027079
11 0.907746 0.464761 0.026144 0.022606
3 0.468310 0.501934 0.070423 0.077369
11 0.468310 0.504352 0.074155 0.049323
4 0.690141 0.441973 0.028169 0.038685
1 0.623195 0.501934 0.021127 0.029014
0 0.078873 0.441973 0.021127 0.029014
11 0.078873 0.473042 0.073951 0.045213
0 0.156206 0.772727 0.021127 0.029014
3 0.233671 0.772727 0.070423 0.077369
11 0.233671 0.775145 0.070080 0.049323
4 0.314657 0.772727 0.028169 0.038685
11 0.374254 0.775145 0.123863 0.049323
3 0.545643 0.700193 0.070423 0.077369
11 0.545643 0.704787 0.065191 0.073985
3 0.395643 0.859768 0.070423 0.077369
11 0.395643 0.862186 0.058672 0.049323
3 0.622975 0.859768 0.070423 0.077369
11 0.622975 0.864362 0.065191 0.073985
4 0.732394 0.772727 0.028169 0.038685
2 0.788028 0.772727 0.019718 0.027079
11 0.838732 0.773815 0.081421 0.045213
13 0.156206 0.619439 0.007042 0.281431
13 0.182614 0.772727 0.034507 0.009671
13 0.284727 0.773031 0.034507 0.009671
13 0.246061 0.442246 0.111840 0.009671
13 0.425044 0.404255 0.222887 0.040619
13 0.412610 0.726789 0.198460 0.057060
11 0.304929 0.742919 0.016901 0.020610
13 0.105282 0.441973 0.034507 0.009671
13 0.395643 0.668762 0.007042 0.308511
13 0.337720 0.825919 0.048239 0.071567
11 0.305150 0.777571 0.016901 0.045976
13 0.819586 0.318665 0.007042 0.173114
13 0.876342 0.441973 0.045907 0.009671
13 0.509309 0.859768 0.159727 0.009671
13 0.419652 0.501934 0.029710 0.009671
13 0.545643 0.530948 0.007042 0.264990
13 0.350044 0.481625 0.072887 0.044487
13 0.468310 0.348646 0.007042 0.233075
13 0.558077 0.501934 0.111928 0.009671
13 0.662126 0.481625 0.059551 0.044487
13 0.623349 0.404255 0.137104 0.040619
13 0.744300 0.442255 0.082967 0.009671
13 0.623195 0.668762 0.007042 0.308511
13 0.656800 0.726789 0.154710 0.057060
13 0.695467 0.825919 0.077377 0.071567
13 0.762324 0.772952 0.034507 0.009671
