8 0.498113 0.052023 0.984906 0.086705
11 0.498113 0.053107 0.303841 0.061416
8 0.500000 0.384393 0.988679 0.361272
11 0.016038 0.414492 0.022642 0.341123
8 0.500000 0.810694 0.988679 0.361272
11 0.016038 0.844346 0.022642 0.381394
0 0.113208 0.319364 0.028302 0.043353
11 0.113208 0.354859 0.246166 0.033779
3 0.250943 0.319364 0.094340 0.115607
11 0.250943 0.319725 0.121173 0.036850
1 0.491509 0.319364 0.028302 0.043353
11 0.491509 0.365788 0.113076 0.067558
1 0.440566 0.463873 0.028302 0.043353
11 0.440566 0.510296 0.159107 0.067558
3 0.595283 0.319364 0.094340 0.115607
11 0.595283 0.319725 0.127722 0.036850
2 0.904717 0.319364 0.026415 0.040462
3 0.595283 0.463873 0.094340 0.115607
11 0.595283 0.464234 0.127722 0.036850
1 0.699057 0.463873 0.028302 0.043353
11 0.699057 0.510296 0.113076 0.067558
3 0.802830 0.463873 0.094340 0.115607
11 0.802830 0.464234 0.127722 0.036850
2 0.904717 0.463873 0.026415 0.040462
3 0.197052 0.812100 0.094340 0.115607
11 0.197052 0.815712 0.116806 0.073699
0 0.093278 0.810694 0.028302 0.043353
11 0.093278 0.846189 0.200135 0.033779
4 0.305542 0.812100 0.037736 0.057803
11 0.358238 0.815712 0.087332 0.073699
3 0.389623 0.910405 0.094340 0.115607
11 0.389623 0.914017 0.126631 0.073699
3 0.501887 0.910405 0.094340 0.115607
11 0.501887 0.914017 0.116806 0.073699
3 0.699057 0.910405 0.094340 0.115607
11 0.699057 0.914017 0.123356 0.073699
2 0.904717 0.731214 0.026415 0.040462
2 0.910377 0.910405 0.026415 0.040462
3 0.491509 0.731214 0.094340 0.115607
11 0.491509 0.731575 0.117898 0.036850
13 0.165566 0.319364 0.080189 0.014451
13 0.113208 0.196532 0.009434 0.208092
13 0.172111 0.583092 0.161439 0.417630
13 0.128656 0.811173 0.046226 0.014451
13 0.265448 0.812553 0.046226 0.014451
13 0.600472 0.910405 0.106604 0.014451
13 0.715094 0.731214 0.356604 0.014451
13 0.324233 0.875703 0.040212 0.075184
11 0.292807 0.790772 0.022642 0.262949
13 0.445755 0.910405 0.021698 0.014451
13 0.319340 0.319818 0.046226 0.014451
13 0.427830 0.319714 0.102830 0.014451
13 0.393160 0.406069 0.070283 0.121387
13 0.491509 0.507225 0.009434 0.338150
13 0.526887 0.319364 0.046226 0.014451
13 0.595283 0.178468 0.009434 0.171965
13 0.766981 0.319364 0.252830 0.014451
13 0.501415 0.463873 0.097170 0.014451
13 0.374941 0.757206 0.142571 0.057764
11 0.300319 0.714986 0.078598 0.036850
13 0.663679 0.463873 0.046226 0.014451
13 0.699057 0.669075 0.009434 0.372832
13 0.734434 0.463873 0.046226 0.014451
13 0.802830 0.250723 0.009434 0.316474
13 0.870755 0.463873 0.045283 0.014451
13 0.821698 0.910405 0.154717 0.014451
13 0.415094 0.669075 0.054717 0.372832
13 0.641509 0.250723 0.096226 0.316474
