8 0.500000 0.512165 0.987940 0.304136
8 0.500000 0.840633 0.987940 0.304136
8 0.315075 0.043796 0.587940 0.072993
0 0.081407 0.433090 0.030151 0.036496
3 0.145729 0.512165 0.100503 0.097324
12 0.160804 0.309002 0.128643 0.055961
3 0.191960 0.840633 0.100503 0.097324
0 0.302513 0.840633 0.030151 0.036496
3 0.418090 0.840633 0.100503 0.097324
12 0.749749 0.481752 0.100503 0.060827
12 0.342714 0.433090 0.100503 0.060827
12 0.403015 0.749392 0.100503 0.060827
13 0.090137 0.366285 0.016711 0.101981
13 0.230653 0.544698 0.127638 0.226905
13 0.168844 0.676399 0.010050 0.236010
13 0.263819 0.840633 0.047236 0.012165
13 0.332696 0.786186 0.044155 0.077263
13 0.345226 0.840011 0.049246 0.012165
13 0.491960 0.840633 0.051256 0.012165
13 0.077889 0.219586 0.041206 0.283455
13 0.088945 0.457489 0.017085 0.017167
13 0.567388 0.894161 0.057184 0.063260
13 0.639128 0.585169 0.124758 0.210708
13 0.568953 0.676399 0.010050 0.029197
13 0.581407 0.781630 0.061307 0.074209
11 0.020704 0.512165 0.014070 0.139580
11 0.147247 0.511679 0.085160 0.034550
11 0.156822 0.315328 0.108619 0.052068
11 0.020704 0.840633 0.014070 0.150928
11 0.193478 0.840146 0.079790 0.052068
11 0.419608 0.840146 0.081784 0.052068
11 0.743566 0.476886 0.074068 0.034550
11 0.340719 0.436983 0.084454 0.052068
11 0.390248 0.762044 0.062908 0.069586
11 0.315075 0.043309 0.165594 0.017032
