8 0.402448 0.048322 0.796256 0.080537
8 0.500000 0.293960 0.991361 0.335570
8 0.327574 0.770470 0.646508 0.442953
0 0.058315 0.293960 0.021598 0.040268
3 0.137509 0.293960 0.071994 0.107383
3 0.596112 0.225503 0.071994 0.107383
2 0.781138 0.225503 0.020158 0.037584
3 0.423326 0.381208 0.071994 0.107383
1 0.484521 0.381208 0.021598 0.040268
4 0.509719 0.225503 0.028798 0.053691
1 0.263499 0.225503 0.021598 0.040268
1 0.354932 0.381208 0.021598 0.040268
0 0.058315 0.837584 0.021598 0.040268
3 0.137509 0.837584 0.071994 0.107383
4 0.220302 0.837584 0.028798 0.053691
3 0.220505 0.622819 0.071994 0.107383
3 0.364291 0.837584 0.071994 0.107383
1 0.220505 0.730201 0.021598 0.040268
5 0.281497 0.837584 0.028798 0.053691
1 0.281497 0.730201 0.021598 0.040268
2 0.467963 0.837584 0.020158 0.037584
2 0.137509 0.622819 0.020158 0.037584
3 0.322534 0.622819 0.071994 0.107383
13 0.085313 0.293960 0.035277 0.013423
13 0.180706 0.294405 0.017279 0.013423
13 0.701584 0.225503 0.141829 0.013423
13 0.058315 0.181208 0.007199 0.190604
13 0.596112 0.130201 0.007199 0.088591
13 0.273398 0.351007 0.144348 0.065772
13 0.423326 0.208054 0.007199 0.244295
13 0.466523 0.381208 0.017279 0.013423
13 0.542117 0.225503 0.038877 0.013423
13 0.085313 0.837584 0.035277 0.013423
13 0.189705 0.838005 0.035277 0.013423
13 0.220578 0.780537 0.007199 0.065772
13 0.250900 0.838255 0.035277 0.013423
13 0.312095 0.838009 0.035277 0.013423
13 0.220505 0.693289 0.007199 0.038926
13 0.281665 0.780537 0.007199 0.065772
13 0.429086 0.837584 0.060475 0.013423
13 0.475162 0.610067 0.017279 0.422819
13 0.384809 0.225503 0.223902 0.013423
13 0.376530 0.381208 0.024478 0.013423
13 0.166048 0.622819 0.039799 0.013423
13 0.295604 0.693289 0.015704 0.038926
13 0.338733 0.485235 0.035277 0.173154
13 0.260000 0.434228 0.009877 0.382550
13 0.097912 0.582550 0.082073 0.475168
13 0.228222 0.246309 0.051836 0.046980
13 0.502700 0.316779 0.017639 0.134228
11 0.402448 0.047785 0.118622 0.018792
11 0.009647 0.293960 0.010079 0.144602
11 0.059533 0.333557 0.045632 0.033826
11 0.137509 0.293423 0.060991 0.057450
11 0.597310 0.224966 0.062185 0.038121
11 0.423326 0.380671 0.056918 0.038121
11 0.559496 0.402013 0.056358 0.033826
11 0.242559 0.291946 0.038753 0.033826
11 0.014831 0.770470 0.010079 0.156226
11 0.058439 0.868322 0.059283 0.016107
11 0.137509 0.837047 0.059553 0.038121
11 0.217940 0.895973 0.062950 0.033826
11 0.220302 0.622282 0.060987 0.018792
11 0.364291 0.837047 0.059786 0.038121
11 0.189959 0.731678 0.037225 0.051544
11 0.337351 0.759329 0.062751 0.069262
11 0.468885 0.875839 0.059440 0.033826
11 0.322534 0.622282 0.060987 0.018792
11 0.239583 0.794497 0.006884 0.016107
11 0.248667 0.820000 0.014973 0.016107
