8 0.500000 0.125762 0.991170 0.233232
8 0.500000 0.549543 0.991170 0.425305
8 0.500000 0.919207 0.991170 0.143293
3 0.184695 0.496951 0.073584 0.121951
0 0.081678 0.496951 0.022075 0.045732
3 0.291391 0.496951 0.073584 0.121951
1 0.401766 0.496951 0.022075 0.045732
3 0.511405 0.634146 0.073584 0.121951
1 0.445916 0.416159 0.022075 0.045732
2 0.576159 0.419207 0.020603 0.042683
3 0.718175 0.634146 0.073584 0.121951
2 0.732156 0.416159 0.020603 0.042683
2 0.875644 0.634146 0.020603 0.042683
12 0.081678 0.360518 0.007358 0.233232
12 0.120309 0.496951 0.058131 0.015244
12 0.238043 0.496951 0.036056 0.015244
12 0.359455 0.496951 0.065489 0.015244
12 0.445916 0.317835 0.007358 0.157012
12 0.576159 0.320122 0.007358 0.161585
12 0.620125 0.629573 0.070272 0.426829
12 0.562178 0.537348 0.030905 0.199695
12 0.614790 0.634146 0.136130 0.015244
12 0.732156 0.318598 0.007358 0.158537
12 0.810155 0.634146 0.113319 0.015244
12 0.439386 0.576982 0.073400 0.120427
12 0.429360 0.467988 0.036056 0.064024
12 0.732156 0.505335 0.007358 0.141768
