8 0.245333 0.101333 0.360667 0.092667
8 0.243333 0.020000 0.313333 0.020000
8 0.245333 0.209333 0.360667 0.112000
0 0.095000 0.096333 0.010000 0.010000
3 0.131667 0.096000 0.033333 0.026667
1 0.286000 0.078333 0.010000 0.010000
3 0.331667 0.078333 0.033333 0.026667
3 0.263333 0.118333 0.033333 0.026667
1 0.210833 0.118333 0.010000 0.010000
2 0.389667 0.078333 0.009333 0.009333
0 0.095000 0.195000 0.010000 0.010000
3 0.136667 0.195000 0.033333 0.026667
3 0.370000 0.195000 0.033333 0.026667
3 0.286000 0.238333 0.033333 0.026667
4 0.324333 0.195000 0.013333 0.013333
3 0.223333 0.238333 0.033333 0.026667
2 0.408667 0.195000 0.009333 0.009333
4 0.180000 0.195000 0.013333 0.013333
3 0.250333 0.195000 0.033333 0.026667
