8 0.500000 0.328855 0.984848 0.328271
8 0.500000 0.771612 0.984848 0.442757
8 0.323232 0.042056 0.631313 0.070093
0 0.102273 0.234813 0.037879 0.035047
3 0.241162 0.234813 0.126263 0.093458
1 0.405303 0.234813 0.037879 0.035047
4 0.506313 0.234813 0.050505 0.046729
3 0.733586 0.234813 0.126263 0.093458
3 0.518939 0.404206 0.126263 0.093458
2 0.871212 0.234813 0.035354 0.032710
0 0.102273 0.620327 0.037879 0.035047
3 0.405303 0.620327 0.126263 0.093458
4 0.279040 0.748832 0.050505 0.046729
3 0.146465 0.842290 0.126263 0.093458
4 0.544192 0.748832 0.050505 0.046729
3 0.689394 0.748832 0.126263 0.093458
3 0.323232 0.912383 0.126263 0.093458
2 0.827020 0.748832 0.035354 0.032710
12 0.102273 0.147196 0.012626 0.144860
12 0.149621 0.234813 0.061869 0.011682
12 0.171717 0.442173 0.143939 0.325935
12 0.231692 0.620327 0.226010 0.011682
12 0.345328 0.234813 0.087121 0.011682
12 0.331402 0.696262 0.061897 0.063084
12 0.411616 0.749416 0.219697 0.011682
12 0.597854 0.749202 0.061869 0.011682
12 0.244634 0.807243 0.075126 0.074766
12 0.275884 0.523949 0.263889 0.547897
12 0.550505 0.477220 0.295455 0.454439
12 0.203283 0.900701 0.118687 0.028037
12 0.537879 0.853972 0.308081 0.121495
12 0.452652 0.235085 0.061869 0.011682
12 0.601010 0.235155 0.143939 0.011682
12 0.503998 0.307827 0.017256 0.103972
12 0.550505 0.219042 0.012626 0.281542
12 0.430556 0.328271 0.055556 0.156542
12 0.669790 0.133178 0.129984 0.114486
12 0.825126 0.234813 0.061869 0.011682
12 0.780934 0.748832 0.061869 0.011682
