8 0.500000 0.329149 0.984772 0.348675
8 0.500000 0.778940 0.984772 0.425384
8 0.509518 0.050209 0.965736 0.083682
0 0.102792 0.224547 0.038071 0.041841
3 0.242386 0.224547 0.126904 0.111576
2 0.577411 0.224547 0.035533 0.039052
3 0.489848 0.329149 0.126904 0.111576
0 0.102792 0.642957 0.038071 0.041841
3 0.242386 0.656904 0.126904 0.111576
4 0.388325 0.656904 0.050761 0.055788
3 0.521574 0.824268 0.126904 0.111576
2 0.470812 0.656904 0.035533 0.039052
2 0.786802 0.779637 0.035533 0.039052
12 0.150381 0.224547 0.062183 0.013947
12 0.150381 0.648536 0.062183 0.022315
12 0.140863 0.440091 0.081218 0.369469
12 0.334391 0.657341 0.062183 0.013947
12 0.428617 0.726053 0.084391 0.088089
12 0.433376 0.657223 0.044416 0.013947
12 0.677030 0.801953 0.189086 0.050209
12 0.470812 0.511158 0.012690 0.258020
12 0.670051 0.572524 0.238579 0.380753
12 0.577411 0.148536 0.012690 0.118550
12 0.366117 0.276848 0.125635 0.110181
12 0.565355 0.286611 0.029188 0.090656
12 0.521574 0.635983 0.012690 0.270572
12 0.102792 0.147838 0.012690 0.117155
