8 0.499643 0.185372 0.987622 0.354108
11 0.017034 0.218357 0.024440 0.373831
8 0.311331 0.644113 0.610998 0.354108
11 0.017034 0.677712 0.024440 0.380797
8 0.326606 0.949365 0.509165 0.084986
11 0.326606 0.950427 0.078557 0.060198
0 0.138310 0.185372 0.030550 0.042493
11 0.138310 0.220163 0.273280 0.033109
4 0.450154 0.175890 0.040733 0.056657
3 0.634080 0.274824 0.101833 0.113314
11 0.634080 0.278365 0.116657 0.072238
3 0.324902 0.175890 0.101833 0.113314
11 0.324902 0.179431 0.116657 0.072238
1 0.547313 0.097189 0.030550 0.042493
1 0.214998 0.559417 0.030550 0.042493
3 0.326606 0.559272 0.101833 0.113314
11 0.326606 0.559626 0.126084 0.036119
13 0.138310 0.556745 0.010183 0.705920
13 0.213785 0.180631 0.124473 0.015147
13 0.261464 0.385359 0.097005 0.311289
11 0.305153 0.319780 0.192072 0.036119
13 0.252981 0.559368 0.049490 0.014164
13 0.354544 0.367581 0.028452 0.275733
13 0.402803 0.176329 0.058043 0.014164
13 0.594463 0.619177 0.030624 0.581057
13 0.516913 0.239521 0.136574 0.076271
11 0.436406 0.172058 0.024440 0.141638
13 0.491351 0.122375 0.085448 0.056038
