8 0.500096 0.347118 0.989252 0.310559
8 0.500096 0.788025 0.989252 0.409764
8 0.512780 0.044845 0.923464 0.074534
0 0.086691 0.319317 0.027347 0.037267
3 0.201322 0.319317 0.091158 0.099379
3 0.664950 0.319317 0.091158 0.099379
0 0.565588 0.319317 0.027347 0.037267
2 0.896490 0.319317 0.025524 0.034783
3 0.797129 0.319317 0.091158 0.099379
3 0.797129 0.442298 0.091158 0.099379
2 0.947402 0.442298 0.025524 0.034783
1 0.696855 0.442298 0.027347 0.037267
0 0.119781 0.661814 0.027347 0.037267
3 0.220055 0.738422 0.091158 0.099379
3 0.433774 0.661814 0.091158 0.099379
3 0.433774 0.817093 0.091158 0.099379
4 0.362671 0.738422 0.036463 0.049689
2 0.565588 0.661814 0.025524 0.034783
5 0.565588 0.817093 0.036463 0.049689
3 0.715861 0.920609 0.091158 0.099379
3 0.848040 0.920609 0.091158 0.099379
2 0.947402 0.920609 0.025524 0.034783
1 0.565588 0.738422 0.027347 0.037267
12 0.288318 0.626621 0.109909 0.062112
13 0.086691 0.191398 0.009116 0.223540
13 0.128054 0.319317 0.059025 0.012422
13 0.160551 0.506093 0.085187 0.279143
13 0.153965 0.700118 0.044667 0.081578
13 0.375661 0.687696 0.028715 0.056733
13 0.375661 0.790180 0.028715 0.058795
13 0.307731 0.690106 0.077063 0.069827
13 0.305036 0.738791 0.082452 0.012422
13 0.516089 0.661814 0.077119 0.012422
13 0.565588 0.491186 0.009116 0.311441
13 0.599316 0.319317 0.043756 0.012422
13 0.896490 0.192019 0.009116 0.224783
13 0.513355 0.817467 0.071650 0.012422
13 0.731039 0.319317 0.044667 0.012422
13 0.863218 0.319317 0.044667 0.012422
13 0.914129 0.920609 0.044667 0.012422
13 0.756495 0.620584 0.385460 0.570236
13 0.888674 0.442298 0.095579 0.012422
13 0.947402 0.253509 0.009116 0.347764
13 0.565796 0.774652 0.009116 0.040161
13 0.631221 0.590360 0.107566 0.301093
13 0.731039 0.442298 0.044667 0.012422
13 0.781951 0.920609 0.044667 0.012422
13 0.618163 0.881273 0.107885 0.083640
11 0.018778 0.346584 0.012762 0.140436
11 0.087860 0.355901 0.066331 0.031304
11 0.202836 0.318758 0.072371 0.035280
11 0.664540 0.318758 0.073886 0.035280
11 0.796718 0.318758 0.073275 0.035280
11 0.796718 0.441739 0.069299 0.035280
11 0.018778 0.787578 0.012762 0.154115
11 0.219690 0.737391 0.072969 0.053168
11 0.433911 0.661615 0.073886 0.035280
11 0.433911 0.816894 0.069299 0.035280
11 0.717105 0.920000 0.076003 0.035280
11 0.848070 0.920000 0.048647 0.053168
11 0.282461 0.612174 0.085432 0.017391
11 0.350786 0.698012 0.010597 0.014907
11 0.350330 0.731553 0.020624 0.014907
11 0.512762 0.044224 0.169041 0.017391
