8 0.500000 0.362717 0.988909 0.361272
8 0.500000 0.052023 0.988909 0.086705
8 0.500000 0.810694 0.988909 0.361272
0 0.088725 0.362717 0.027726 0.043353
1 0.481516 0.276012 0.027726 0.043353
3 0.208872 0.363113 0.092421 0.115607
3 0.606285 0.276012 0.092421 0.115607
3 0.669131 0.420520 0.092421 0.115607
2 0.743993 0.276012 0.025878 0.040462
1 0.516636 0.420520 0.027726 0.043353
4 0.305915 0.363293 0.036969 0.057803
3 0.731054 0.897045 0.092421 0.115607
0 0.208872 0.810694 0.027726 0.043353
4 0.449168 0.810339 0.036969 0.057803
3 0.335951 0.811048 0.092421 0.115607
3 0.846580 0.745311 0.092421 0.115607
3 0.595194 0.897045 0.092421 0.115607
2 0.947320 0.745311 0.025878 0.040462
4 0.731054 0.745311 0.036969 0.057803
12 0.088725 0.218208 0.009242 0.251445
12 0.132624 0.362862 0.063770 0.014451
12 0.435305 0.319725 0.068392 0.093208
12 0.271256 0.363690 0.036045 0.014451
12 0.208872 0.604967 0.009242 0.373881
12 0.256238 0.810826 0.070702 0.014451
12 0.406423 0.811057 0.052219 0.014451
12 0.499307 0.868143 0.103050 0.063584
12 0.527726 0.276012 0.068392 0.014451
12 0.606285 0.156792 0.009242 0.128613
12 0.691774 0.276012 0.082255 0.014451
12 0.669131 0.229046 0.009242 0.273121
12 0.443623 0.406069 0.121996 0.034682
12 0.576710 0.420520 0.096118 0.014451
12 0.663124 0.897045 0.047135 0.014451
12 0.345194 0.363731 0.045287 0.014451
12 0.487754 0.450433 0.366451 0.122256
12 0.555915 0.640719 0.082255 0.402825
12 0.913586 0.745311 0.045287 0.014451
12 0.664048 0.492597 0.368762 0.395600
12 0.581100 0.763735 0.266636 0.041185
12 0.774954 0.745760 0.054529 0.014451
12 0.731330 0.806727 0.009242 0.070809
