8 0.500000 0.338694 0.994702 0.467360
8 0.500000 0.804636 0.994702 0.379376
8 0.500000 0.034059 0.994702 0.056764
0 0.042384 0.313150 0.013245 0.028382
3 0.090949 0.313150 0.044150 0.075686
1 0.294040 0.313150 0.013245 0.028382
3 0.200221 0.180303 0.044150 0.075686
3 0.387859 0.313150 0.044150 0.075686
2 0.577347 0.313150 0.012362 0.026490
3 0.506843 0.239902 0.044150 0.075686
1 0.407984 0.275307 0.013245 0.028382
1 0.200221 0.258552 0.013245 0.028382
1 0.248896 0.180577 0.013245 0.028382
0 0.090949 0.805109 0.013245 0.028382
3 0.139514 0.805109 0.044150 0.075686
4 0.223400 0.805109 0.017660 0.037843
1 0.361148 0.876064 0.013245 0.028382
3 0.488300 0.876064 0.044150 0.075686
1 0.488300 0.838221 0.013245 0.028382
1 0.488300 0.743614 0.013245 0.028382
2 0.657837 0.876064 0.012362 0.026490
2 0.294040 0.805109 0.012362 0.026490
12 0.042384 0.180700 0.004415 0.240303
12 0.058940 0.313150 0.021634 0.009461
12 0.090949 0.570956 0.004415 0.443709
12 0.107506 0.805109 0.021634 0.009461
12 0.152208 0.313415 0.080132 0.009461
12 0.188079 0.805382 0.054746 0.009461
12 0.488300 0.790918 0.004415 0.070009
12 0.416998 0.876064 0.100221 0.009461
12 0.289073 0.850047 0.132671 0.055818
12 0.488300 0.650899 0.004415 0.160833
12 0.248234 0.313382 0.080132 0.009461
12 0.200321 0.283486 0.004415 0.025270
12 0.200221 0.102450 0.004415 0.083803
12 0.333223 0.313150 0.066887 0.009461
12 0.387859 0.168874 0.004415 0.216651
12 0.333223 0.313150 0.066887 0.009461
12 0.506843 0.132250 0.004415 0.143403
12 0.490550 0.313150 0.162998 0.009461
12 0.553132 0.269904 0.050194 0.063788
12 0.446418 0.250509 0.078466 0.024999
12 0.200221 0.231253 0.004415 0.030000
12 0.280684 0.567308 0.162693 0.592914
12 0.232285 0.180667 0.021744 0.009461
12 0.456247 0.522131 0.403223 0.685161
12 0.310651 0.239768 0.112031 0.122167
12 0.581015 0.876064 0.143046 0.009461
12 0.260044 0.805337 0.057395 0.009461
12 0.294040 0.559603 0.004415 0.468307
