8 0.154167 0.016667 0.278333 0.020000
8 0.154167 0.078333 0.278333 0.083333
8 0.154167 0.163667 0.278333 0.064000
3 0.080833 0.078333 0.038333 0.026667
0 0.042667 0.078333 0.010000 0.010000
2 0.278667 0.079667 0.009333 0.009333
3 0.146667 0.058333 0.033333 0.026667
4 0.115000 0.078333 0.013333 0.013333
3 0.245500 0.080000 0.038333 0.026667
4 0.168333 0.080000 0.013333 0.013333
0 0.041667 0.166667 0.010000 0.010000
2 0.243000 0.166667 0.009333 0.009333
4 0.115000 0.166667 0.013333 0.013333
3 0.195000 0.148333 0.033333 0.026667
4 0.218333 0.166667 0.013333 0.013333
3 0.146667 0.148333 0.033333 0.026667
3 0.081000 0.166667 0.033333 0.026667
