8 0.231140 0.094019 0.345372 0.081559
8 0.231056 0.197199 0.345372 0.088269
8 0.231051 0.023310 0.345551 0.020000
0 0.089990 0.093907 0.010000 0.010000
3 0.126657 0.093907 0.033333 0.026667
1 0.200382 0.076500 0.010000 0.010000
3 0.348882 0.076500 0.033333 0.026667
2 0.386382 0.076500 0.009333 0.009333
1 0.200382 0.112667 0.010000 0.010000
3 0.249882 0.112667 0.033333 0.026667
4 0.304882 0.076500 0.013333 0.013333
1 0.304882 0.112667 0.010000 0.010000
0 0.089990 0.197065 0.010000 0.010000
3 0.126657 0.197065 0.033333 0.026667
4 0.164990 0.197065 0.013333 0.013333
3 0.200382 0.178398 0.033333 0.026667
3 0.200382 0.216833 0.033333 0.026667
2 0.249882 0.178398 0.009333 0.009333
3 0.249882 0.216833 0.033333 0.026667
3 0.304882 0.216833 0.033333 0.026667
2 0.341215 0.216833 0.009333 0.009333
