8 0.500000 0.328990 0.988177 0.355049
11 0.016749 0.362913 0.023645 0.384458
8 0.500000 0.768730 0.988177 0.442997
11 0.016749 0.806657 0.023645 0.429845
8 0.500000 0.039088 0.988177 0.058632
11 0.500000 0.040309 0.317312 0.069218
0 0.094581 0.358306 0.029557 0.048860
11 0.094581 0.410627 0.103459 0.076140
1 0.434483 0.228013 0.029557 0.048860
11 0.434483 0.280334 0.067928 0.076140
1 0.533005 0.358306 0.029557 0.048860
11 0.533005 0.410627 0.101369 0.076140
3 0.515271 0.228013 0.098522 0.130293
11 0.515271 0.232085 0.083223 0.083062
3 0.641379 0.358306 0.098522 0.130293
11 0.641379 0.362378 0.083223 0.083062
3 0.202956 0.358306 0.098522 0.130293
11 0.202956 0.362378 0.120844 0.083062
2 0.931034 0.358306 0.027586 0.045603
11 0.931034 0.396682 0.168251 0.038070
2 0.931034 0.228013 0.027586 0.045603
11 0.931034 0.266388 0.122270 0.038070
1 0.733005 0.358306 0.029557 0.048860
11 0.733005 0.410627 0.067928 0.076140
3 0.823645 0.358306 0.098522 0.130293
11 0.823645 0.362378 0.083223 0.083062
0 0.183251 0.741042 0.029557 0.048860
11 0.183251 0.793363 0.103459 0.076140
3 0.301478 0.741042 0.098522 0.130293
11 0.301478 0.748779 0.098044 0.124593
4 0.395074 0.741042 0.039409 0.065147
11 0.391133 0.831026 0.163026 0.041531
3 0.749754 0.741042 0.098522 0.130293
11 0.749754 0.748779 0.098044 0.124593
2 0.931034 0.741042 0.027586 0.045603
11 0.931034 0.779418 0.122270 0.038070
3 0.434483 0.622150 0.098522 0.065147
11 0.434483 0.626221 0.107164 0.083062
3 0.533005 0.741042 0.098522 0.130293
11 0.533005 0.745114 0.135665 0.083062
13 0.225123 0.741042 0.058128 0.016287
13 0.363054 0.741575 0.028571 0.016287
13 0.094581 0.201140 0.009852 0.271987
13 0.378079 0.276873 0.087192 0.104235
13 0.436946 0.358704 0.166502 0.016287
13 0.858128 0.741042 0.122167 0.016287
13 0.457635 0.228013 0.020690 0.016287
13 0.569951 0.358306 0.048276 0.016287
13 0.131527 0.358306 0.048276 0.016287
13 0.284236 0.358802 0.067980 0.016287
13 0.183251 0.570033 0.009852 0.299674
13 0.515271 0.115635 0.009852 0.100977
13 0.641379 0.180782 0.009852 0.231270
13 0.415025 0.681596 0.042857 0.060261
11 0.381773 0.690336 0.023645 0.034708
13 0.434483 0.421010 0.009852 0.343648
13 0.449261 0.741042 0.072906 0.016287
11 0.433212 0.721906 0.033863 0.041531
13 0.641379 0.741042 0.122167 0.016287
13 0.533005 0.529316 0.009852 0.299674
13 0.704433 0.358306 0.031527 0.016287
13 0.740887 0.228013 0.356650 0.016287
13 0.707389 0.670195 0.451232 0.102606
13 0.761084 0.358306 0.030542 0.016287
13 0.895074 0.358306 0.048276 0.016287
