8 0.500000 0.053412 0.989371 0.089021
8 0.500000 0.350148 0.989371 0.370920
8 0.500000 0.796736 0.989371 0.388724
1 0.346324 0.275964 0.026572 0.044510
3 0.178034 0.350148 0.088574 0.118694
3 0.647476 0.275964 0.088574 0.118694
1 0.310895 0.461424 0.026572 0.044510
1 0.552259 0.461424 0.026572 0.044510
3 0.408326 0.461424 0.088574 0.118694
4 0.552259 0.275964 0.035430 0.059347
2 0.744021 0.275964 0.024801 0.041543
0 0.089460 0.350148 0.026572 0.044510
0 0.089460 0.787834 0.026572 0.044510
3 0.186891 0.787834 0.088574 0.118694
3 0.457042 0.728487 0.088574 0.118694
3 0.457042 0.899110 0.088574 0.118694
3 0.585474 0.899110 0.088574 0.118694
3 0.713906 0.899110 0.088574 0.118694
2 0.890168 0.728487 0.024801 0.041543
4 0.820195 0.728487 0.035430 0.059347
4 0.288751 0.787834 0.035430 0.059347
11 0.649690 0.787834 0.088574 0.074184
12 0.122675 0.787834 0.043401 0.014837
12 0.133747 0.587537 0.092117 0.362018
12 0.233392 0.350634 0.025686 0.014837
12 0.647476 0.157270 0.008857 0.124629
12 0.297830 0.298220 0.073959 0.050445
12 0.401683 0.483680 0.114260 0.376855
12 0.280115 0.420623 0.038530 0.087537
12 0.521258 0.899110 0.043401 0.014837
12 0.649690 0.899110 0.043401 0.014837
12 0.600916 0.815456 0.012517 0.054549
12 0.344110 0.461424 0.043401 0.014837
12 0.408326 0.250000 0.008857 0.310089
12 0.495793 0.461424 0.089903 0.014837
12 0.447077 0.276327 0.178477 0.014837
12 0.552472 0.372404 0.008857 0.139466
12 0.586581 0.276441 0.036758 0.014837
12 0.711692 0.275964 0.043401 0.014837
12 0.651904 0.728884 0.304694 0.014837
12 0.789415 0.828635 0.065988 0.146884
12 0.857839 0.728832 0.043401 0.014837
12 0.383968 0.732938 0.149690 0.504451
12 0.633304 0.661721 0.164748 0.362018
12 0.251107 0.788299 0.043401 0.014837
12 0.350974 0.858309 0.127104 0.087537
12 0.350974 0.743323 0.127104 0.035608
12 0.089460 0.212908 0.008857 0.235905
12 0.118246 0.350148 0.034544 0.014837
