8 0.500000 0.288862 0.987654 0.305998
8 0.500000 0.747858 0.987654 0.489596
8 0.500000 0.036108 0.987654 0.057528
0 0.083333 0.246022 0.030864 0.036720
3 0.196502 0.246022 0.102881 0.097919
3 0.813786 0.258262 0.102881 0.097919
3 0.674897 0.331701 0.102881 0.097919
2 0.977366 0.258262 0.028807 0.034272
1 0.469136 0.246022 0.030864 0.036720
4 0.582305 0.246022 0.041152 0.048960
1 0.813786 0.356181 0.030864 0.036720
3 0.196502 0.656059 0.102881 0.097919
4 0.314815 0.656059 0.041152 0.048960
3 0.536008 0.656059 0.102881 0.097919
5 0.412551 0.656059 0.041152 0.048960
3 0.536008 0.772338 0.102881 0.097919
1 0.699588 0.772338 0.030864 0.036720
3 0.813786 0.772338 0.102881 0.097919
2 0.977366 0.772338 0.028807 0.034272
2 0.767490 0.656059 0.028807 0.034272
0 0.160494 0.539780 0.030864 0.036720
12 0.083333 0.146267 0.010288 0.167687
12 0.121914 0.246022 0.050412 0.012240
12 0.160494 0.408201 0.010288 0.231334
12 0.271091 0.655787 0.050412 0.012240
12 0.674897 0.173807 0.010288 0.222766
12 0.738683 0.772338 0.051440 0.012240
12 0.813786 0.137087 0.010288 0.149327
12 0.633435 0.493880 0.323666 0.463892
12 0.914095 0.772338 0.101852 0.012240
12 0.448817 0.729498 0.075617 0.102815
12 0.914095 0.257968 0.101852 0.012240
12 0.670267 0.655760 0.169753 0.012240
12 0.458848 0.657283 0.055556 0.012240
12 0.350823 0.246022 0.209877 0.012240
12 0.523148 0.246313 0.081276 0.012240
12 0.635802 0.772338 0.100823 0.012240
12 0.564815 0.786414 0.502058 0.216646
12 0.160494 0.582619 0.010288 0.053856
12 0.363683 0.656059 0.060700 0.012240
12 0.494081 0.435741 0.049245 0.347613
12 0.682613 0.245410 0.163580 0.012240
12 0.762346 0.356181 0.076132 0.012240
12 0.813786 0.322521 0.010288 0.035496
12 0.602366 0.302326 0.046296 0.068543
