8 0.231990 0.162242 0.403979 0.174970
8 0.231980 0.315124 0.403960 0.109018
8 0.231824 0.037640 0.396981 0.043071
0 0.061368 0.166724 0.010000 0.010000
3 0.113297 0.166724 0.033333 0.026667
3 0.198786 0.166724 0.033333 0.026667
1 0.274569 0.200246 0.010000 0.010000
3 0.328146 0.200246 0.033333 0.026667
1 0.375924 0.200246 0.010000 0.010000
2 0.328146 0.232123 0.009333 0.009333
1 0.239031 0.143878 0.010000 0.010000
3 0.239031 0.100675 0.033333 0.026667
2 0.283399 0.100675 0.009333 0.009333
0 0.061368 0.302282 0.010000 0.010000
3 0.104359 0.302282 0.033333 0.026667
3 0.156000 0.302282 0.033333 0.026667
4 0.201538 0.302282 0.013333 0.013333
3 0.239031 0.342282 0.033333 0.026667
3 0.328146 0.342282 0.033333 0.026667
3 0.375924 0.342282 0.033333 0.026667
2 0.274569 0.302282 0.009333 0.009333
2 0.375924 0.302282 0.009333 0.009333
1 0.283399 0.342282 0.010000 0.010000
