8 0.273684 0.052941 0.478469 0.088235
8 0.388517 0.325000 0.765550 0.367647
8 0.500000 0.775735 0.988517 0.430882
0 0.077512 0.325000 0.028708 0.044118
3 0.182775 0.325000 0.095694 0.117647
1 0.383732 0.207353 0.028708 0.044118
3 0.551196 0.207353 0.095694 0.117647
1 0.335885 0.383824 0.028708 0.044118
1 0.551196 0.383824 0.028708 0.044118
2 0.722488 0.207353 0.026794 0.041176
4 0.661244 0.207353 0.038278 0.058824
3 0.455502 0.383824 0.095694 0.117647
3 0.661244 0.383824 0.095694 0.117647
0 0.077512 0.744118 0.028708 0.044118
3 0.182775 0.744118 0.095694 0.117647
3 0.484211 0.744118 0.095694 0.117647
4 0.273684 0.744118 0.038278 0.058824
3 0.383732 0.883824 0.095694 0.117647
3 0.522488 0.883824 0.095694 0.117647
3 0.661244 0.883824 0.095694 0.117647
2 0.866029 0.883824 0.026794 0.041176
4 0.785646 0.883824 0.038278 0.058824
13 0.077512 0.200000 0.009569 0.211765
13 0.113397 0.325000 0.046890 0.014706
13 0.242584 0.325481 0.027751 0.014706
13 0.130144 0.552941 0.109091 0.344118
13 0.113397 0.744118 0.046890 0.014706
13 0.242584 0.744599 0.027751 0.014706
13 0.433971 0.457353 0.104306 0.461765
13 0.450718 0.207353 0.109091 0.014706
13 0.532057 0.100735 0.042105 0.101471
13 0.305024 0.828676 0.065550 0.116176
13 0.364593 0.744536 0.147368 0.014706
13 0.297847 0.369118 0.051196 0.035294
13 0.453110 0.883824 0.046890 0.014706
13 0.591866 0.883824 0.046890 0.014706
13 0.378947 0.383824 0.061244 0.014706
13 0.606220 0.615441 0.113876 0.425000
13 0.737799 0.884274 0.061244 0.014706
13 0.828708 0.884167 0.051675 0.014706
13 0.657977 0.799265 0.255667 0.116176
13 0.620574 0.207353 0.046890 0.014706
13 0.589474 0.383824 0.051675 0.014706
13 0.694737 0.207353 0.032536 0.014706
13 0.321770 0.251471 0.099043 0.094118
13 0.343062 0.615441 0.009569 0.425000
13 0.520096 0.383824 0.037321 0.014706
13 0.455502 0.211029 0.009569 0.233824
13 0.661524 0.280882 0.009569 0.094118
11 0.273684 0.052353 0.046273 0.020588
11 0.019713 0.325000 0.013397 0.162319
11 0.182775 0.324412 0.076927 0.041765
11 0.384958 0.250735 0.079007 0.037059
11 0.551196 0.206765 0.059353 0.041765
11 0.337051 0.427206 0.063577 0.037059
11 0.551017 0.427206 0.060885 0.037059
11 0.724245 0.249265 0.074327 0.037059
11 0.456944 0.383235 0.068316 0.041765
11 0.662682 0.383235 0.082984 0.041765
11 0.019713 0.775735 0.013397 0.055420
11 0.183895 0.743529 0.077238 0.041765
11 0.484221 0.743529 0.067359 0.041765
11 0.276824 0.650735 0.079007 0.037059
11 0.385174 0.883235 0.068316 0.041765
11 0.523608 0.883235 0.077238 0.041765
11 0.661244 0.883235 0.067339 0.041765
11 0.866367 0.925735 0.060006 0.037059
11 0.260448 0.732206 0.025203 0.017647
11 0.305981 0.723382 0.012919 0.017647
