8 0.502220 0.035821 0.984902 0.059701
8 0.502220 0.329172 0.984902 0.449389
8 0.500000 0.810945 0.989343 0.366169
0 0.071936 0.403980 0.026643 0.029851
3 0.169627 0.403980 0.088810 0.079602
4 0.169627 0.294527 0.035524 0.039801
3 0.169627 0.195025 0.088810 0.079602
5 0.515986 0.294777 0.035524 0.039801
3 0.616175 0.195025 0.088810 0.079602
1 0.616341 0.294777 0.026643 0.029851
5 0.696270 0.294527 0.035524 0.039801
3 0.351687 0.295145 0.088810 0.079602
3 0.822380 0.294527 0.088810 0.079602
2 0.822380 0.422886 0.024867 0.027861
2 0.266430 0.195025 0.024867 0.027861
0 0.138544 0.687562 0.026643 0.029851
3 0.138544 0.801990 0.088810 0.079602
4 0.276199 0.801990 0.035524 0.039801
3 0.351687 0.687562 0.088810 0.079602
3 0.354713 0.911443 0.088810 0.079602
2 0.737123 0.687562 0.024867 0.027861
3 0.489343 0.911443 0.088810 0.079602
3 0.616175 0.911443 0.088810 0.079602
13 0.071936 0.227363 0.008881 0.327363
13 0.138544 0.558209 0.008881 0.232836
13 0.138544 0.732338 0.008881 0.063682
13 0.220693 0.802286 0.079041 0.009950
13 0.293475 0.866667 0.037217 0.093532
13 0.291963 0.734826 0.034192 0.098507
13 0.560391 0.687562 0.332149 0.009950
13 0.422028 0.911443 0.049373 0.009950
13 0.316163 0.640133 0.207815 0.502819
13 0.552759 0.911443 0.041574 0.009950
13 0.105240 0.403980 0.043517 0.009950
13 0.169891 0.339303 0.008881 0.053731
13 0.169892 0.254726 0.008881 0.043781
13 0.247336 0.295076 0.123446 0.009950
13 0.169627 0.110448 0.008881 0.093532
13 0.568384 0.295016 0.072824 0.009950
13 0.678647 0.234826 0.039687 0.083582
13 0.654085 0.294893 0.052398 0.009950
13 0.447158 0.295220 0.105684 0.009950
13 0.351687 0.160508 0.008881 0.193652
13 0.616341 0.590672 0.008881 0.565920
13 0.746004 0.294830 0.067496 0.009950
13 0.822380 0.160199 0.008881 0.193035
13 0.822380 0.371642 0.008881 0.078607
13 0.698851 0.806468 0.080095 0.213930
13 0.544100 0.234951 0.058892 0.083832
13 0.234014 0.195025 0.043517 0.009950
13 0.284456 0.532504 0.144400 0.234494
11 0.502220 0.035423 0.112258 0.013930
11 0.022735 0.329353 0.012433 0.114164
11 0.071950 0.433333 0.042657 0.025075
11 0.169627 0.403582 0.071393 0.028259
11 0.125167 0.293035 0.040742 0.025075
11 0.169627 0.194627 0.056280 0.028259
11 0.619309 0.194627 0.050969 0.042587
11 0.618332 0.262189 0.041283 0.025075
11 0.351687 0.295124 0.059241 0.028259
11 0.822380 0.294129 0.059241 0.028259
11 0.822110 0.451244 0.065178 0.025075
11 0.266159 0.223383 0.065178 0.025075
11 0.193411 0.262587 0.008492 0.011940
11 0.204617 0.281493 0.018470 0.011940
11 0.018295 0.810945 0.012433 0.123445
11 0.188022 0.688060 0.042118 0.025075
11 0.139883 0.801592 0.039104 0.028259
11 0.321707 0.800498 0.041283 0.025075
11 0.351687 0.687164 0.067520 0.028259
11 0.355690 0.911045 0.063402 0.028259
11 0.739414 0.656219 0.057869 0.025075
11 0.489343 0.911045 0.036424 0.028259
11 0.616341 0.911045 0.067520 0.028259
11 0.264119 0.797910 0.018470 0.011940
11 0.264459 0.770050 0.008492 0.011940
11 0.156907 0.574925 0.038504 0.013930
11 0.452953 0.560329 0.069317 0.028259
11 0.637378 0.607388 0.042074 0.013930
