8 0.501102 0.340361 0.987815 0.476900
8 0.499303 0.798715 0.987815 0.390106
8 0.500202 0.038217 0.986016 0.063694
0 0.128597 0.340764 0.026978 0.031847
3 0.241007 0.340764 0.089928 0.084926
1 0.479317 0.430998 0.026978 0.031847
3 0.618705 0.430998 0.089928 0.084926
3 0.860612 0.287686 0.089928 0.084926
1 0.721223 0.287686 0.026978 0.031847
1 0.641187 0.468153 0.026978 0.031847
2 0.950540 0.287686 0.025180 0.029724
1 0.746538 0.419713 0.026978 0.031847
1 0.663669 0.419713 0.026978 0.031847
0 0.180755 0.911518 0.026978 0.031847
4 0.374101 0.911518 0.035971 0.042463
3 0.275179 0.911694 0.089928 0.084926
2 0.719424 0.911518 0.025180 0.029724
5 0.374101 0.768206 0.035971 0.042463
3 0.477518 0.768206 0.089928 0.084926
4 0.616906 0.911518 0.035971 0.042463
2 0.374101 0.682219 0.025180 0.029724
12 0.128597 0.197452 0.008993 0.259023
12 0.169065 0.340764 0.057554 0.010616
12 0.212230 0.911577 0.039568 0.010616
12 0.860612 0.157643 0.008993 0.179406
12 0.338129 0.911919 0.039569 0.010616
12 0.412320 0.768542 0.044065 0.010616
12 0.670863 0.911771 0.075540 0.010616
12 0.569919 0.829246 0.098471 0.126327
12 0.374308 0.722028 0.008993 0.054140
12 0.374550 0.839862 0.008993 0.105096
12 0.495504 0.911518 0.210432 0.010616
12 0.321942 0.341082 0.075540 0.010616
12 0.542041 0.303609 0.334982 0.036093
12 0.775180 0.287686 0.084532 0.010616
12 0.421088 0.396497 0.093076 0.073248
12 0.533273 0.430998 0.084532 0.010616
12 0.719424 0.737734 0.008993 0.322091
12 0.751033 0.424628 0.222755 0.193206
12 0.921763 0.287686 0.035971 0.010616
12 0.241007 0.492770 0.008993 0.223332
12 0.479317 0.242569 0.008993 0.349257
12 0.705103 0.419713 0.059487 0.010616
12 0.343397 0.368710 0.061573 0.601539
