8 0.500000 0.356495 0.990769 0.377644
8 0.500000 0.802115 0.990769 0.377644
8 0.500000 0.054381 0.990769 0.090634
0 0.073846 0.356495 0.023077 0.045317
3 0.158462 0.356495 0.076923 0.120846
1 0.430769 0.356495 0.023077 0.045317
4 0.570000 0.356495 0.030769 0.060423
1 0.833846 0.430514 0.023077 0.045317
4 0.893846 0.430514 0.030769 0.060423
2 0.954615 0.430514 0.021538 0.042296
3 0.701538 0.430514 0.076923 0.120846
0 0.158462 0.802115 0.023077 0.045317
3 0.243077 0.802115 0.076923 0.120846
4 0.339231 0.802115 0.030769 0.060423
2 0.430769 0.682779 0.021538 0.042296
1 0.570000 0.886707 0.023077 0.045317
3 0.701538 0.886707 0.076923 0.120846
2 0.832308 0.886707 0.021538 0.042296
13 0.073846 0.216767 0.007692 0.240181
13 0.102692 0.356495 0.037692 0.015106
13 0.158462 0.598187 0.007692 0.368580
13 0.187308 0.802115 0.037692 0.015106
13 0.302692 0.802115 0.045385 0.015106
13 0.379808 0.727341 0.083462 0.095166
13 0.449038 0.859517 0.221923 0.060423
13 0.622308 0.886707 0.084615 0.015106
13 0.780769 0.886707 0.084615 0.015106
13 0.308077 0.356495 0.225385 0.015106
13 0.430769 0.520393 0.007692 0.288520
13 0.498462 0.356862 0.115385 0.015106
13 0.832692 0.659366 0.007692 0.418429
13 0.861923 0.430865 0.036154 0.015106
13 0.926538 0.430865 0.037692 0.015106
13 0.954615 0.254532 0.007692 0.315710
13 0.616731 0.410121 0.095769 0.052870
13 0.781154 0.430514 0.085385 0.015106
13 0.701538 0.234894 0.007692 0.276435
13 0.731923 0.338369 0.326923 0.129909
13 0.505000 0.621601 0.134615 0.490937
11 0.015846 0.356495 0.010769 0.166733
11 0.073474 0.401057 0.042332 0.038066
11 0.158462 0.355891 0.062856 0.042900
11 0.431112 0.401057 0.069916 0.038066
11 0.658780 0.361178 0.049868 0.058006
11 0.824958 0.485650 0.069916 0.038066
11 0.954830 0.463595 0.066584 0.018127
11 0.702698 0.429909 0.054916 0.042900
11 0.559537 0.350302 0.015998 0.018127
11 0.559063 0.308006 0.007356 0.018127
11 0.015846 0.802115 0.010769 0.114343
11 0.138678 0.860272 0.063510 0.038066
11 0.243077 0.801511 0.063879 0.042900
11 0.402837 0.808912 0.056442 0.038066
11 0.431595 0.725831 0.066267 0.038066
11 0.571112 0.931269 0.060685 0.038066
11 0.701538 0.886103 0.063879 0.042900
11 0.833134 0.929758 0.066267 0.038066
11 0.329062 0.753625 0.007356 0.018127
11 0.328768 0.795921 0.015998 0.018127
11 0.500000 0.053776 0.097233 0.021148
