8 0.500000 0.165195 0.992011 0.315259
8 0.500000 0.529634 0.992011 0.300126
8 0.500000 0.872005 0.992011 0.240858
3 0.135819 0.165195 0.066578 0.100883
3 0.233688 0.165195 0.066578 0.100883
3 0.330226 0.165195 0.066578 0.100883
3 0.426764 0.165195 0.066578 0.100883
3 0.835885 0.165195 0.066578 0.100883
2 0.932756 0.165195 0.018642 0.035309
0 0.062583 0.165195 0.019973 0.037831
3 0.715712 0.165195 0.066578 0.100883
0 0.062583 0.537201 0.019973 0.037831
3 0.135486 0.537201 0.075233 0.100883
3 0.329561 0.537201 0.066578 0.100883
3 0.426099 0.537201 0.066578 0.100883
3 0.522636 0.537201 0.066578 0.100883
3 0.619174 0.537201 0.066578 0.100883
3 0.715712 0.537201 0.066578 0.100883
1 0.932756 0.537201 0.019973 0.037831
2 0.932756 0.437579 0.018642 0.035309
1 0.835885 0.437579 0.019973 0.037831
0 0.062583 0.909206 0.019973 0.037831
3 0.522636 0.909206 0.066578 0.100883
3 0.618842 0.909206 0.075233 0.100883
2 0.932756 0.909206 0.018642 0.035309
13 0.087550 0.165195 0.032623 0.012610
13 0.184754 0.165195 0.033955 0.012610
13 0.281957 0.165195 0.032623 0.012610
13 0.378495 0.165195 0.032623 0.012610
13 0.571238 0.165195 0.225033 0.012610
13 0.896305 0.165195 0.056924 0.012610
13 0.148136 0.366961 0.173768 0.307692
13 0.085220 0.537201 0.027963 0.012610
13 0.234687 0.537201 0.125832 0.012610
13 0.318908 0.351198 0.006658 0.276166
13 0.340879 0.351198 0.006658 0.276166
13 0.377830 0.537201 0.032623 0.012610
13 0.426431 0.351198 0.006658 0.276166
13 0.775799 0.165195 0.056258 0.012610
13 0.474368 0.537201 0.032623 0.012610
13 0.292610 0.738966 0.462716 0.307692
13 0.280959 0.909206 0.419441 0.012610
13 0.570905 0.537201 0.032623 0.012610
13 0.568575 0.909206 0.027963 0.012610
13 0.619174 0.723203 0.006658 0.276166
13 0.667443 0.537201 0.032623 0.012610
13 0.715712 0.351198 0.006658 0.276166
13 0.768603 0.537588 0.041866 0.012610
13 0.824234 0.600883 0.219707 0.094578
13 0.789947 0.909206 0.269640 0.012610
13 0.868802 0.537509 0.110598 0.012610
13 0.813876 0.474779 0.026709 0.079445
13 0.884654 0.437579 0.080226 0.012610
13 0.835885 0.317150 0.006658 0.208071
11 0.013715 0.165195 0.009321 0.169919
11 0.136712 0.164691 0.041310 0.035813
11 0.234691 0.164691 0.033091 0.035813
11 0.330226 0.164691 0.045298 0.017654
11 0.426764 0.164691 0.053314 0.053972
11 0.836218 0.164691 0.053314 0.072131
11 0.933076 0.192812 0.029933 0.015132
11 0.062728 0.194073 0.054884 0.015132
11 0.715712 0.164691 0.033083 0.035813
11 0.013715 0.529634 0.009321 0.250273
11 0.062640 0.566078 0.048051 0.015132
11 0.136491 0.536696 0.061741 0.035813
11 0.329561 0.536696 0.053505 0.017654
11 0.426099 0.536696 0.058188 0.017654
11 0.522636 0.536696 0.040180 0.035813
11 0.620176 0.536696 0.039302 0.035813
11 0.715712 0.536696 0.032198 0.035813
11 0.932730 0.566078 0.039895 0.015132
11 0.932833 0.465195 0.040100 0.015132
11 0.013715 0.872005 0.009321 0.174537
11 0.062640 0.938083 0.048051 0.015132
11 0.523642 0.908701 0.045533 0.035813
11 0.619845 0.908701 0.058630 0.035813
11 0.932528 0.945145 0.042152 0.031778
11 0.826308 0.282346 0.040100 0.015132
