8 0.207037 0.099393 0.405954 0.189681
8 0.374831 0.470789 0.741543 0.340668
8 0.500000 0.871396 0.991881 0.248103
0 0.064953 0.380121 0.020298 0.022762
3 0.139378 0.380121 0.067659 0.060698
1 0.311908 0.414264 0.020298 0.022762
1 0.391069 0.493930 0.020298 0.022762
3 0.311908 0.338392 0.067659 0.060698
3 0.616373 0.418058 0.067659 0.060698
3 0.391069 0.418058 0.067659 0.060698
1 0.508119 0.418058 0.020298 0.022762
2 0.690122 0.418058 0.018945 0.021244
0 0.139378 0.900607 0.020298 0.022762
3 0.217185 0.900607 0.067659 0.060698
4 0.311908 0.900607 0.027064 0.030349
3 0.311908 0.789074 0.067659 0.060698
3 0.474290 0.900607 0.067659 0.060698
3 0.596076 0.900607 0.067659 0.060698
2 0.713802 0.900607 0.018945 0.021244
12 0.064953 0.281487 0.006766 0.177542
12 0.090325 0.380121 0.033153 0.007587
12 0.139378 0.649848 0.006766 0.481791
12 0.188430 0.379552 0.033153 0.007587
12 0.166441 0.900607 0.036536 0.007587
12 0.274696 0.900836 0.050068 0.007587
12 0.259641 0.404021 0.086942 0.023520
12 0.311908 0.592185 0.006766 0.336115
12 0.312099 0.852428 0.006766 0.069044
12 0.382950 0.900821 0.117727 0.007587
12 0.299222 0.443854 0.166103 0.103187
12 0.437754 0.682094 0.075778 0.379363
12 0.311908 0.385812 0.006766 0.037178
12 0.311908 0.251138 0.006766 0.116844
12 0.535183 0.900607 0.056834 0.007587
12 0.513194 0.243171 0.209066 0.292109
12 0.391069 0.465478 0.006766 0.037178
12 0.383627 0.290971 0.006766 0.196510
12 0.667118 0.900607 0.077131 0.007587
12 0.461434 0.418058 0.075778 0.007587
12 0.550406 0.418058 0.066982 0.007587
12 0.552097 0.649848 0.090663 0.443854
12 0.665426 0.418058 0.033153 0.007587
12 0.517930 0.372914 0.347091 0.072079
