8 0.183333 0.120000 0.326667 0.083333
8 0.183333 0.222000 0.326667 0.087333
8 0.183333 0.043333 0.326667 0.020000
0 0.050000 0.108333 0.010000 0.010000
3 0.085333 0.108333 0.033333 0.026667
1 0.239333 0.090000 0.010000 0.010000
3 0.292000 0.108333 0.033333 0.026667
2 0.330000 0.108333 0.009333 0.009333
1 0.117667 0.108333 0.010000 0.010000
1 0.139333 0.126667 0.010000 0.010000
3 0.171667 0.126667 0.033333 0.026667
4 0.206667 0.090000 0.013333 0.013333
0 0.050000 0.198333 0.010000 0.010000
3 0.085333 0.198333 0.033333 0.026667
3 0.168333 0.198333 0.033333 0.026667
2 0.278000 0.198333 0.009333 0.009333
3 0.238333 0.198333 0.033333 0.026667
1 0.096912 0.211667 0.010000 0.010000
3 0.096912 0.243333 0.033333 0.026667
4 0.126667 0.198333 0.013333 0.013333
4 0.201667 0.198333 0.013333 0.013333
