8 0.194977 0.012333 0.389954 0.024667
8 0.194977 0.098417 0.389954 0.116833
8 0.194977 0.222167 0.389954 0.107667
0 0.025000 0.081667 0.010000 0.010000
3 0.061667 0.081667 0.033333 0.026667
1 0.118333 0.081667 0.010000 0.010000
3 0.333937 0.110133 0.033333 0.026667
3 0.160000 0.081667 0.033333 0.026667
4 0.198333 0.081667 0.013333 0.013333
3 0.258050 0.081667 0.033333 0.026667
2 0.370271 0.110133 0.009333 0.009333
0 0.025000 0.210000 0.010000 0.010000
3 0.061667 0.210000 0.033333 0.026667
3 0.118333 0.210000 0.033333 0.026667
3 0.210267 0.210000 0.033333 0.026667
4 0.156667 0.210000 0.013333 0.013333
2 0.210267 0.237592 0.009333 0.009333
3 0.258600 0.210000 0.033333 0.026667
