8 0.206667 0.105000 0.166667 0.020000
8 0.206500 0.184167 0.265000 0.118333
8 0.206500 0.305167 0.265000 0.086333
3 0.138667 0.145000 0.033333 0.026667
0 0.097000 0.145000 0.010000 0.010000
1 0.190000 0.150000 0.010000 0.010000
3 0.226667 0.145000 0.033333 0.026667
3 0.146667 0.313333 0.033333 0.026667
0 0.106000 0.313333 0.010000 0.010000
1 0.305000 0.305333 0.010000 0.010000
4 0.196667 0.313333 0.013333 0.013333
3 0.271667 0.305333 0.033333 0.026667
1 0.220000 0.280000 0.010000 0.010000
10 0.154667 0.274500 0.029333 0.032333
