8 0.500000 0.101522 0.990588 0.163194
11 0.013333 0.131604 0.028235 0.340922
8 0.500000 0.493151 0.990588 0.311333
11 0.013333 0.520350 0.018824 0.308259
8 0.500000 0.823786 0.990588 0.337484
11 0.013333 0.852786 0.018824 0.328674
0 0.063529 0.057285 0.023529 0.037360
11 0.063529 0.087874 0.081529 0.029110
3 0.149804 0.057285 0.078431 0.099626
11 0.149804 0.060399 0.088941 0.063512
0 0.063529 0.393524 0.023529 0.037360
11 0.063529 0.424113 0.245420 0.029110
1 0.345882 0.466999 0.023529 0.037360
3 0.149804 0.393524 0.078431 0.099626
11 0.149804 0.396638 0.089849 0.063512
4 0.275294 0.393524 0.031373 0.049813
11 0.286275 0.353985 0.089849 0.031756
3 0.714510 0.393524 0.078431 0.099626
11 0.714510 0.396638 0.071697 0.063512
2 0.800000 0.393524 0.021961 0.034869
2 0.427451 0.466999 0.021961 0.034869
3 0.510588 0.393524 0.078431 0.099626
11 0.510588 0.396638 0.082588 0.063512
3 0.185098 0.723537 0.078431 0.099626
11 0.185098 0.726650 0.097109 0.063512
0 0.063529 0.723537 0.023529 0.037360
11 0.063529 0.754125 0.193008 0.029110
4 0.275294 0.723537 0.031373 0.049813
11 0.276078 0.683998 0.062622 0.031756
3 0.420392 0.723537 0.078431 0.099626
11 0.420392 0.726650 0.078958 0.063512
3 0.420392 0.854296 0.078431 0.099626
11 0.420392 0.857410 0.088034 0.063512
4 0.510588 0.723537 0.031373 0.049813
1 0.581176 0.723537 0.023529 0.037360
4 0.643922 0.723537 0.031373 0.049813
11 0.644706 0.683998 0.089849 0.031756
3 0.749804 0.723537 0.078431 0.099626
11 0.749804 0.726650 0.097109 0.063512
2 0.945098 0.854296 0.021961 0.034869
2 0.874510 0.723537 0.021961 0.034869
11 0.874510 0.752880 0.134773 0.029110
13 0.092941 0.057285 0.038431 0.012453
13 0.095240 0.240971 0.066558 0.272727
13 0.092941 0.386052 0.038431 0.012453
13 0.106667 0.574097 0.089412 0.266501
11 0.149013 0.548707 0.096202 0.031756
13 0.110588 0.723537 0.073725 0.012453
13 0.241961 0.723928 0.038431 0.012453
13 0.336078 0.723537 0.093333 0.012453
11 0.320781 0.708904 0.071697 0.031756
13 0.328431 0.801370 0.108627 0.110834
11 0.264706 0.696751 0.018824 0.283762
13 0.477255 0.723928 0.038431 0.012453
13 0.485294 0.801370 0.054510 0.110834
13 0.547843 0.723832 0.046275 0.012453
13 0.374037 0.574097 0.417416 0.266501
11 0.485945 0.573163 0.104370 0.031756
13 0.265490 0.252802 0.156078 0.396015
13 0.610588 0.723827 0.038431 0.012453
13 0.685098 0.723919 0.054118 0.012453
11 0.669720 0.709386 0.017312 0.031854
13 0.789216 0.801370 0.292941 0.110834
11 0.633333 0.729774 0.018824 0.059202
13 0.826275 0.723537 0.077647 0.012453
13 0.794510 0.574720 0.163137 0.267746
13 0.771373 0.393524 0.038431 0.012453
13 0.800000 0.279604 0.007843 0.197952
11 0.789019 0.307851 0.018824 0.330715
13 0.510588 0.263415 0.007843 0.165573
11 0.499608 0.272470 0.018824 0.106155
13 0.612549 0.393524 0.128627 0.012453
13 0.224314 0.393893 0.073725 0.012453
13 0.387059 0.466999 0.061961 0.012453
13 0.381176 0.393867 0.183529 0.012453
11 0.393710 0.378892 0.017277 0.031756
13 0.304902 0.442715 0.061569 0.053549
11 0.264706 0.399762 0.018824 0.059202
