8 0.192667 0.146667 0.385333 0.083333
8 0.192667 0.246833 0.385333 0.103667
8 0.192667 0.078833 0.385333 0.027667
3 0.079687 0.146667 0.039333 0.026667
0 0.035000 0.146667 0.010000 0.010000
2 0.341667 0.146667 0.009333 0.009333
1 0.215073 0.146667 0.010000 0.010000
1 0.245083 0.173606 0.010000 0.010000
4 0.141333 0.146667 0.013333 0.013333
4 0.301667 0.146667 0.013333 0.013333
1 0.275093 0.173606 0.010000 0.010000
3 0.112700 0.236667 0.033333 0.026667
1 0.155052 0.236667 0.010000 0.010000
1 0.185062 0.259917 0.010000 0.010000
0 0.079687 0.236667 0.010000 0.010000
3 0.301667 0.259917 0.033333 0.026667
1 0.245083 0.260000 0.010000 0.010000
2 0.341604 0.236667 0.009333 0.009333
1 0.215073 0.236667 0.010000 0.010000
1 0.185062 0.236667 0.010000 0.010000
11 0.124704 0.272425 0.033333 0.016667
11 0.341667 0.288333 0.033333 0.016667
