8 0.500000 0.081152 0.991105 0.146597
8 0.500000 0.796466 0.991105 0.391361
8 0.500000 0.368455 0.991105 0.299738
0 0.141586 0.908377 0.022239 0.039267
3 0.223128 0.908377 0.074129 0.104712
4 0.308377 0.908377 0.029652 0.052356
1 0.498147 0.908377 0.022239 0.039267
3 0.601186 0.908377 0.074129 0.104712
2 0.856190 0.908377 0.020756 0.036649
2 0.335063 0.647906 0.020756 0.036649
3 0.719792 0.908377 0.074129 0.104712
3 0.335063 0.751309 0.074129 0.104712
3 0.401780 0.908711 0.074129 0.104712
3 0.141586 0.386126 0.074129 0.104712
0 0.048925 0.386126 0.022239 0.039267
1 0.335063 0.459424 0.022239 0.039267
1 0.498147 0.321990 0.022239 0.039267
3 0.624166 0.321990 0.074129 0.104712
1 0.720534 0.321990 0.022239 0.039267
3 0.624166 0.459424 0.074129 0.104712
3 0.856190 0.321990 0.074129 0.104712
2 0.779096 0.459424 0.020756 0.036649
2 0.948110 0.321990 0.020756 0.036649
12 0.049635 0.260471 0.007413 0.217277
12 0.082283 0.386126 0.047443 0.013089
12 0.141586 0.663613 0.007413 0.455497
12 0.169385 0.908377 0.036323 0.013089
12 0.276872 0.908788 0.036323 0.013089
12 0.343959 0.908910 0.044478 0.013089
12 0.536694 0.908377 0.057821 0.013089
12 0.195330 0.386536 0.036323 0.013089
12 0.275574 0.435864 0.099703 0.052356
12 0.357116 0.340969 0.262787 0.043194
12 0.498147 0.615183 0.007413 0.552356
12 0.548184 0.321990 0.080801 0.013089
12 0.685322 0.321990 0.051149 0.013089
12 0.720534 0.228403 0.007413 0.153141
12 0.466642 0.459424 0.243884 0.013089
12 0.779096 0.297775 0.007413 0.291885
12 0.775389 0.321990 0.090437 0.013089
12 0.856190 0.632199 0.007413 0.520942
12 0.948110 0.229058 0.007413 0.154450
12 0.335063 0.554319 0.007413 0.155759
12 0.321720 0.842932 0.029652 0.083770
12 0.714974 0.459424 0.110452 0.013089
12 0.915493 0.321990 0.047443 0.013089
12 0.660489 0.908377 0.047443 0.013089
12 0.801334 0.908377 0.091920 0.013089
12 0.335063 0.682592 0.007413 0.037958
12 0.462936 0.908499 0.051149 0.013089
