8 0.501216 0.378508 0.990340 0.255408
11 0.012696 0.401918 0.014510 0.265308
8 0.501821 0.714189 0.984294 0.283683
11 0.016324 0.739148 0.014510 0.282878
8 0.498798 0.038585 0.990340 0.064309
11 0.498797 0.039389 0.255355 0.045552
8 0.516274 0.961743 0.635933 0.064309
11 0.516274 0.962547 0.131758 0.045552
3 0.162031 0.327974 0.074970 0.085745
11 0.162031 0.330654 0.074158 0.054662
0 0.063974 0.327974 0.018138 0.032154
11 0.063974 0.362406 0.064772 0.050107
1 0.433495 0.327974 0.018138 0.032154
11 0.433495 0.294882 0.098761 0.050107
3 0.509674 0.327974 0.074970 0.085745
11 0.509674 0.330654 0.102142 0.054662
1 0.497468 0.440514 0.018138 0.032154
11 0.498073 0.408494 0.103250 0.050107
1 0.765336 0.440514 0.018138 0.032154
11 0.765336 0.407422 0.098761 0.050107
3 0.849831 0.440514 0.074970 0.085745
11 0.849831 0.443194 0.102142 0.054662
3 0.620487 0.440514 0.074970 0.085745
11 0.620487 0.443194 0.102842 0.054662
2 0.965659 0.440514 0.016929 0.030011
0 0.162031 0.665595 0.018138 0.032154
11 0.162031 0.700027 0.067978 0.050107
3 0.240326 0.665595 0.084039 0.085745
11 0.240326 0.668274 0.100743 0.054662
4 0.332527 0.665595 0.024184 0.042872
11 0.332527 0.627546 0.086051 0.054662
3 0.433495 0.665595 0.074970 0.085745
11 0.433495 0.670686 0.102142 0.081994
3 0.486094 0.804930 0.074970 0.085745
11 0.486094 0.807610 0.079055 0.054662
3 0.588271 0.804930 0.074970 0.085745
11 0.588271 0.807610 0.100743 0.054662
1 0.676596 0.804930 0.018138 0.032154
11 0.676596 0.771838 0.097478 0.050107
3 0.765336 0.804930 0.074970 0.085745
11 0.765336 0.810021 0.085352 0.081994
2 0.869093 0.804930 0.016929 0.030011
13 0.098795 0.327974 0.053922 0.010718
13 0.162031 0.510182 0.006046 0.282958
13 0.184704 0.665595 0.029625 0.010718
13 0.276904 0.328275 0.157195 0.010718
13 0.301391 0.665949 0.040508 0.010718
13 0.370314 0.665931 0.053809 0.010718
11 0.352661 0.653438 0.013807 0.027405
13 0.433495 0.483387 0.006046 0.282958
13 0.457376 0.327974 0.032044 0.010718
13 0.509674 0.177921 0.006046 0.218650
13 0.401451 0.328231 0.048368 0.010718
13 0.427543 0.394962 0.124131 0.095391
13 0.497468 0.609325 0.006046 0.309753
13 0.537183 0.804930 0.029625 0.010718
13 0.544769 0.440514 0.078883 0.010718
13 0.646641 0.804930 0.044190 0.010718
13 0.706758 0.804930 0.044604 0.010718
13 0.765336 0.609325 0.006046 0.309753
13 0.793375 0.440514 0.040360 0.010718
13 0.707119 0.440514 0.100713 0.010718
13 0.620487 0.234191 0.006046 0.331190
13 0.849831 0.234191 0.006046 0.331190
13 0.922255 0.440514 0.072297 0.010718
13 0.756409 0.376742 0.420919 0.101822
13 0.831725 0.804930 0.060227 0.010718
13 0.670036 0.727760 0.400532 0.128617
13 0.063974 0.191318 0.006046 0.245445
13 0.390719 0.745981 0.118198 0.122186
11 0.321299 0.716238 0.021247 0.027331
13 0.676596 0.875298 0.006046 0.112868
13 0.261336 0.819028 0.006046 0.225408
13 0.212311 0.817188 0.006046 0.221728
13 0.555999 0.888696 0.006046 0.086073
13 0.618781 0.888696 0.006046 0.086073
