8 0.498264 0.364179 0.988194 0.373134
8 0.500000 0.804478 0.991667 0.373134
8 0.499653 0.053731 0.988194 0.089552
3 0.143056 0.365672 0.069444 0.119403
3 0.684722 0.282090 0.069444 0.119403
1 0.483333 0.365672 0.020833 0.044776
3 0.764583 0.468657 0.069444 0.119403
1 0.844444 0.468657 0.020833 0.044776
0 0.066667 0.365672 0.020833 0.044776
4 0.545833 0.365672 0.027778 0.059701
4 0.844444 0.364179 0.027778 0.059701
2 0.899306 0.364179 0.019444 0.041791
0 0.147917 0.763433 0.020833 0.044776
3 0.222917 0.763433 0.069444 0.119403
4 0.302778 0.763433 0.027778 0.059701
3 0.483333 0.876119 0.069444 0.119403
3 0.844444 0.876119 0.069444 0.119403
3 0.430556 0.689552 0.069444 0.119403
2 0.982639 0.763433 0.019444 0.041791
4 0.900000 0.763433 0.027778 0.059701
12 0.147917 0.583209 0.006944 0.321642
12 0.173264 0.763433 0.032639 0.014925
12 0.273264 0.763901 0.034028 0.014925
12 0.684722 0.160448 0.006944 0.129851
12 0.512847 0.365672 0.040972 0.014925
12 0.325347 0.365672 0.297917 0.014925
12 0.375694 0.837938 0.148611 0.095280
12 0.597917 0.308955 0.106944 0.059701
12 0.638021 0.432090 0.186458 0.079104
12 0.816667 0.468657 0.037500 0.014925
12 0.663889 0.876119 0.294444 0.014925
12 0.349479 0.711567 0.095486 0.050000
12 0.844607 0.420149 0.006944 0.058209
12 0.092708 0.365672 0.034028 0.014925
12 0.066667 0.220896 0.006944 0.250746
12 0.452733 0.508955 0.047134 0.247761
12 0.483333 0.602239 0.006944 0.434328
12 0.682813 0.711567 0.437847 0.050000
12 0.889757 0.834701 0.023958 0.088806
12 0.844444 0.653731 0.006944 0.331343
12 0.943403 0.763789 0.061806 0.014925
12 0.764583 0.253731 0.006944 0.316418
12 0.782118 0.308209 0.128125 0.058209
12 0.873958 0.364526 0.034028 0.014925
