8 0.233333 0.023227 0.425333 0.026453
8 0.233000 0.106520 0.426000 0.079041
8 0.233000 0.220038 0.426000 0.129410
3 0.083833 0.092667 0.037667 0.026667
3 0.185667 0.092667 0.033333 0.026667
1 0.149000 0.092667 0.010000 0.010000
1 0.224000 0.135333 0.010000 0.010000
1 0.324000 0.126000 0.010000 0.010000
2 0.432333 0.106667 0.009333 0.009333
3 0.360667 0.126000 0.033333 0.026667
3 0.277000 0.126000 0.033333 0.026667
0 0.045000 0.092667 0.010000 0.010000
4 0.399000 0.106667 0.013333 0.013333
3 0.083667 0.180333 0.033333 0.026667
3 0.171667 0.178017 0.033333 0.026667
0 0.045000 0.180113 0.010000 0.010000
4 0.122333 0.180113 0.013333 0.013333
3 0.224000 0.247477 0.033333 0.026667
3 0.292667 0.247477 0.033333 0.026667
3 0.366000 0.247477 0.033333 0.026667
2 0.414333 0.247477 0.009333 0.009333
2 0.208000 0.180333 0.009333 0.009333
