8 0.500000 0.049369 0.990148 0.082282
11 0.500000 0.050398 0.101337 0.058283
8 0.500000 0.323642 0.990148 0.342841
11 0.013957 0.353594 0.019704 0.339457
8 0.500000 0.763851 0.990148 0.400439
11 0.013957 0.795786 0.019704 0.361938
0 0.078818 0.323642 0.024631 0.041141
11 0.078818 0.367697 0.100150 0.064111
3 0.169130 0.323642 0.082102 0.109709
11 0.169130 0.327071 0.109254 0.069940
1 0.559113 0.241360 0.024631 0.041141
11 0.559934 0.200391 0.053123 0.064111
3 0.862890 0.241360 0.082102 0.109709
11 0.862890 0.244789 0.075053 0.069940
1 0.440066 0.405924 0.024631 0.041141
11 0.440887 0.360241 0.092312 0.096167
3 0.509852 0.405924 0.082102 0.109709
11 0.509852 0.409353 0.086453 0.069940
1 0.747947 0.405924 0.024631 0.041141
11 0.748768 0.364955 0.053123 0.064111
4 0.792282 0.241360 0.032841 0.054855
2 0.952381 0.241360 0.022989 0.038398
11 0.952381 0.284044 0.089699 0.064111
0 0.078818 0.762479 0.024631 0.041141
11 0.078818 0.806535 0.049639 0.064111
3 0.169130 0.763851 0.082102 0.109709
11 0.169130 0.770365 0.081703 0.104909
1 0.349754 0.666484 0.024631 0.041141
11 0.349754 0.720910 0.053123 0.096167
1 0.349754 0.872189 0.024631 0.041141
11 0.349754 0.916244 0.079249 0.064111
3 0.559113 0.666484 0.082102 0.109709
11 0.559113 0.666827 0.110204 0.034970
2 0.649425 0.666484 0.022989 0.038398
11 0.649425 0.709168 0.089699 0.064111
3 0.440066 0.872189 0.082102 0.109709
11 0.440066 0.875617 0.086453 0.069940
3 0.559113 0.872189 0.082102 0.109709
11 0.559113 0.875617 0.101654 0.069940
3 0.747947 0.872189 0.082102 0.109709
11 0.747947 0.872532 0.110204 0.034970
2 0.837438 0.872189 0.022989 0.038398
11 0.837438 0.914872 0.089699 0.064111
1 0.649425 0.872189 0.024631 0.041141
11 0.649425 0.916244 0.082732 0.064111
12 0.197044 0.887274 0.082102 0.068568
11 0.199496 0.898587 0.120654 0.174849
13 0.078818 0.196791 0.008210 0.218047
13 0.123974 0.560203 0.093596 0.368897
13 0.109606 0.323642 0.040230 0.013714
13 0.109606 0.762947 0.040230 0.013714
13 0.242611 0.764261 0.068144 0.013714
13 0.314655 0.701454 0.048851 0.075425
13 0.314655 0.831733 0.048851 0.086396
13 0.440066 0.666484 0.159278 0.013714
13 0.619048 0.666484 0.041051 0.013714
13 0.559113 0.436780 0.008210 0.355184
13 0.673645 0.241697 0.207718 0.013714
13 0.862890 0.138508 0.008210 0.101481
13 0.380542 0.872189 0.040230 0.013714
13 0.440066 0.621914 0.008210 0.396325
13 0.499589 0.872189 0.040230 0.013714
13 0.618637 0.872189 0.040230 0.013714
13 0.460591 0.405924 0.019704 0.013714
13 0.509852 0.220790 0.008210 0.266045
13 0.359811 0.378497 0.139163 0.060340
13 0.419335 0.268788 0.258210 0.060340
13 0.643268 0.405924 0.188013 0.013714
13 0.815271 0.241826 0.016420 0.013714
13 0.776478 0.337356 0.035714 0.142622
13 0.684319 0.872189 0.048440 0.013714
13 0.747947 0.621914 0.008210 0.396325
13 0.807471 0.872189 0.040230 0.013714
13 0.242611 0.324053 0.068144 0.013714
13 0.922414 0.241360 0.040230 0.013714
13 0.234241 0.816325 0.084885 0.078814
