8 0.500000 0.357034 0.990033 0.328746
8 0.500000 0.055046 0.990033 0.091743
8 0.500000 0.809633 0.990033 0.362385
3 0.189369 0.383792 0.094684 0.122324
0 0.092193 0.383792 0.024917 0.045872
1 0.478405 0.467890 0.024917 0.045872
1 0.544850 0.307339 0.024917 0.045872
2 0.930233 0.384125 0.023256 0.042813
4 0.760797 0.383792 0.033223 0.061162
3 0.855482 0.384125 0.083056 0.122324
3 0.632060 0.307339 0.083056 0.122324
1 0.729236 0.307339 0.024917 0.045872
0 0.189369 0.810398 0.024917 0.045872
3 0.308140 0.810398 0.083056 0.122324
3 0.478405 0.712538 0.083056 0.122324
4 0.403654 0.810398 0.033223 0.061162
3 0.544850 0.896024 0.083056 0.122324
2 0.869601 0.810398 0.023256 0.042813
3 0.729236 0.896024 0.083056 0.122324
4 0.799834 0.810398 0.033223 0.061162
13 0.123339 0.383792 0.040698 0.015291
13 0.092193 0.230887 0.008306 0.266055
13 0.189369 0.616208 0.008306 0.348624
13 0.234219 0.810398 0.068106 0.015291
13 0.368355 0.810877 0.040698 0.015291
13 0.420473 0.746177 0.036130 0.073394
13 0.311877 0.384228 0.153654 0.015291
13 0.468231 0.330275 0.131645 0.051988
13 0.453696 0.868502 0.102575 0.061162
13 0.544850 0.582569 0.008306 0.510703
13 0.637043 0.896024 0.104651 0.015291
13 0.837209 0.810755 0.044850 0.015291
13 0.660091 0.746177 0.283638 0.073394
13 0.785507 0.868502 0.032807 0.061162
13 0.478405 0.571101 0.008306 0.166667
13 0.435008 0.441131 0.065199 0.059633
13 0.795681 0.384399 0.039867 0.015291
13 0.626038 0.441131 0.273671 0.059633
13 0.573920 0.307339 0.036545 0.015291
13 0.907807 0.384125 0.024917 0.015291
13 0.855482 0.211940 0.008306 0.228162
13 0.695183 0.307339 0.046512 0.015291
13 0.751453 0.330275 0.022841 0.051988
13 0.729236 0.582569 0.008306 0.510703
13 0.632060 0.173547 0.008306 0.151376
11 0.017110 0.357034 0.011628 0.175435
11 0.190624 0.383180 0.070377 0.043425
11 0.093341 0.428899 0.060437 0.038532
11 0.478540 0.423394 0.071697 0.018349
11 0.545428 0.264373 0.052650 0.018349
11 0.930337 0.427370 0.041737 0.038532
11 0.855482 0.383180 0.051514 0.043425
11 0.633311 0.306728 0.059295 0.043425
11 0.729370 0.262844 0.071697 0.018349
11 0.500000 0.054434 0.131031 0.021407
11 0.017110 0.809633 0.011628 0.189698
11 0.190098 0.855505 0.034680 0.038532
11 0.309112 0.809786 0.067038 0.043425
11 0.478405 0.711927 0.051514 0.043425
11 0.452535 0.808104 0.049587 0.038532
11 0.545823 0.895413 0.067038 0.065443
11 0.869706 0.853976 0.041737 0.038532
11 0.729236 0.895413 0.051514 0.043425
11 0.392701 0.759786 0.009655 0.018349
11 0.392286 0.802599 0.018792 0.018349
