8 0.500000 0.049519 0.987705 0.082531
11 0.500000 0.050550 0.432743 0.058459
8 0.500000 0.365887 0.987705 0.343879
11 0.017418 0.395930 0.024590 0.340484
8 0.500000 0.819807 0.987705 0.343879
11 0.017418 0.851840 0.024590 0.363033
0 0.082992 0.255846 0.030738 0.041265
3 0.180328 0.255846 0.102459 0.110041
11 0.180328 0.259285 0.136344 0.070151
1 0.303279 0.255846 0.030738 0.041265
3 0.500000 0.255846 0.102459 0.110041
11 0.500000 0.259285 0.093662 0.070151
2 0.619877 0.255846 0.028689 0.038514
4 0.385246 0.255846 0.040984 0.055021
11 0.381148 0.224897 0.107889 0.070151
1 0.589139 0.396149 0.030738 0.041265
3 0.441598 0.393398 0.102459 0.110041
11 0.441598 0.396836 0.107889 0.070151
0 0.082992 0.709766 0.030738 0.041265
3 0.180328 0.709766 0.102459 0.110041
11 0.180328 0.713205 0.123302 0.070151
4 0.303279 0.709766 0.040984 0.055021
11 0.304303 0.666094 0.081806 0.035076
3 0.431352 0.709766 0.102459 0.110041
11 0.431352 0.713205 0.094848 0.070151
3 0.303279 0.847318 0.102459 0.110041
11 0.303279 0.850757 0.107889 0.070151
2 0.543033 0.709766 0.028689 0.038514
3 0.441598 0.847318 0.102459 0.110041
11 0.441598 0.850757 0.123302 0.070151
3 0.590164 0.847318 0.102459 0.110041
11 0.590164 0.850757 0.094848 0.070151
2 0.701844 0.847318 0.028689 0.038514
13 0.113730 0.255846 0.034836 0.013755
13 0.259734 0.255846 0.060451 0.013755
13 0.131424 0.500000 0.100962 0.383769
13 0.113730 0.709766 0.034836 0.013755
13 0.257172 0.710194 0.055328 0.013755
13 0.351947 0.710194 0.060451 0.013755
11 0.336971 0.694123 0.022620 0.035193
13 0.375000 0.463549 0.116803 0.387895
13 0.499012 0.145805 0.010246 0.115543
13 0.303588 0.764787 0.010246 0.060523
11 0.289248 0.716723 0.024705 0.065566
13 0.578381 0.255846 0.058402 0.013755
13 0.505635 0.709766 0.050205 0.013755
13 0.341701 0.256166 0.050205 0.013755
13 0.427254 0.255846 0.047131 0.013755
11 0.424907 0.239684 0.035217 0.035076
13 0.316052 0.534388 0.029645 0.521320
13 0.372439 0.847318 0.039959 0.013755
13 0.515881 0.847318 0.050205 0.013755
13 0.664447 0.847318 0.050205 0.013755
13 0.589139 0.604539 0.010246 0.381018
13 0.391964 0.310867 0.016510 0.060523
11 0.371414 0.268041 0.024590 0.029313
13 0.441598 0.214580 0.010246 0.253095
13 0.568793 0.343191 0.042316 0.070151
13 0.533299 0.393398 0.085041 0.013755
