8 0.311400 0.149373 0.613619 0.285063
8 0.500000 0.485747 0.990819 0.285063
8 0.311400 0.850627 0.613619 0.285063
0 0.061974 0.485747 0.022953 0.034208
3 0.146136 0.485747 0.076511 0.091220
1 0.245601 0.485747 0.022953 0.034208
1 0.616679 0.371722 0.022953 0.034208
2 0.970161 0.371722 0.021423 0.031927
1 0.375669 0.417332 0.022953 0.034208
1 0.375669 0.485747 0.022953 0.034208
3 0.511859 0.462942 0.076511 0.091220
5 0.616679 0.462942 0.030604 0.045610
1 0.704667 0.462942 0.022953 0.034208
3 0.788829 0.462942 0.076511 0.091220
1 0.893267 0.462942 0.022953 0.034208
0 0.061974 0.850627 0.022953 0.034208
3 0.146136 0.850627 0.076511 0.091220
1 0.245601 0.736602 0.022953 0.034208
4 0.245601 0.850627 0.030604 0.045610
1 0.322877 0.850627 0.022953 0.034208
3 0.407039 0.850627 0.076511 0.091220
1 0.500383 0.850627 0.022953 0.034208
2 0.557001 0.850627 0.021423 0.031927
12 0.090666 0.485747 0.037490 0.011403
12 0.209258 0.485747 0.052793 0.011403
12 0.090666 0.850627 0.037490 0.011403
12 0.273527 0.486012 0.035960 0.011403
12 0.334927 0.440137 0.061591 0.050171
12 0.342387 0.486018 0.046672 0.011403
12 0.430375 0.440137 0.089518 0.050171
12 0.430375 0.474344 0.089518 0.027366
12 0.575746 0.462942 0.054323 0.011403
12 0.662586 0.463216 0.064269 0.011403
12 0.616858 0.414481 0.007651 0.055872
12 0.793803 0.371722 0.334353 0.011403
12 0.733359 0.462942 0.037490 0.011403
12 0.854438 0.462942 0.057766 0.011403
12 0.937452 0.425314 0.068477 0.079818
12 0.207345 0.850977 0.048967 0.011403
12 0.245781 0.790764 0.007651 0.078677
12 0.286151 0.850899 0.053558 0.011403
12 0.351568 0.850627 0.037490 0.011403
12 0.467100 0.850627 0.046672 0.011403
12 0.529074 0.850627 0.037490 0.011403
12 0.407039 0.785633 0.302984 0.102623
