8 0.210000 0.034000 0.380000 0.020000
8 0.212167 0.111667 0.384333 0.083333
8 0.212500 0.225000 0.384333 0.091333
0 0.045000 0.111667 0.010000 0.010000
3 0.081667 0.111667 0.033333 0.026667
4 0.120000 0.111667 0.013333 0.013333
3 0.158667 0.087667 0.033333 0.026667
3 0.158333 0.135000 0.033333 0.026667
1 0.206667 0.135000 0.010000 0.010000
3 0.243333 0.135000 0.033333 0.026667
4 0.301667 0.111667 0.013333 0.013333
2 0.328000 0.111667 0.009333 0.009333
0 0.045000 0.225000 0.010000 0.010000
3 0.081667 0.225000 0.033333 0.026667
4 0.120000 0.225000 0.013333 0.013333
3 0.158333 0.201667 0.033333 0.026667
3 0.158333 0.248333 0.033333 0.026667
4 0.314667 0.226667 0.013333 0.013333
2 0.341000 0.226667 0.009333 0.009333
3 0.206667 0.248333 0.033333 0.026667
3 0.255667 0.248333 0.033333 0.026667
