8 0.500000 0.044798 0.989916 0.072254
11 0.500000 0.045882 0.354922 0.061416
8 0.500000 0.332514 0.989916 0.459827
11 0.014286 0.364077 0.020168 0.357705
8 0.500000 0.780636 0.989916 0.421965
11 0.014286 0.814288 0.020168 0.381394
0 0.055462 0.138728 0.025210 0.043353
3 0.147899 0.196532 0.084034 0.115607
11 0.147899 0.203396 0.096267 0.110549
1 0.440336 0.381792 0.025210 0.043353
11 0.404055 0.408616 0.081113 0.033779
1 0.440336 0.196532 0.025210 0.043353
11 0.441176 0.158327 0.054373 0.033779
3 0.532773 0.196532 0.084034 0.115607
11 0.532773 0.203396 0.080708 0.110549
3 0.538655 0.446821 0.084034 0.115607
11 0.538655 0.453685 0.109880 0.110549
2 0.697479 0.196532 0.023529 0.040462
0 0.147899 0.815318 0.025210 0.043353
3 0.244538 0.815318 0.084034 0.115607
11 0.244538 0.818931 0.104046 0.073699
4 0.362185 0.815318 0.033613 0.057803
11 0.419304 0.842413 0.144886 0.036850
3 0.815966 0.902023 0.084034 0.115607
11 0.815966 0.908887 0.099184 0.110549
3 0.538655 0.641908 0.084034 0.115607
11 0.538655 0.648772 0.099184 0.110549
3 0.540336 0.779191 0.084034 0.115607
11 0.540336 0.782803 0.104046 0.073699
5 0.412605 0.641908 0.033613 0.057803
2 0.630252 0.641908 0.023529 0.040462
2 0.911765 0.902023 0.023529 0.040462
13 0.055462 0.098988 0.008403 0.041908
13 0.086975 0.167630 0.041176 0.063584
13 0.147899 0.523988 0.008403 0.545087
13 0.181513 0.815318 0.045378 0.014451
13 0.315966 0.815755 0.062185 0.014451
13 0.568277 0.873121 0.414706 0.063584
11 0.350840 0.827085 0.020168 0.037902
13 0.878992 0.902023 0.045378 0.014451
13 0.455672 0.725000 0.088655 0.114162
13 0.376261 0.303613 0.106303 0.162139
13 0.248739 0.196532 0.121008 0.014451
13 0.384454 0.196881 0.089916 0.014451
13 0.471849 0.196532 0.041176 0.014451
13 0.630252 0.196532 0.114286 0.014451
13 0.474790 0.414306 0.047059 0.070809
13 0.459244 0.378757 0.294958 0.312428
13 0.599580 0.641908 0.041176 0.014451
13 0.463025 0.641908 0.070588 0.014451
13 0.379202 0.714523 0.036555 0.149566
11 0.350840 0.764753 0.020168 0.068698
13 0.489496 0.493786 0.101681 0.186416
13 0.577311 0.234971 0.080672 0.313873
13 0.532773 0.109827 0.008403 0.063584
13 0.628151 0.531214 0.378992 0.631792
13 0.678151 0.826156 0.194958 0.099711
