8 0.500000 0.814478 0.988626 0.350944
11 0.016114 0.848600 0.022749 0.386716
8 0.500000 0.421365 0.988626 0.370920
11 0.016114 0.454199 0.022749 0.372123
8 0.500000 0.041031 0.988626 0.065386
11 0.500000 0.042144 0.179147 0.063056
0 0.133649 0.778932 0.028436 0.044510
11 0.133649 0.826595 0.106574 0.069362
3 0.237915 0.778932 0.094787 0.118694
11 0.237915 0.782641 0.111875 0.075668
4 0.346919 0.778932 0.037915 0.059347
11 0.390873 0.818991 0.102004 0.075668
3 0.672673 0.778932 0.094787 0.118694
11 0.672673 0.782641 0.120650 0.075668
1 0.797156 0.778932 0.028436 0.044510
1 0.533649 0.778932 0.028436 0.044510
2 0.867299 0.778932 0.026540 0.041543
11 0.867299 0.825111 0.106574 0.069362
4 0.672673 0.931521 0.037915 0.059347
0 0.062559 0.347181 0.028436 0.044510
11 0.062559 0.394844 0.106574 0.069362
1 0.133649 0.347181 0.028436 0.044510
1 0.533649 0.302047 0.028436 0.044510
1 0.836613 0.347181 0.028436 0.044510
2 0.938389 0.347181 0.026540 0.041543
11 0.938389 0.393361 0.106574 0.069362
2 0.203791 0.347181 0.026540 0.041543
11 0.203791 0.393361 0.106574 0.069362
2 0.619626 0.302047 0.026540 0.041543
11 0.619626 0.348227 0.157850 0.069362
0 0.533649 0.479777 0.028436 0.044510
11 0.533649 0.527441 0.159861 0.069362
0 0.836613 0.509399 0.028436 0.044510
11 0.836613 0.557062 0.130704 0.069362
12 0.836613 0.747292 0.094787 0.074184
13 0.098104 0.347181 0.046445 0.014837
13 0.133649 0.563056 0.009479 0.393175
11 0.120379 0.586877 0.022749 0.269971
13 0.169194 0.778932 0.046445 0.014837
13 0.306635 0.779397 0.046445 0.014837
13 0.533649 0.176758 0.009479 0.212003
11 0.520379 0.210880 0.022749 0.386716
13 0.836613 0.199325 0.009479 0.257136
11 0.823342 0.219497 0.022749 0.228624
13 0.887975 0.347181 0.078079 0.014837
13 0.062559 0.199325 0.009479 0.257136
11 0.049289 0.227009 0.022749 0.313751
13 0.169194 0.347181 0.046445 0.014837
13 0.533649 0.629355 0.009479 0.260579
13 0.533649 0.390912 0.009479 0.139154
13 0.836613 0.428290 0.009479 0.123642
13 0.832701 0.778932 0.046445 0.014837
13 0.672955 0.870063 0.009479 0.069503
13 0.744393 0.866725 0.109318 0.137010
13 0.500554 0.870434 0.310114 0.129592
11 0.334123 0.791728 0.022749 0.034050
13 0.809145 0.633038 0.030291 0.253212
13 0.577111 0.302047 0.062280 0.014837
13 0.442654 0.779294 0.157346 0.014837
11 0.384350 0.762110 0.033340 0.038019
13 0.586573 0.778932 0.081204 0.014837
