8 0.500000 0.808250 0.987988 0.370123
8 0.500000 0.348384 0.987988 0.415831
8 0.500000 0.040134 0.987988 0.066890
3 0.256256 0.762542 0.100100 0.089186
0 0.111111 0.762542 0.030030 0.033445
4 0.393894 0.762542 0.040040 0.044593
1 0.575576 0.851728 0.030030 0.033445
3 0.701702 0.851728 0.100100 0.089186
2 0.501502 0.762542 0.028028 0.031215
2 0.901902 0.851728 0.028028 0.031215
0 0.111111 0.416945 0.030030 0.033445
3 0.236236 0.416945 0.100100 0.089186
1 0.501502 0.416945 0.030030 0.033445
3 0.731732 0.416945 0.100100 0.089186
1 0.501502 0.348941 0.030030 0.033445
3 0.656657 0.222965 0.100100 0.089186
2 0.901902 0.416945 0.028028 0.031215
12 0.111111 0.236901 0.010010 0.331104
12 0.340090 0.762880 0.071572 0.011148
12 0.477477 0.818283 0.170170 0.071349
12 0.156156 0.416945 0.064064 0.011148
12 0.166166 0.762542 0.084084 0.011148
12 0.599099 0.416945 0.169169 0.011148
12 0.731732 0.222965 0.010010 0.303233
12 0.621121 0.851728 0.065065 0.011148
12 0.656657 0.125975 0.010010 0.109253
12 0.450701 0.762542 0.077578 0.011148
12 0.819820 0.851728 0.140140 0.011148
12 0.586587 0.308250 0.144144 0.085842
12 0.834835 0.416945 0.110110 0.011148
12 0.173674 0.603679 0.129129 0.288740
12 0.330080 0.417276 0.091592 0.011148
12 0.450200 0.417213 0.076577 0.011148
12 0.440190 0.371795 0.096597 0.050167
12 0.501502 0.590301 0.010010 0.317726
12 0.508008 0.591973 0.139139 0.490524
12 0.701702 0.634894 0.404404 0.406912
12 0.471972 0.320234 0.273273 0.198997
