8 0.190533 0.111667 0.291067 0.083333
8 0.190533 0.243500 0.291067 0.124000
8 0.185500 0.035000 0.247667 0.020000
0 0.075000 0.111667 0.010000 0.010000
3 0.111667 0.111667 0.033333 0.026667
1 0.233427 0.111667 0.010000 0.010000
3 0.273745 0.111667 0.033333 0.026667
2 0.310078 0.111667 0.009333 0.009333
1 0.155375 0.137250 0.010000 0.010000
3 0.198167 0.137250 0.033333 0.026667
1 0.273745 0.137375 0.010000 0.010000
0 0.071729 0.216500 0.010000 0.010000
3 0.104667 0.216500 0.033333 0.026667
3 0.233427 0.216500 0.033333 0.026667
3 0.185094 0.249833 0.033333 0.026667
3 0.233427 0.249833 0.033333 0.026667
2 0.312667 0.216500 0.009333 0.009333
3 0.281760 0.249833 0.033333 0.026667
4 0.155250 0.216500 0.013333 0.013333
