8 0.441361 0.403828 0.870157 0.489952
8 0.440314 0.034450 0.868063 0.057416
8 0.500000 0.826316 0.987435 0.335885
1 0.440838 0.331100 0.031414 0.028708
3 0.672775 0.331100 0.202094 0.065072
3 0.143668 0.359809 0.104712 0.076555
1 0.605421 0.536842 0.031414 0.028708
0 0.145566 0.706220 0.031414 0.028708
3 0.134873 0.791388 0.126914 0.051675
4 0.341361 0.798086 0.041885 0.038278
3 0.500060 0.720574 0.082843 0.051675
3 0.626178 0.877512 0.104712 0.057416
3 0.809948 0.877512 0.126702 0.051675
4 0.757919 0.791388 0.041885 0.038278
13 0.758115 0.180861 0.010471 0.239234
13 0.514136 0.331100 0.119372 0.009569
13 0.144686 0.543625 0.010471 0.300310
13 0.143668 0.192344 0.010471 0.262201
13 0.605421 0.700000 0.010471 0.301435
13 0.145566 0.743062 0.010471 0.048804
13 0.259686 0.797129 0.125654 0.009569
13 0.712565 0.877512 0.072251 0.009569
13 0.420827 0.772249 0.121234 0.055502
13 0.457592 0.847368 0.236649 0.064115
13 0.648751 0.746411 0.218728 0.055502
13 0.706185 0.820096 0.065772 0.061244
13 0.794404 0.821531 0.035275 0.064115
13 0.461257 0.520096 0.045026 0.353110
11 0.021571 0.403828 0.014660 0.103089
11 0.440960 0.353014 0.090298 0.011483
11 0.672775 0.330718 0.116983 0.013397
11 0.145030 0.359426 0.082412 0.040957
11 0.607559 0.516268 0.069568 0.024115
11 0.440314 0.034067 0.172529 0.013397
11 0.021571 0.826316 0.014660 0.118720
11 0.145730 0.728134 0.086224 0.011483
11 0.136136 0.791005 0.090118 0.027177
11 0.342196 0.765455 0.056119 0.011483
11 0.500259 0.720191 0.056060 0.027177
11 0.627756 0.877129 0.074755 0.027177
11 0.811529 0.877129 0.090118 0.027177
11 0.807011 0.774067 0.066378 0.011483
11 0.381569 0.784593 0.021777 0.011483
11 0.326473 0.804689 0.010013 0.011483
11 0.741778 0.751100 0.021777 0.011483
11 0.724378 0.777895 0.010013 0.011483
11 0.803698 0.196938 0.093259 0.013397
11 0.144257 0.165455 0.041394 0.011483
11 0.641220 0.716077 0.071599 0.013397
11 0.489725 0.532823 0.049607 0.013397
