8 0.501102 0.340361 0.987815 0.476900
8 0.499303 0.798715 0.987815 0.390106
8 0.500202 0.038217 0.986016 0.063694
0 0.128597 0.340764 0.026978 0.031847
3 0.241007 0.340764 0.089928 0.084926
1 0.479317 0.430998 0.026978 0.031847
3 0.618705 0.430998 0.089928 0.084926
3 0.860612 0.287686 0.089928 0.084926
1 0.721223 0.287686 0.026978 0.031847
1 0.641187 0.468153 0.026978 0.031847
2 0.950540 0.287686 0.025180 0.029724
1 0.746538 0.419713 0.026978 0.031847
1 0.663669 0.419713 0.026978 0.031847
0 0.180755 0.911518 0.026978 0.031847
4 0.374101 0.911518 0.035971 0.042463
3 0.275179 0.911694 0.089928 0.084926
2 0.719424 0.911518 0.025180 0.029724
5 0.374101 0.768206 0.035971 0.042463
3 0.477518 0.768206 0.089928 0.084926
4 0.616906 0.911518 0.035971 0.042463
2 0.374101 0.682219 0.025180 0.029724
13 0.128597 0.197452 0.008993 0.259023
13 0.169065 0.340764 0.057554 0.010616
13 0.212230 0.911577 0.039568 0.010616
13 0.860612 0.157643 0.008993 0.179406
13 0.338129 0.911919 0.039569 0.010616
13 0.412320 0.768542 0.044065 0.010616
13 0.670863 0.911771 0.075540 0.010616
13 0.569919 0.829246 0.098471 0.126327
13 0.374308 0.722028 0.008993 0.054140
13 0.374550 0.839862 0.008993 0.105096
13 0.495504 0.911518 0.210432 0.010616
13 0.321942 0.341082 0.075540 0.010616
13 0.542041 0.303609 0.334982 0.036093
13 0.775180 0.287686 0.084532 0.010616
13 0.421088 0.396497 0.093076 0.073248
13 0.533273 0.430998 0.084532 0.010616
13 0.719424 0.737734 0.008993 0.322091
13 0.751033 0.424628 0.222755 0.193206
13 0.921763 0.287686 0.035971 0.010616
13 0.241007 0.492770 0.008993 0.223332
13 0.479317 0.242569 0.008993 0.349257
13 0.705103 0.419713 0.059487 0.010616
13 0.343397 0.368710 0.061573 0.601539
11 0.020324 0.340234 0.012590 0.121799
11 0.128253 0.372081 0.067657 0.026752
11 0.241007 0.340340 0.073483 0.030149
11 0.413936 0.479936 0.067081 0.040764
11 0.620059 0.430573 0.051287 0.060722
11 0.860612 0.287261 0.072889 0.030149
11 0.721272 0.311996 0.072041 0.012739
11 0.614026 0.493100 0.037404 0.026752
11 0.690669 0.389490 0.039610 0.012739
11 0.018525 0.798832 0.012590 0.131701
11 0.182406 0.943206 0.069849 0.026752
11 0.374993 0.951699 0.066533 0.026752
11 0.275180 0.911465 0.074387 0.030149
11 0.719676 0.935138 0.077841 0.012739
11 0.477518 0.768153 0.074679 0.030149
11 0.293432 0.710297 0.067081 0.040764
11 0.361869 0.864013 0.018702 0.012739
11 0.403580 0.896921 0.008599 0.012739
11 0.500000 0.037792 0.148171 0.014862
