8 0.219000 0.015000 0.428000 0.020000
8 0.219000 0.221500 0.428000 0.136333
8 0.219000 0.090333 0.428000 0.100667
0 0.036667 0.208333 0.010000 0.010000
3 0.085000 0.208333 0.033333 0.026667
4 0.133333 0.208333 0.013333 0.013333
1 0.163333 0.174667 0.010000 0.010000
3 0.233000 0.221667 0.033333 0.026667
1 0.184000 0.221667 0.010000 0.010000
1 0.275000 0.221667 0.010000 0.010000
2 0.346333 0.221667 0.009333 0.009333
2 0.219000 0.174667 0.009333 0.009333
0 0.035000 0.062000 0.010000 0.010000
1 0.035000 0.100000 0.010000 0.010000
1 0.350000 0.082000 0.010000 0.010000
1 0.380000 0.082000 0.010000 0.010000
3 0.167333 0.099833 0.046000 0.018333
4 0.223333 0.082000 0.013333 0.013333
1 0.241667 0.055000 0.010000 0.010000
2 0.286333 0.055000 0.009333 0.009333
2 0.414667 0.082000 0.009333 0.009333
1 0.315000 0.082000 0.010000 0.010000
