8 0.500000 0.026966 0.990964 0.044944
8 0.500000 0.347566 0.990964 0.483895
8 0.500000 0.810861 0.990964 0.369288
0 0.060994 0.473408 0.022590 0.022472
3 0.184111 0.473408 0.088102 0.059925
1 0.437500 0.473408 0.022590 0.022472
3 0.437500 0.286891 0.075301 0.059925
4 0.574548 0.286891 0.030120 0.029963
3 0.574548 0.158052 0.075301 0.059925
3 0.841867 0.286891 0.075301 0.059925
2 0.941265 0.286891 0.021084 0.020974
3 0.411898 0.158052 0.126506 0.059925
1 0.475151 0.177259 0.022590 0.022472
4 0.437500 0.390262 0.030120 0.029963
10 0.510919 0.377154 0.047440 0.048689
10 0.660768 0.343446 0.047440 0.048689
0 0.177711 0.855431 0.022590 0.022472
3 0.302711 0.855431 0.099398 0.059925
4 0.437500 0.855431 0.030120 0.029963
3 0.437500 0.767041 0.075301 0.059925
3 0.574548 0.924345 0.075301 0.059925
3 0.756777 0.924345 0.126506 0.059925
3 0.911898 0.924345 0.075301 0.059925
2 0.534639 0.767041 0.021084 0.020974
2 0.975151 0.924345 0.021084 0.020974
10 0.310617 0.766667 0.047440 0.039700
10 0.841491 0.833333 0.047440 0.039700
13 0.060994 0.255805 0.007530 0.415730
13 0.106175 0.473408 0.070783 0.007491
13 0.177711 0.673783 0.007530 0.343820
13 0.221009 0.855431 0.067018 0.007491
13 0.387425 0.855665 0.073042 0.007491
13 0.437719 0.818727 0.007530 0.046442
13 0.487387 0.897378 0.102033 0.056929
13 0.652861 0.924345 0.084337 0.007491
13 0.847139 0.924345 0.057229 0.007491
13 0.499623 0.767041 0.051958 0.007491
13 0.957078 0.924345 0.018072 0.007491
13 0.437681 0.433708 0.007530 0.059925
13 0.437500 0.610861 0.007530 0.255431
13 0.517319 0.287109 0.087349 0.007491
13 0.506024 0.158052 0.064759 0.007491
13 0.574758 0.229963 0.007530 0.086891
13 0.905120 0.286891 0.054217 0.007491
13 0.841867 0.153184 0.007530 0.210487
13 0.327184 0.473408 0.201054 0.007491
13 0.696913 0.287095 0.217620 0.007491
13 0.437651 0.346067 0.007530 0.061423
13 0.346950 0.274345 0.153991 0.235581
13 0.507342 0.683895 0.120105 0.423970
13 0.686621 0.683895 0.478665 0.423970
13 0.574548 0.088764 0.007530 0.081648
11 0.500000 0.026667 0.095182 0.010487
11 0.015512 0.347566 0.010542 0.080696
11 0.184111 0.473109 0.074092 0.021273
11 0.437500 0.286592 0.053487 0.021273
11 0.647776 0.304494 0.063624 0.018876
11 0.574548 0.157753 0.064050 0.021273
11 0.841867 0.286592 0.063031 0.010487
11 0.411898 0.157753 0.116540 0.021273
11 0.510583 0.371461 0.060323 0.008989
11 0.660433 0.337753 0.060323 0.008989
11 0.594650 0.217903 0.047734 0.008989
11 0.613673 0.276330 0.033068 0.008989
11 0.015512 0.810861 0.010542 0.087183
11 0.303848 0.855131 0.064806 0.021273
11 0.485457 0.873034 0.055252 0.018876
11 0.438452 0.766742 0.051118 0.032060
11 0.574548 0.924045 0.064050 0.021273
11 0.756777 0.924045 0.099683 0.010487
11 0.911898 0.924045 0.062524 0.032060
11 0.310929 0.760974 0.057099 0.008989
11 0.841803 0.827640 0.057099 0.008989
11 0.457667 0.831386 0.007201 0.008989
11 0.050341 0.218352 0.055502 0.018876
11 0.167398 0.647865 0.056182 0.008989
11 0.426893 0.584195 0.057099 0.008989
11 0.831030 0.125019 0.061157 0.008989
11 0.510313 0.467790 0.047734 0.018876
11 0.886983 0.462846 0.057099 0.008989
