8 0.201167 0.126167 0.342333 0.082333
8 0.201167 0.030000 0.342333 0.020000
8 0.201167 0.225667 0.342333 0.091333
0 0.055000 0.126333 0.010000 0.010000
1 0.080000 0.126333 0.010000 0.010000
1 0.165026 0.145000 0.010000 0.010000
1 0.165026 0.110000 0.010000 0.010000
1 0.201333 0.110000 0.010000 0.010000
1 0.230000 0.145000 0.010000 0.010000
2 0.264667 0.145000 0.009333 0.009333
0 0.080000 0.221667 0.010000 0.010000
3 0.138359 0.221667 0.033333 0.026667
1 0.260000 0.221667 0.010000 0.010000
1 0.133231 0.235000 0.010000 0.010000
1 0.158333 0.255000 0.010000 0.010000
3 0.206333 0.255000 0.033333 0.026667
4 0.226667 0.221667 0.013333 0.013333
2 0.294667 0.221667 0.009333 0.009333
