8 0.500000 0.057878 0.989267 0.096463
8 0.500000 0.355305 0.989267 0.401929
8 0.500000 0.789389 0.989267 0.401929
0 0.085868 0.355305 0.026834 0.048232
3 0.184258 0.355305 0.089445 0.128617
1 0.381038 0.443730 0.026834 0.048232
1 0.461538 0.274920 0.026834 0.048232
3 0.559928 0.443730 0.089445 0.128617
2 0.657424 0.443730 0.025045 0.045016
1 0.689624 0.274920 0.026834 0.048232
3 0.788014 0.274920 0.089445 0.128617
2 0.885510 0.274920 0.025045 0.045016
0 0.085868 0.789389 0.026834 0.048232
3 0.184258 0.789389 0.089445 0.128617
4 0.287120 0.789389 0.035778 0.064309
1 0.381038 0.660772 0.026834 0.048232
3 0.598138 0.901929 0.089445 0.128617
1 0.689624 0.901929 0.026834 0.048232
2 0.930233 0.901929 0.025045 0.045016
2 0.423329 0.660772 0.025045 0.045016
3 0.461538 0.901929 0.089445 0.128617
12 0.119410 0.355305 0.043828 0.016077
12 0.085868 0.218650 0.008945 0.231511
12 0.135063 0.592444 0.101968 0.352090
12 0.119410 0.789389 0.043828 0.016077
12 0.249106 0.789894 0.043828 0.016077
12 0.327594 0.709003 0.083631 0.102894
12 0.659534 0.901929 0.036925 0.016077
12 0.810376 0.901929 0.218247 0.016077
12 0.249106 0.355810 0.043828 0.016077
12 0.327594 0.415595 0.083631 0.062701
12 0.381038 0.552251 0.008945 0.175241
12 0.367844 0.299035 0.164132 0.054662
12 0.454830 0.443730 0.124329 0.016077
12 0.559928 0.242765 0.008945 0.279743
12 0.624776 0.443730 0.043828 0.016077
12 0.575581 0.274920 0.204830 0.016077
12 0.689624 0.588424 0.008945 0.585209
12 0.723166 0.274920 0.043828 0.016077
12 0.852862 0.274920 0.043828 0.016077
12 0.788014 0.158360 0.008945 0.110932
12 0.402630 0.660772 0.019930 0.016077
12 0.351968 0.861736 0.133274 0.086817
12 0.529838 0.901929 0.050732 0.016077
12 0.461538 0.568328 0.008945 0.545016
