8 0.500000 0.361319 0.988258 0.374813
8 0.299413 0.053973 0.489237 0.089955
8 0.500000 0.803598 0.988258 0.374813
0 0.066842 0.301349 0.029354 0.044978
3 0.157534 0.301349 0.097847 0.119940
3 0.744618 0.248876 0.097847 0.119940
3 0.465753 0.473763 0.097847 0.119940
5 0.381932 0.398801 0.039139 0.059970
2 0.914873 0.248876 0.027397 0.041979
3 0.597847 0.361319 0.097847 0.119940
5 0.841192 0.473763 0.039139 0.059970
1 0.299413 0.398801 0.029354 0.044978
1 0.328767 0.248876 0.029354 0.044978
0 0.064579 0.826087 0.029354 0.044978
3 0.157534 0.826087 0.097847 0.119940
3 0.245597 0.698651 0.097847 0.119940
3 0.665245 0.923538 0.097847 0.119940
2 0.841192 0.923538 0.027397 0.041979
4 0.245597 0.826087 0.039139 0.059970
2 0.352250 0.698651 0.027397 0.041979
1 0.299413 0.923538 0.029354 0.044978
13 0.068157 0.188906 0.009785 0.185907
13 0.095065 0.301349 0.031005 0.014993
13 0.087069 0.582459 0.078248 0.448276
13 0.644325 0.121439 0.204501 0.140930
13 0.216243 0.826584 0.023483 0.014993
13 0.245897 0.777361 0.009785 0.043478
13 0.770831 0.923538 0.117239 0.014993
13 0.847358 0.248876 0.111546 0.014993
13 0.093933 0.826087 0.033268 0.014993
13 0.399626 0.451274 0.038322 0.050975
13 0.475213 0.380435 0.151336 0.044228
13 0.668150 0.474167 0.310860 0.014993
13 0.734503 0.402549 0.179377 0.088456
13 0.812089 0.376312 0.063099 0.140930
13 0.230920 0.301816 0.052838 0.014993
13 0.280088 0.365067 0.013209 0.073463
13 0.519569 0.248876 0.356164 0.014993
13 0.565499 0.698651 0.203405 0.335832
13 0.314090 0.286732 0.043053 0.036732
13 0.338227 0.399151 0.052187 0.014993
13 0.309198 0.485007 0.033268 0.433283
13 0.316536 0.698651 0.047945 0.014993
13 0.299413 0.661169 0.009785 0.485757
13 0.465205 0.923538 0.306145 0.014993
13 0.265166 0.889805 0.043053 0.073463
11 0.020157 0.361319 0.013699 0.042506
11 0.157534 0.300750 0.042422 0.020990
11 0.745763 0.248276 0.069181 0.042579
11 0.466815 0.473163 0.050745 0.042579
11 0.597847 0.360720 0.083228 0.020990
11 0.299413 0.053373 0.154366 0.020990
11 0.020157 0.803598 0.013699 0.056500
11 0.157534 0.825487 0.042422 0.020990
11 0.245597 0.698051 0.046355 0.020990
11 0.665362 0.922939 0.046661 0.020990
