8 0.500000 0.412829 0.986223 0.411184
8 0.500000 0.059211 0.986223 0.098684
8 0.500000 0.820724 0.986223 0.338816
0 0.099885 0.330592 0.034443 0.049342
1 0.493685 0.478618 0.034443 0.049342
1 0.771527 0.330592 0.034443 0.049342
2 0.856487 0.330592 0.032147 0.046053
1 0.220436 0.330592 0.034443 0.049342
1 0.605052 0.478618 0.034443 0.049342
0 0.151550 0.784539 0.034443 0.049342
3 0.277842 0.784539 0.114811 0.131579
4 0.405281 0.784539 0.045924 0.065789
4 0.691160 0.784539 0.045924 0.065789
3 0.605052 0.891447 0.114811 0.131579
2 0.771527 0.784539 0.032147 0.046053
1 0.493685 0.891447 0.034443 0.049342
13 0.160161 0.330592 0.090700 0.016447
13 0.194604 0.784539 0.056257 0.016447
13 0.327210 0.330991 0.183697 0.016447
13 0.358783 0.785059 0.051665 0.016447
13 0.548220 0.785362 0.244546 0.016447
13 0.529277 0.891447 0.041332 0.016447
13 0.677095 0.854441 0.033869 0.080592
13 0.458381 0.421053 0.040758 0.121711
13 0.441160 0.854441 0.075201 0.080592
13 0.549369 0.478618 0.081515 0.016447
13 0.734788 0.784539 0.045924 0.016447
13 0.814581 0.330592 0.056257 0.016447
13 0.493685 0.685033 0.011481 0.370066
13 0.605052 0.281250 0.011481 0.351974
13 0.608496 0.330997 0.296211 0.016447
13 0.527555 0.469572 0.272101 0.218750
13 0.771527 0.558388 0.011481 0.412829
13 0.185993 0.557566 0.073479 0.411184
13 0.099885 0.207237 0.011481 0.203947
13 0.856487 0.208059 0.011481 0.205592
11 0.023651 0.412829 0.016073 0.188708
11 0.099437 0.379112 0.086359 0.041447
11 0.495339 0.417928 0.083674 0.063158
11 0.773177 0.277138 0.097445 0.041447
11 0.856038 0.377467 0.086359 0.041447
11 0.221261 0.277138 0.049871 0.041447
11 0.604702 0.527138 0.072779 0.041447
11 0.500000 0.058553 0.189168 0.023026
11 0.023651 0.820724 0.016073 0.204050
11 0.151601 0.833059 0.046026 0.041447
11 0.277842 0.783882 0.096862 0.046711
11 0.406931 0.719572 0.097445 0.041447
11 0.605052 0.890789 0.096862 0.046711
11 0.771932 0.831414 0.071993 0.041447
11 0.493336 0.939967 0.072779 0.041447
11 0.442918 0.762993 0.010979 0.019737
11 0.389665 0.777796 0.023877 0.019737
11 0.536964 0.688980 0.072779 0.019737
11 0.588628 0.233388 0.072779 0.019737
11 0.755884 0.542599 0.033008 0.019737
11 0.186153 0.545230 0.094464 0.041447
11 0.077083 0.153783 0.094464 0.041447
11 0.905806 0.249178 0.050419 0.041447
