8 0.281682 0.080913 0.413363 0.078493
8 0.281682 0.176625 0.413363 0.073250
8 0.284182 0.016667 0.408363 0.020000
0 0.105000 0.066667 0.010000 0.010000
3 0.141667 0.066667 0.033333 0.026667
1 0.394783 0.066667 0.010000 0.010000
3 0.441517 0.066667 0.033333 0.026667
2 0.477850 0.066667 0.009333 0.009333
1 0.276667 0.087667 0.010000 0.010000
3 0.313333 0.087667 0.033333 0.026667
4 0.366667 0.066667 0.013333 0.013333
3 0.190950 0.190000 0.033333 0.026667
3 0.395000 0.190000 0.033333 0.026667
0 0.140457 0.190193 0.010000 0.010000
4 0.229283 0.190000 0.013333 0.013333
3 0.276667 0.156667 0.033333 0.026667
3 0.325000 0.156667 0.033333 0.026667
4 0.356667 0.190039 0.013333 0.013333
2 0.431333 0.190000 0.009333 0.009333
