8 0.500000 0.353823 0.988679 0.374813
8 0.444811 0.038981 0.878302 0.059970
8 0.500000 0.792354 0.988679 0.397301
0 0.090566 0.323838 0.028302 0.044978
3 0.194340 0.323838 0.094340 0.119940
3 0.604717 0.323838 0.094340 0.119940
3 0.845283 0.323838 0.094340 0.119940
1 0.500000 0.323838 0.028302 0.044978
1 0.845283 0.458771 0.028302 0.044978
1 0.717925 0.496252 0.028302 0.044978
2 0.783019 0.209895 0.026415 0.041979
0 0.203774 0.683658 0.028302 0.044978
3 0.302830 0.683658 0.094340 0.119940
4 0.406604 0.683658 0.037736 0.059970
3 0.519811 0.683658 0.094340 0.119940
3 0.717925 0.856072 0.094340 0.119940
3 0.845283 0.856072 0.094340 0.119940
3 0.717925 0.323838 0.094340 0.119940
2 0.938679 0.683658 0.026415 0.041979
12 0.125943 0.323838 0.046226 0.014993
12 0.203774 0.522489 0.009434 0.283358
12 0.236792 0.683658 0.041509 0.014993
12 0.368868 0.684133 0.041509 0.014993
12 0.194340 0.166417 0.009434 0.200900
12 0.604717 0.166417 0.009434 0.200900
12 0.538915 0.784858 0.267453 0.148426
12 0.449057 0.684129 0.050943 0.014993
12 0.781604 0.856072 0.036792 0.014993
12 0.746226 0.683658 0.362264 0.014993
12 0.915566 0.780360 0.050000 0.157421
12 0.717925 0.166417 0.009434 0.200900
12 0.841038 0.166417 0.009434 0.200900
12 0.500000 0.485007 0.009434 0.283358
12 0.286321 0.324280 0.093396 0.014993
12 0.427358 0.324202 0.120755 0.014993
12 0.535849 0.323838 0.047170 0.014993
12 0.845283 0.638681 0.009434 0.320840
12 0.717925 0.428786 0.009434 0.095952
12 0.845283 0.410045 0.009434 0.058471
12 0.717925 0.657421 0.009434 0.283358
12 0.527123 0.425037 0.357075 0.148426
12 0.699057 0.236882 0.145283 0.059970
12 0.808962 0.236882 0.029245 0.059970
12 0.785849 0.421289 0.094340 0.080960
