8 0.500000 0.091640 0.990114 0.163987
8 0.499620 0.377814 0.990114 0.350482
8 0.499810 0.789389 0.990494 0.401929
0 0.072624 0.284566 0.022814 0.048232
3 0.156274 0.284566 0.076046 0.128617
3 0.607985 0.284566 0.076046 0.128617
2 0.756274 0.284566 0.021293 0.045016
1 0.426616 0.284566 0.022814 0.048232
1 0.388593 0.419614 0.022814 0.048232
3 0.511407 0.419614 0.076046 0.128617
0 0.156654 0.789389 0.022814 0.048232
3 0.240304 0.789389 0.076046 0.128617
4 0.327757 0.789389 0.030418 0.064309
3 0.544487 0.725080 0.076046 0.128617
3 0.449430 0.893891 0.076046 0.128617
3 0.544487 0.893891 0.076046 0.128617
2 0.619772 0.725080 0.021293 0.045016
13 0.072624 0.217042 0.007605 0.093248
13 0.101141 0.284566 0.037262 0.016077
13 0.156654 0.557074 0.007605 0.422830
13 0.185171 0.789389 0.037262 0.016077
13 0.295437 0.789894 0.037262 0.016077
13 0.607985 0.196945 0.007605 0.053055
13 0.695817 0.284566 0.102662 0.016077
13 0.496958 0.893891 0.022053 0.016077
13 0.253422 0.285020 0.121293 0.016077
13 0.417300 0.741158 0.181369 0.038585
13 0.369582 0.857717 0.086692 0.078778
13 0.379087 0.284566 0.075285 0.016077
13 0.503992 0.284566 0.134981 0.016077
13 0.481126 0.484727 0.112062 0.358521
13 0.352662 0.368167 0.052091 0.109325
13 0.436692 0.419614 0.076426 0.016077
13 0.511407 0.264469 0.007605 0.188103
13 0.581179 0.725080 0.058935 0.016077
13 0.000000 0.330386 0.155133 0.016077
13 0.504753 0.811469 0.007605 0.047376
11 0.016426 0.091640 0.021597 0.139419
11 0.015665 0.377814 0.010646 0.184460
11 0.074014 0.331994 0.050689 0.040514
11 0.156654 0.272347 0.062139 0.045659
11 0.608365 0.283923 0.047166 0.068810
11 0.427412 0.331994 0.060908 0.040514
11 0.388361 0.456431 0.048206 0.019293
11 0.511787 0.418971 0.064162 0.045659
11 0.015665 0.789389 0.010646 0.199457
11 0.240304 0.777170 0.062904 0.045659
11 0.356018 0.827170 0.036751 0.040514
11 0.544487 0.724437 0.053522 0.068810
11 0.450576 0.893248 0.054289 0.045659
11 0.544487 0.881672 0.063151 0.045659
11 0.317704 0.737781 0.007272 0.019293
11 0.317413 0.781190 0.015815 0.019293
