8 0.204800 0.041475 0.400000 0.069124
11 0.204800 0.038018 0.128571 0.023041
8 0.500000 0.297811 0.990400 0.305300
11 0.013600 0.297811 0.009600 0.047103
8 0.400800 0.739055 0.792000 0.508065
11 0.013600 0.739055 0.009600 0.153752
0 0.088800 0.289171 0.024000 0.034562
11 0.088800 0.315092 0.050914 0.012673
3 0.204800 0.289171 0.080000 0.092166
11 0.204800 0.286866 0.071589 0.013825
3 0.560800 0.381336 0.080000 0.092166
11 0.560800 0.379032 0.052457 0.027650
1 0.435200 0.381336 0.024000 0.034562
11 0.435200 0.407258 0.067886 0.012673
1 0.488800 0.197005 0.024000 0.034562
11 0.488800 0.222926 0.071280 0.012673
3 0.560800 0.197005 0.080000 0.092166
11 0.560800 0.194700 0.049989 0.013825
3 0.667200 0.381336 0.080000 0.092166
11 0.667200 0.379032 0.047520 0.027650
1 0.772800 0.381336 0.024000 0.034562
3 0.860800 0.381336 0.080000 0.092166
11 0.860800 0.379032 0.048137 0.013825
2 0.948000 0.381336 0.022400 0.032258
11 0.948000 0.406106 0.113709 0.012673
2 0.648000 0.197005 0.022400 0.032258
11 0.648000 0.221774 0.051480 0.012673
0 0.088800 0.629032 0.024000 0.034562
11 0.088800 0.654954 0.073543 0.012673
3 0.204800 0.629032 0.080000 0.092166
11 0.204800 0.626728 0.044434 0.027650
4 0.296800 0.629032 0.032000 0.046083
11 0.296800 0.664747 0.028389 0.013825
3 0.435200 0.629032 0.080000 0.092166
11 0.435200 0.626728 0.047520 0.027650
3 0.488800 0.830645 0.080000 0.092166
11 0.488800 0.828341 0.048137 0.013825
2 0.576000 0.830645 0.022400 0.032258
11 0.576000 0.855415 0.019800 0.012673
3 0.551200 0.625576 0.080000 0.092166
11 0.551200 0.623272 0.064800 0.013825
3 0.662400 0.625576 0.080000 0.092166
11 0.662400 0.623272 0.048754 0.013825
2 0.749600 0.625576 0.022400 0.032258
11 0.749600 0.650346 0.019800 0.012673
13 0.088800 0.173963 0.008000 0.200461
13 0.132800 0.289171 0.067200 0.011521
13 0.132800 0.629032 0.067200 0.011521
13 0.262800 0.629394 0.039200 0.011521
13 0.354000 0.629371 0.085600 0.011521
11 0.326839 0.613356 0.015456 0.013889
13 0.146800 0.473502 0.119200 0.281106
13 0.298800 0.289500 0.111200 0.011521
13 0.435200 0.490783 0.008000 0.188940
13 0.396200 0.346774 0.057200 0.073733
13 0.484000 0.381336 0.076800 0.011521
13 0.373000 0.741359 0.154800 0.183180
13 0.423000 0.231567 0.110800 0.073733
13 0.488800 0.499424 0.008000 0.574885
13 0.546800 0.830645 0.039200 0.011521
13 0.493200 0.627304 0.039200 0.011521
13 0.510800 0.197005 0.023200 0.011521
13 0.482800 0.095622 0.159200 0.115207
13 0.614000 0.381336 0.029600 0.011521
13 0.536000 0.187788 0.265600 0.299539
13 0.734000 0.381336 0.056800 0.011521
13 0.802800 0.381336 0.039200 0.011521
13 0.918800 0.381336 0.039200 0.011521
13 0.632800 0.187788 0.459200 0.299539
13 0.606800 0.625576 0.034400 0.011521
13 0.720400 0.625576 0.039200 0.011521
13 0.618800 0.197005 0.039200 0.011521
13 0.727600 0.489055 0.093600 0.185484
