8 0.210167 0.273301 0.327000 0.092601
8 0.208833 0.042167 0.327667 0.024333
8 0.209833 0.129333 0.327667 0.128667
9 0.215167 0.296451 0.317000 0.046301
9 0.215167 0.250150 0.317000 0.046301
3 0.176667 0.295801 0.033333 0.026667
3 0.225000 0.295801 0.033333 0.026667
3 0.284000 0.295801 0.033333 0.026667
3 0.111667 0.250000 0.033333 0.026667
4 0.150000 0.250000 0.013333 0.013333
3 0.228333 0.250000 0.033333 0.026667
2 0.364667 0.250000 0.009333 0.009333
0 0.075000 0.250000 0.010000 0.010000
3 0.101667 0.106667 0.033333 0.026667
1 0.151667 0.120000 0.010000 0.010000
3 0.186667 0.120000 0.033333 0.026667
2 0.368000 0.120000 0.009333 0.009333
1 0.152000 0.146833 0.010000 0.010000
3 0.222000 0.146833 0.033333 0.026667
1 0.281667 0.146833 0.010000 0.010000
3 0.325333 0.146833 0.033333 0.026667
0 0.065000 0.106667 0.010000 0.010000
