8 0.441848 0.373027 0.871236 0.461980
11 0.017653 0.404363 0.024922 0.355139
8 0.500000 0.812052 0.987539 0.358680
11 0.017653 0.845463 0.024922 0.378659
8 0.372793 0.051650 0.687435 0.086083
11 0.372793 0.052726 0.196262 0.060976
3 0.253375 0.424677 0.103842 0.114778
11 0.253375 0.428264 0.127370 0.073171
1 0.455867 0.424677 0.031153 0.043042
11 0.538941 0.398225 0.192757 0.033537
3 0.668744 0.424677 0.103842 0.114778
11 0.668744 0.428264 0.135781 0.073171
1 0.429907 0.568149 0.031153 0.043042
11 0.320872 0.589042 0.243425 0.033537
3 0.407061 0.245337 0.103842 0.114778
11 0.407061 0.248924 0.134579 0.073171
2 0.776739 0.424677 0.029076 0.040172
11 0.776739 0.458483 0.177336 0.033537
0 0.139148 0.424677 0.031153 0.043042
11 0.121495 0.474265 0.186148 0.033537
0 0.139148 0.812052 0.031153 0.043042
11 0.119418 0.864509 0.185047 0.033537
3 0.253375 0.812052 0.103842 0.114778
11 0.253375 0.815638 0.128571 0.073171
3 0.518172 0.690100 0.103842 0.114778
11 0.518172 0.693687 0.135781 0.073171
3 0.518172 0.922525 0.103842 0.114778
11 0.518172 0.926112 0.109346 0.073171
3 0.668744 0.922525 0.103842 0.114778
11 0.668744 0.926112 0.128571 0.073171
3 0.819315 0.922525 0.103842 0.114778
11 0.819315 0.926112 0.135781 0.073171
2 0.932503 0.922525 0.029076 0.040172
11 0.932503 0.956331 0.126669 0.033537
2 0.631360 0.690100 0.029076 0.040172
11 0.631360 0.723906 0.126669 0.033537
4 0.372793 0.812052 0.041537 0.057389
11 0.300104 0.885581 0.240320 0.036585
13 0.178089 0.424677 0.050883 0.014347
13 0.186916 0.636298 0.099688 0.314204
13 0.178089 0.812052 0.050883 0.014347
13 0.666667 0.230990 0.010384 0.278336
13 0.328660 0.812502 0.050883 0.014347
13 0.448079 0.728121 0.040498 0.282640
13 0.593458 0.922525 0.050883 0.014347
13 0.744029 0.922525 0.050883 0.014347
13 0.894600 0.922525 0.050883 0.014347
13 0.416926 0.425016 0.050883 0.014347
13 0.393821 0.510760 0.045171 0.120516
13 0.328660 0.425127 0.050883 0.014347
13 0.455867 0.352941 0.010384 0.106169
13 0.741433 0.424677 0.045691 0.014347
13 0.545691 0.424677 0.146417 0.014347
13 0.417445 0.424677 0.024922 0.249641
13 0.475597 0.540890 0.037383 0.189383
13 0.139148 0.248924 0.010384 0.314204
13 0.593458 0.690100 0.050883 0.014347
13 0.419522 0.736729 0.097612 0.098996
11 0.358255 0.767755 0.024922 0.032927
13 0.419522 0.881636 0.097612 0.087518
11 0.353508 0.923551 0.036493 0.036585
13 0.645379 0.653802 0.352025 0.428407
