8 0.270017 0.061667 0.480033 0.083333
8 0.270017 0.159500 0.480033 0.096333
8 0.270017 0.256800 0.480033 0.078933
0 0.055000 0.061667 0.010000 0.010000
3 0.091667 0.061667 0.033333 0.026667
1 0.128333 0.061667 0.010000 0.010000
3 0.165000 0.061667 0.033333 0.026667
3 0.213333 0.061667 0.033333 0.026667
3 0.265333 0.061667 0.033333 0.026667
1 0.305667 0.061667 0.010000 0.010000
3 0.346000 0.061667 0.033333 0.026667
3 0.398000 0.061667 0.033333 0.026667
2 0.438000 0.061667 0.009333 0.009333
0 0.055000 0.167000 0.010000 0.010000
3 0.091857 0.167000 0.033333 0.026667
3 0.140381 0.167000 0.033333 0.026667
3 0.188905 0.167000 0.033333 0.026667
3 0.237429 0.167000 0.033333 0.026667
3 0.285952 0.167000 0.033333 0.026667
3 0.359667 0.167333 0.033333 0.026667
1 0.322810 0.167333 0.010000 0.010000
3 0.452000 0.187333 0.033333 0.026667
2 0.493667 0.187333 0.009333 0.009333
1 0.415000 0.187333 0.010000 0.010000
3 0.452000 0.145667 0.033333 0.026667
1 0.415000 0.145667 0.010000 0.010000
0 0.055000 0.257333 0.010000 0.010000
3 0.091667 0.257333 0.033333 0.026667
3 0.140000 0.257333 0.033333 0.026667
3 0.188333 0.257333 0.033333 0.026667
2 0.224667 0.257333 0.009333 0.009333
