8 0.499877 0.135365 0.992405 0.261971
8 0.403644 0.499963 0.799939 0.438029
8 0.405726 0.862664 0.799939 0.266788
3 0.126148 0.095620 0.061237 0.058394
1 0.193509 0.095620 0.018371 0.021898
3 0.260870 0.095620 0.061237 0.058394
1 0.343539 0.095620 0.018371 0.021898
3 0.410900 0.095620 0.061237 0.058394
1 0.493570 0.095620 0.018371 0.021898
3 0.560931 0.095620 0.061237 0.058394
1 0.628291 0.095620 0.018371 0.021898
3 0.695652 0.095620 0.061237 0.058394
1 0.778720 0.095620 0.018371 0.021898
3 0.861788 0.095620 0.061237 0.058394
3 0.950582 0.095620 0.061237 0.058394
3 0.950582 0.186861 0.061237 0.058394
2 0.861788 0.186861 0.017146 0.020438
0 0.058788 0.095620 0.018371 0.021898
0 0.058788 0.390438 0.018371 0.021898
3 0.126148 0.390438 0.061237 0.058394
3 0.260870 0.390438 0.061237 0.058394
1 0.328230 0.390438 0.018371 0.021898
3 0.395591 0.390438 0.061237 0.058394
3 0.530312 0.390438 0.061237 0.058394
5 0.459890 0.390438 0.024495 0.029197
3 0.530312 0.467080 0.061237 0.058394
5 0.600735 0.390438 0.024495 0.029197
3 0.080710 0.562920 0.061237 0.058394
3 0.216779 0.562920 0.061237 0.058394
1 0.336497 0.563029 0.018371 0.021898
3 0.403858 0.563029 0.061237 0.058394
1 0.336497 0.636022 0.018371 0.021898
3 0.403552 0.636022 0.061237 0.058394
2 0.470606 0.563029 0.017146 0.020438
1 0.149878 0.563193 0.018371 0.021898
1 0.193509 0.390438 0.018371 0.021898
0 0.070759 0.847117 0.018371 0.021898
3 0.138120 0.847117 0.061237 0.058394
1 0.205481 0.847117 0.018371 0.021898
3 0.272841 0.847117 0.061237 0.058394
1 0.340202 0.847117 0.018371 0.021898
3 0.407563 0.847117 0.061237 0.058394
2 0.474311 0.847117 0.017146 0.020438
12 0.081751 0.095620 0.030006 0.007299
12 0.170545 0.095620 0.030006 0.007299
12 0.216473 0.095620 0.030006 0.007299
12 0.159829 0.252153 0.204532 0.257591
12 0.081751 0.390438 0.030006 0.007299
12 0.170545 0.390438 0.030006 0.007299
12 0.216473 0.390438 0.030006 0.007299
12 0.312921 0.095620 0.045315 0.007299
12 0.366503 0.095620 0.030006 0.007299
12 0.325679 0.243029 0.152480 0.239343
12 0.346091 0.243029 0.152480 0.239343
12 0.305266 0.390438 0.030006 0.007299
12 0.351194 0.390438 0.030006 0.007299
12 0.462952 0.095620 0.045315 0.007299
12 0.436926 0.390671 0.023882 0.007299
12 0.485915 0.390669 0.030006 0.007299
12 0.479945 0.436058 0.041947 0.064964
12 0.574709 0.390667 0.030006 0.007299
12 0.580986 0.436058 0.042560 0.064964
12 0.357563 0.462263 0.556154 0.145839
12 0.516534 0.095620 0.030006 0.007299
12 0.540518 0.243029 0.022862 0.239343
12 0.605328 0.095620 0.030006 0.007299
12 0.126010 0.563279 0.031813 0.007299
12 0.172612 0.563287 0.029547 0.007299
12 0.070759 0.714142 0.006124 0.246971
12 0.093723 0.847117 0.030006 0.007299
12 0.182517 0.847117 0.030006 0.007299
12 0.228445 0.847117 0.030006 0.007299
12 0.317238 0.847117 0.030006 0.007299
12 0.363166 0.847117 0.030006 0.007299
12 0.278720 0.696031 0.260135 0.246697
12 0.509083 0.288650 0.065319 0.330584
12 0.261329 0.563286 0.030312 0.007299
12 0.313533 0.563201 0.030006 0.007299
12 0.359461 0.563029 0.030006 0.007299
12 0.307563 0.606880 0.041947 0.061424
12 0.359308 0.636022 0.029700 0.007299
12 0.342345 0.631131 0.124862 0.122993
12 0.448255 0.563029 0.030006 0.007299
12 0.439069 0.320146 0.447030 0.430073
12 0.651255 0.095620 0.030006 0.007299
12 0.747903 0.095620 0.045713 0.007299
12 0.809538 0.095620 0.045713 0.007299
12 0.906185 0.095620 0.030006 0.007299
12 0.950582 0.141241 0.006124 0.035766
12 0.895162 0.186861 0.052051 0.007299
12 0.451960 0.847117 0.030006 0.007299
12 0.640478 0.336624 0.414452 0.426533
