8 0.500000 0.163342 0.988743 0.311721
8 0.500000 0.470698 0.988743 0.253117
8 0.500000 0.836658 0.988743 0.311721
0 0.075985 0.063591 0.028143 0.037406
3 0.179174 0.063591 0.093809 0.099751
3 0.315197 0.063591 0.093809 0.099751
3 0.451220 0.063591 0.093809 0.099751
3 0.221388 0.418953 0.093809 0.099751
1 0.329268 0.418953 0.028143 0.037406
3 0.449343 0.418953 0.093809 0.099751
3 0.727955 0.418953 0.093809 0.099751
3 0.587242 0.418953 0.093809 0.099751
0 0.118199 0.418953 0.028143 0.037406
3 0.863977 0.418953 0.093809 0.099751
0 0.807692 0.736908 0.028143 0.037406
3 0.910882 0.736908 0.093809 0.099751
12 0.111163 0.063591 0.045966 0.012469
12 0.247186 0.063591 0.045966 0.012469
12 0.153377 0.418953 0.045966 0.012469
12 0.383208 0.063591 0.045966 0.012469
12 0.291745 0.418953 0.050657 0.012469
12 0.372889 0.418646 0.062852 0.012469
12 0.657598 0.418953 0.050657 0.012469
12 0.518293 0.418953 0.047842 0.012469
12 0.795966 0.418953 0.045966 0.012469
12 0.842871 0.736908 0.045966 0.012469
