8 0.305783 0.059417 0.521567 0.088833
8 0.305783 0.155000 0.521567 0.083333
8 0.305783 0.256083 0.521567 0.088833
0 0.065500 0.056667 0.010000 0.010000
3 0.104667 0.056667 0.033333 0.026667
1 0.143833 0.056667 0.010000 0.010000
3 0.187167 0.056667 0.033333 0.026667
3 0.267400 0.056667 0.033333 0.026667
1 0.402633 0.056667 0.010000 0.010000
3 0.438467 0.056667 0.033333 0.026667
3 0.486800 0.056667 0.033333 0.026667
2 0.538300 0.056667 0.009333 0.009333
3 0.365967 0.056667 0.033333 0.026667
0 0.071000 0.155000 0.010000 0.010000
3 0.107667 0.155000 0.033333 0.026667
3 0.156000 0.155000 0.033333 0.026667
1 0.219067 0.155000 0.010000 0.010000
3 0.255733 0.155000 0.033333 0.026667
1 0.348133 0.155000 0.010000 0.010000
3 0.384800 0.155000 0.033333 0.026667
1 0.421467 0.180000 0.010000 0.010000
3 0.486800 0.180000 0.033333 0.026667
1 0.421467 0.126667 0.010000 0.010000
3 0.458133 0.126667 0.033333 0.026667
2 0.551800 0.180000 0.009333 0.009333
3 0.304067 0.155000 0.033333 0.026667
0 0.065500 0.256000 0.010000 0.010000
3 0.122400 0.256000 0.033333 0.026667
3 0.170733 0.256000 0.033333 0.026667
2 0.267400 0.256000 0.009333 0.009333
3 0.219067 0.256000 0.033333 0.026667
