8 0.450806 0.150428 0.895543 0.288009
8 0.500000 0.489829 0.993930 0.335118
8 0.434648 0.849572 0.863227 0.288009
0 0.040971 0.140257 0.015175 0.032120
3 0.096611 0.140257 0.050582 0.085653
3 0.169954 0.140257 0.050582 0.085653
3 0.326758 0.140257 0.050582 0.085653
3 0.491148 0.140257 0.050582 0.085653
1 0.551846 0.140257 0.015175 0.032120
3 0.607486 0.140257 0.050582 0.085653
3 0.792109 0.140257 0.050582 0.085653
2 0.857360 0.140257 0.014163 0.029979
3 0.690946 0.140257 0.050582 0.085653
1 0.243298 0.140257 0.015175 0.032120
3 0.410218 0.140257 0.050582 0.085653
0 0.038442 0.456103 0.015175 0.032120
3 0.104198 0.456103 0.050582 0.085653
3 0.177542 0.456103 0.050582 0.085653
3 0.250885 0.456103 0.050582 0.085653
1 0.321700 0.456103 0.015175 0.032120
3 0.397572 0.456103 0.050582 0.085653
1 0.544259 0.456103 0.015175 0.032120
3 0.470916 0.456103 0.050582 0.085653
3 0.610015 0.456103 0.050582 0.085653
2 0.920587 0.370450 0.014163 0.029979
3 0.828781 0.563169 0.050582 0.085653
1 0.756702 0.370450 0.015175 0.032120
3 0.832575 0.370450 0.050582 0.085653
1 0.675771 0.456103 0.015175 0.032120
1 0.761760 0.563169 0.015175 0.032120
0 0.038442 0.850107 0.015175 0.032120
3 0.104198 0.850107 0.050582 0.085653
3 0.177542 0.850107 0.050582 0.085653
3 0.334345 0.850107 0.050582 0.085653
2 0.500253 0.850107 0.014163 0.029979
13 0.059939 0.140257 0.024785 0.010707
13 0.133283 0.140257 0.024785 0.010707
13 0.062468 0.456103 0.034901 0.010707
13 0.140870 0.456103 0.024785 0.010707
13 0.214213 0.456103 0.024785 0.010707
13 0.062468 0.850107 0.034901 0.010707
13 0.140870 0.850107 0.024785 0.010707
13 0.295144 0.456103 0.039960 0.010707
13 0.350784 0.456103 0.045018 0.010707
13 0.218007 0.666488 0.361153 0.339400
13 0.255943 0.850107 0.108245 0.010707
13 0.423145 0.850107 0.129041 0.010707
13 0.434244 0.456103 0.024785 0.010707
13 0.516439 0.456103 0.042489 0.010707
13 0.568285 0.456103 0.034901 0.010707
13 0.530349 0.140257 0.029843 0.010707
13 0.570814 0.140257 0.024785 0.010707
13 0.833839 0.140257 0.034901 0.010707
13 0.580931 0.284797 0.060192 0.261242
13 0.649216 0.140257 0.034901 0.010707
13 0.741528 0.140257 0.052605 0.010707
13 0.215478 0.140257 0.042489 0.010707
13 0.276176 0.140257 0.052605 0.010707
13 0.368488 0.140257 0.034901 0.010707
13 0.450683 0.140257 0.032372 0.010707
13 0.182600 0.311563 0.290339 0.261242
13 0.293880 0.298180 0.234699 0.234475
13 0.785787 0.370450 0.045018 0.010707
13 0.651745 0.456103 0.034901 0.010707
13 0.716237 0.413276 0.067779 0.089936
13 0.786419 0.563169 0.036166 0.010707
13 0.752276 0.556745 0.155033 0.173448
13 0.885685 0.370450 0.057663 0.010707
13 0.299949 0.298180 0.237734 0.234475
13 0.718766 0.509636 0.072838 0.111349
13 0.439302 0.639722 0.211937 0.339400
11 0.010420 0.150428 0.007081 0.027846
11 0.040823 0.164775 0.018925 0.012848
11 0.097289 0.139829 0.040829 0.030407
11 0.169954 0.139829 0.040650 0.014989
11 0.327519 0.139829 0.030033 0.030407
11 0.491826 0.139829 0.034419 0.030407
11 0.552573 0.178908 0.045966 0.041113
11 0.607486 0.139829 0.043027 0.014989
11 0.792109 0.139829 0.016362 0.014989
11 0.857172 0.163704 0.036043 0.012848
11 0.690946 0.139829 0.033573 0.014989
11 0.243551 0.164775 0.031866 0.012848
11 0.410979 0.139829 0.030033 0.030407
11 0.010420 0.489829 0.007081 0.069993
11 0.039059 0.487687 0.027535 0.026981
11 0.105043 0.455675 0.041161 0.045824
11 0.177542 0.455675 0.040650 0.014989
11 0.250885 0.455675 0.025810 0.030407
11 0.322316 0.487687 0.038663 0.026981
11 0.397572 0.455675 0.030526 0.030407
11 0.545251 0.420236 0.041437 0.026981
11 0.470916 0.455675 0.040653 0.045824
11 0.610015 0.455675 0.024462 0.030407
11 0.921203 0.347430 0.027535 0.026981
11 0.829034 0.562741 0.036942 0.014989
11 0.756659 0.334582 0.027227 0.026981
11 0.832575 0.370021 0.026830 0.030407
11 0.010420 0.849572 0.007081 0.029634
11 0.039059 0.881692 0.027535 0.026981
11 0.104198 0.849679 0.029016 0.030407
11 0.177542 0.849679 0.032894 0.030407
11 0.335108 0.849679 0.035605 0.030407
11 0.500869 0.880621 0.027535 0.026981
