8 0.499907 0.170174 0.994469 0.329369
8 0.499907 0.550320 0.994469 0.394328
8 0.499907 0.880146 0.994469 0.228728
0 0.029399 0.119854 0.013363 0.027447
3 0.078396 0.119854 0.044543 0.073193
3 0.196437 0.120135 0.044543 0.073193
3 0.343430 0.119854 0.044543 0.073193
3 0.751893 0.119854 0.044543 0.073193
1 0.535412 0.119854 0.013363 0.027447
2 0.961577 0.119854 0.012472 0.025618
3 0.832071 0.119854 0.044543 0.073193
1 0.687751 0.120135 0.013363 0.027447
1 0.687751 0.240622 0.013363 0.027447
1 0.137417 0.119994 0.013363 0.027447
3 0.278842 0.119977 0.044543 0.073193
3 0.896659 0.120135 0.044543 0.073193
1 0.036080 0.607502 0.013363 0.027447
3 0.085078 0.607502 0.044543 0.073193
3 0.149666 0.607502 0.044543 0.073193
3 0.214254 0.607502 0.044543 0.073193
3 0.278842 0.607502 0.044543 0.073193
3 0.343430 0.607502 0.044543 0.073193
1 0.468820 0.607502 0.013363 0.027447
3 0.535412 0.607502 0.044543 0.073193
1 0.764811 0.607502 0.013363 0.027447
1 0.623163 0.412626 0.013363 0.027447
3 0.687751 0.412626 0.044543 0.073193
1 0.736303 0.485819 0.013363 0.027447
3 0.832071 0.607502 0.044543 0.073193
2 0.880624 0.607502 0.012472 0.025618
3 0.408018 0.607502 0.044543 0.073193
0 0.196437 0.880146 0.013363 0.027447
3 0.278842 0.880146 0.044543 0.073193
3 0.343430 0.880146 0.044543 0.073193
3 0.408018 0.880146 0.044543 0.073193
2 0.456570 0.880146 0.012472 0.025618
12 0.046102 0.119854 0.021826 0.009149
12 0.115702 0.119943 0.031849 0.009149
12 0.052784 0.607502 0.021826 0.009149
12 0.116258 0.375255 0.162138 0.440706
12 0.117372 0.607502 0.021826 0.009149
12 0.181960 0.607502 0.021826 0.009149
12 0.246548 0.607502 0.021826 0.009149
12 0.311136 0.607502 0.021826 0.009149
12 0.343430 0.363678 0.004454 0.418115
12 0.229844 0.880146 0.055234 0.009149
12 0.311136 0.880146 0.021826 0.009149
12 0.375724 0.880146 0.021826 0.009149
12 0.375724 0.607502 0.021826 0.009149
12 0.237639 0.120056 0.039644 0.009149
12 0.494321 0.607502 0.039421 0.009149
12 0.535412 0.352242 0.004454 0.440988
12 0.557906 0.120071 0.033408 0.009149
12 0.565702 0.607794 0.017817 0.009149
12 0.674833 0.607502 0.168374 0.009149
12 0.599666 0.500915 0.035412 0.180238
12 0.647661 0.412626 0.037416 0.009149
12 0.732962 0.412893 0.047661 0.009149
12 0.754009 0.458371 0.023831 0.058554
12 0.708686 0.467521 0.043653 0.040256
12 0.764920 0.512351 0.004454 0.166514
12 0.790646 0.607502 0.040089 0.009149
12 0.832071 0.363678 0.004454 0.418115
12 0.791982 0.119854 0.037416 0.009149
12 0.864365 0.607502 0.021826 0.009149
12 0.636303 0.120221 0.091314 0.009149
12 0.712027 0.120029 0.036971 0.009149
12 0.631960 0.189387 0.100000 0.106130
12 0.687751 0.315188 0.004454 0.125343
12 0.712027 0.180238 0.036971 0.124428
12 0.447216 0.119854 0.164811 0.009149
12 0.446214 0.607502 0.033630 0.009149
12 0.302227 0.755261 0.213363 0.225984
12 0.159131 0.120046 0.031848 0.009149
12 0.311136 0.119915 0.021826 0.009149
12 0.246548 0.363740 0.066370 0.417992
12 0.440312 0.880146 0.021826 0.009149
12 0.438419 0.732388 0.062584 0.225984
12 0.937136 0.119960 0.038192 0.009149
12 0.864365 0.119994 0.021826 0.009149
12 0.246548 0.363740 0.021826 0.491185
