8 0.500000 0.156699 0.993827 0.299043
8 0.500000 0.505383 0.993827 0.314593
8 0.416152 0.858852 0.826132 0.267943
0 0.049383 0.156699 0.015432 0.035885
3 0.113683 0.156699 0.051440 0.095694
1 0.165123 0.156699 0.015432 0.035885
1 0.306584 0.156699 0.015432 0.035885
1 0.381173 0.156699 0.015432 0.035885
1 0.630658 0.156699 0.015432 0.035885
3 0.831276 0.156699 0.051440 0.095694
3 0.908436 0.156699 0.051440 0.095694
2 0.967078 0.156699 0.014403 0.033493
0 0.165123 0.497608 0.015432 0.035885
3 0.237140 0.497608 0.051440 0.095694
3 0.306584 0.497608 0.051440 0.095694
1 0.381173 0.497608 0.015432 0.035885
1 0.442901 0.497608 0.015432 0.035885
1 0.565844 0.497608 0.015432 0.035885
3 0.630658 0.497608 0.051440 0.095694
1 0.844136 0.419856 0.015432 0.035885
1 0.844136 0.581340 0.015432 0.035885
3 0.908436 0.581340 0.051440 0.095694
2 0.908436 0.419856 0.014403 0.033493
0 0.442901 0.858852 0.015432 0.035885
3 0.507202 0.858852 0.051440 0.095694
2 0.565844 0.858852 0.014403 0.033493
13 0.072531 0.156699 0.032922 0.011962
13 0.148405 0.156699 0.020062 0.011962
13 0.165123 0.327153 0.005144 0.309809
13 0.192130 0.497608 0.040638 0.011962
13 0.271862 0.497608 0.020062 0.011962
13 0.235854 0.156699 0.128086 0.011962
13 0.306584 0.312201 0.005144 0.279904
13 0.352881 0.497608 0.043210 0.011962
13 0.343879 0.156699 0.061214 0.011962
13 0.381173 0.327153 0.005144 0.309809
13 0.412037 0.497608 0.048354 0.011962
13 0.442901 0.678230 0.005144 0.330144
13 0.466049 0.858852 0.032922 0.011962
13 0.545782 0.858852 0.027778 0.011962
13 0.565844 0.678828 0.005144 0.331340
13 0.589249 0.497608 0.033436 0.011962
13 0.630658 0.312201 0.005144 0.279904
13 0.505916 0.156699 0.236111 0.011962
13 0.721965 0.156699 0.169239 0.011962
13 0.844136 0.303230 0.005144 0.202153
13 0.688529 0.497608 0.066358 0.011962
13 0.867284 0.581340 0.032922 0.011962
13 0.876543 0.419856 0.051440 0.011962
13 0.869856 0.156699 0.027778 0.011962
13 0.947016 0.156699 0.027778 0.011962
13 0.824846 0.515849 0.169239 0.040072
13 0.783822 0.446770 0.107253 0.058612
13 0.783822 0.551435 0.107253 0.064593
11 0.010597 0.156699 0.007202 0.041896
11 0.049162 0.184091 0.020134 0.014354
11 0.113683 0.156220 0.041340 0.016746
11 0.178610 0.133373 0.028003 0.030144
11 0.381663 0.123086 0.046248 0.014354
11 0.631183 0.123086 0.036028 0.014354
11 0.831276 0.156220 0.042385 0.033971
11 0.908436 0.156220 0.017324 0.016746
11 0.010597 0.505383 0.007202 0.078197
11 0.159021 0.534091 0.028947 0.030144
11 0.237999 0.497129 0.041860 0.051196
11 0.306584 0.497129 0.041340 0.016746
11 0.380920 0.532895 0.032415 0.030144
11 0.630658 0.497129 0.024877 0.033971
11 0.721567 0.469498 0.029554 0.030144
11 0.908436 0.580861 0.042383 0.016746
11 0.775957 0.410885 0.036482 0.030144
11 0.770657 0.564474 0.024852 0.014354
11 0.010597 0.858852 0.007202 0.033107
11 0.442972 0.894139 0.028947 0.030144
11 0.507202 0.858373 0.029509 0.033971
11 0.299552 0.290550 0.022971 0.014354
11 0.558767 0.639833 0.035229 0.014354
11 0.836815 0.226675 0.045030 0.030144
