8 0.496929 0.161124 0.989251 0.308486
8 0.500000 0.511468 0.995393 0.286697
8 0.500000 0.849771 0.995393 0.286697
0 0.042610 0.150229 0.011516 0.034404
3 0.136660 0.150229 0.038388 0.091743
3 0.084837 0.150229 0.038388 0.091743
1 0.178887 0.150229 0.011516 0.034404
3 0.324760 0.150229 0.038388 0.091743
3 0.221113 0.150229 0.038388 0.091743
3 0.436084 0.150229 0.038388 0.091743
1 0.695202 0.150229 0.011516 0.034404
3 0.770058 0.150229 0.038388 0.091743
3 0.827639 0.150229 0.038388 0.091743
2 0.873321 0.150229 0.010749 0.032110
3 0.263340 0.451261 0.038388 0.091743
3 0.324760 0.451261 0.038388 0.091743
3 0.380422 0.451261 0.038388 0.091743
3 0.436084 0.451261 0.038388 0.091743
3 0.695202 0.451261 0.038388 0.091743
1 0.770058 0.451261 0.011516 0.034404
1 0.770058 0.511468 0.011516 0.034404
3 0.821881 0.511468 0.038388 0.091743
2 0.873321 0.451261 0.010749 0.032110
0 0.221113 0.451261 0.011516 0.034404
3 0.491747 0.451261 0.038388 0.091743
1 0.645298 0.451261 0.011516 0.034404
0 0.491747 0.849771 0.011516 0.034404
3 0.533973 0.849771 0.038388 0.091743
3 0.589635 0.849771 0.038388 0.091743
3 0.645298 0.849771 0.038388 0.091743
2 0.687140 0.849771 0.010749 0.032110
12 0.221113 0.315080 0.003839 0.242546
12 0.057006 0.150229 0.018810 0.011468
12 0.110749 0.150229 0.014971 0.011468
12 0.164491 0.150229 0.018810 0.011468
12 0.193282 0.150229 0.018810 0.011468
12 0.235509 0.451261 0.018810 0.011468
12 0.294050 0.451261 0.024568 0.011468
12 0.272937 0.150229 0.066795 0.011468
12 0.380422 0.150229 0.074472 0.011468
12 0.352591 0.451261 0.018810 0.011468
12 0.408253 0.451261 0.018810 0.011468
12 0.491747 0.664851 0.003839 0.340023
12 0.506142 0.849771 0.018810 0.011468
12 0.575240 0.451261 0.130134 0.011468
12 0.572361 0.150229 0.235701 0.011468
12 0.663532 0.451261 0.026488 0.011468
12 0.723033 0.451621 0.018810 0.011468
12 0.755662 0.451532 0.018810 0.011468
12 0.751919 0.492833 0.026296 0.041858
12 0.789251 0.511468 0.028407 0.011468
12 0.796065 0.531250 0.114587 0.118693
12 0.725912 0.150229 0.051440 0.011468
12 0.798848 0.150229 0.020729 0.011468
12 0.857390 0.150229 0.022649 0.011468
12 0.673129 0.849771 0.018810 0.011468
12 0.821881 0.451261 0.093666 0.011468
12 0.561804 0.849771 0.018810 0.011468
12 0.645298 0.636181 0.003839 0.340023
12 0.695202 0.286411 0.003839 0.242546
12 0.318362 0.282110 0.003839 0.176606
12 0.463916 0.451261 0.018810 0.011468
12 0.436084 0.282110 0.003839 0.176606
12 0.324760 0.300745 0.003839 0.213876
12 0.770058 0.282110 0.003839 0.176606
12 0.617466 0.849771 0.018810 0.011468
