8 0.290888 0.071667 0.571777 0.083333
8 0.290888 0.176552 0.571777 0.113103
8 0.290888 0.292437 0.571777 0.088667
0 0.038416 0.071667 0.010000 0.010000
3 0.080083 0.071667 0.033333 0.026667
3 0.181732 0.071667 0.033333 0.026667
3 0.234061 0.071667 0.033333 0.026667
3 0.527277 0.071667 0.033333 0.026667
3 0.475177 0.071667 0.033333 0.026667
1 0.371207 0.071667 0.010000 0.010000
2 0.563610 0.071667 0.009333 0.009333
1 0.130907 0.071667 0.010000 0.010000
3 0.287763 0.071667 0.033333 0.026667
0 0.038416 0.161667 0.010000 0.010000
3 0.130907 0.161667 0.033333 0.026667
3 0.287763 0.161667 0.033333 0.026667
1 0.336096 0.161667 0.010000 0.010000
3 0.371207 0.161667 0.033333 0.026667
3 0.475177 0.161667 0.033333 0.026667
2 0.511510 0.161667 0.009333 0.009333
3 0.080083 0.161667 0.033333 0.026667
3 0.181732 0.161667 0.033333 0.026667
3 0.234061 0.161667 0.033333 0.026667
1 0.437644 0.161667 0.010000 0.010000
1 0.437644 0.207385 0.010000 0.010000
3 0.475177 0.207385 0.033333 0.026667
0 0.038416 0.292437 0.010000 0.010000
3 0.080083 0.292437 0.033333 0.026667
3 0.130907 0.292437 0.033333 0.026667
3 0.336096 0.292437 0.033333 0.026667
2 0.383207 0.292437 0.009333 0.009333
