8 0.372283 0.081000 0.674567 0.072000
8 0.372283 0.168383 0.674567 0.083432
8 0.372283 0.241333 0.674567 0.038000
0 0.060000 0.064000 0.010000 0.010000
3 0.133667 0.064000 0.033333 0.026667
3 0.193667 0.064000 0.033333 0.026667
3 0.092000 0.064000 0.033333 0.026667
3 0.242000 0.064000 0.033333 0.026667
3 0.338667 0.064000 0.033333 0.026667
1 0.459667 0.090667 0.010000 0.010000
3 0.612067 0.064000 0.033333 0.026667
3 0.660667 0.064000 0.033333 0.026667
2 0.697000 0.064000 0.009333 0.009333
1 0.484667 0.064000 0.010000 0.010000
4 0.519000 0.064000 0.013333 0.013333
3 0.563000 0.064100 0.033333 0.026667
1 0.163667 0.064000 0.010000 0.010000
0 0.163667 0.145667 0.010000 0.010000
3 0.193667 0.145667 0.033333 0.026667
3 0.242000 0.145667 0.033333 0.026667
3 0.290333 0.145667 0.033333 0.026667
3 0.338667 0.145667 0.033333 0.026667
3 0.387000 0.145667 0.033333 0.026667
3 0.459667 0.145667 0.033333 0.026667
1 0.423667 0.145667 0.010000 0.010000
1 0.563000 0.145667 0.010000 0.010000
3 0.599667 0.145667 0.033333 0.026667
1 0.515167 0.179000 0.010000 0.010000
3 0.551333 0.179000 0.033333 0.026667
2 0.636000 0.145667 0.009333 0.009333
0 0.345333 0.241333 0.010000 0.010000
3 0.382000 0.241333 0.033333 0.026667
3 0.423667 0.241333 0.033333 0.026667
3 0.467000 0.241333 0.033333 0.026667
2 0.503333 0.241333 0.009333 0.009333
