8 0.497492 0.160857 0.989958 0.307629
8 0.500027 0.507101 0.995027 0.307629
8 0.500027 0.846244 0.995027 0.293427
0 0.032677 0.153756 0.012568 0.035211
3 0.078760 0.153756 0.041894 0.093897
3 0.139506 0.153756 0.041894 0.093897
3 0.237746 0.153756 0.041894 0.093897
3 0.344575 0.153756 0.041894 0.093897
1 0.466066 0.153756 0.012568 0.035211
1 0.618978 0.153756 0.012568 0.035211
3 0.711144 0.153756 0.041894 0.093897
1 0.191768 0.153756 0.012568 0.035211
1 0.820297 0.153756 0.012568 0.035211
2 0.865961 0.153756 0.011730 0.032864
0 0.237746 0.500000 0.012568 0.035211
3 0.283829 0.500000 0.041894 0.093897
3 0.344575 0.500000 0.041894 0.093897
3 0.405320 0.500000 0.041894 0.093897
3 0.466066 0.500000 0.041894 0.093897
1 0.572895 0.500000 0.012568 0.035211
3 0.618978 0.500000 0.041894 0.093897
1 0.711144 0.565493 0.012568 0.035211
1 0.711144 0.450117 0.012568 0.035211
3 0.757227 0.565493 0.041894 0.093897
3 0.820297 0.450117 0.041894 0.093897
2 0.872128 0.450117 0.011730 0.032864
0 0.466066 0.846244 0.012568 0.035211
3 0.512149 0.846244 0.041894 0.093897
3 0.572895 0.846244 0.041894 0.093897
2 0.711144 0.846244 0.011730 0.032864
3 0.633641 0.846244 0.041894 0.093897
12 0.048387 0.153756 0.020528 0.011737
12 0.109133 0.153756 0.020528 0.011737
12 0.172968 0.153756 0.026707 0.011737
12 0.207426 0.153756 0.020423 0.011737
12 0.237746 0.341549 0.004189 0.286385
12 0.253456 0.500000 0.020528 0.011737
12 0.291160 0.153756 0.066611 0.011737
12 0.314202 0.500000 0.020528 0.011737
12 0.351557 0.326878 0.004189 0.257042
12 0.337593 0.326878 0.004189 0.257042
12 0.374948 0.500000 0.020528 0.011737
12 0.435693 0.500000 0.020528 0.011737
12 0.412652 0.153756 0.095936 0.011737
12 0.466066 0.312207 0.004189 0.286385
12 0.466066 0.687793 0.004189 0.286385
12 0.481776 0.846244 0.020528 0.011737
12 0.542522 0.846244 0.020528 0.011737
12 0.588605 0.500000 0.020528 0.011737
12 0.618978 0.312207 0.004189 0.286385
12 0.657729 0.153756 0.066611 0.011737
12 0.711144 0.316608 0.004189 0.236502
12 0.726854 0.565493 0.020528 0.011737
12 0.853754 0.450117 0.026695 0.011737
12 0.526812 0.500000 0.081274 0.011737
12 0.758389 0.450117 0.083599 0.011737
12 0.649403 0.500367 0.020633 0.011737
12 0.686165 0.463322 0.039066 0.031103
12 0.686165 0.544484 0.039066 0.046714
12 0.716433 0.509566 0.083264 0.022653
12 0.603268 0.846244 0.020528 0.011737
12 0.679933 0.846244 0.052367 0.011737
12 0.603268 0.658451 0.062421 0.286385
12 0.542522 0.153756 0.142019 0.011737
12 0.773052 0.153756 0.083599 0.011737
12 0.820297 0.287265 0.004189 0.236502
12 0.843339 0.153756 0.035191 0.011737
