8 0.501695 0.107730 0.989387 0.205592
8 0.482342 0.534347 0.957682 0.330208
8 0.204186 0.892323 0.400300 0.205592
0 0.068261 0.107730 0.017503 0.024671
3 0.132439 0.107730 0.058343 0.065789
3 0.217036 0.107730 0.058343 0.065789
3 0.301634 0.107730 0.058343 0.065789
3 0.386231 0.107730 0.058343 0.065789
3 0.470828 0.107730 0.058343 0.065789
3 0.555426 0.107730 0.058343 0.065789
3 0.640023 0.107730 0.058343 0.065789
1 0.704201 0.107730 0.017503 0.024671
3 0.820303 0.107730 0.058343 0.065789
3 0.904901 0.107730 0.058343 0.065789
2 0.968495 0.107730 0.016336 0.023026
0 0.056009 0.537829 0.017503 0.024671
3 0.120187 0.537829 0.058343 0.065789
3 0.204784 0.537829 0.058343 0.065789
3 0.289382 0.537829 0.058343 0.065789
3 0.373979 0.537829 0.058343 0.065789
1 0.438156 0.537829 0.017503 0.024671
3 0.502334 0.537829 0.058343 0.065789
1 0.690981 0.453725 0.017503 0.024671
4 0.566511 0.537829 0.023337 0.032895
3 0.750292 0.453725 0.058343 0.065789
2 0.895566 0.631752 0.016336 0.023026
3 0.831972 0.631752 0.058343 0.065789
0 0.069447 0.892323 0.017503 0.024671
3 0.133624 0.892323 0.058343 0.065789
3 0.218222 0.892323 0.058343 0.065789
3 0.302819 0.892323 0.058343 0.065789
2 0.366413 0.892323 0.016336 0.023026
13 0.090140 0.107730 0.028588 0.008224
13 0.174737 0.107730 0.028588 0.008224
13 0.259335 0.107730 0.028588 0.008224
13 0.343932 0.107730 0.028588 0.008224
13 0.428530 0.107730 0.028588 0.008224
13 0.263419 0.333059 0.417153 0.388158
13 0.077888 0.537829 0.028588 0.008224
13 0.513127 0.107730 0.028588 0.008224
13 0.162485 0.537829 0.028588 0.008224
13 0.380105 0.322780 0.352975 0.367599
13 0.247083 0.537829 0.028588 0.008224
13 0.464702 0.322780 0.352975 0.367599
13 0.597725 0.107730 0.028588 0.008224
13 0.331680 0.537829 0.028588 0.008224
13 0.091326 0.892323 0.028588 0.008224
13 0.175923 0.892323 0.028588 0.008224
13 0.260520 0.892323 0.028588 0.008224
13 0.345118 0.892323 0.028588 0.008224
13 0.416278 0.537829 0.028588 0.008224
13 0.460035 0.537829 0.028588 0.008224
13 0.682322 0.107730 0.028588 0.008224
13 0.603267 0.312500 0.204201 0.388158
13 0.727246 0.270448 0.048425 0.304053
13 0.752042 0.107730 0.080513 0.008224
13 0.862602 0.107730 0.028588 0.008224
13 0.947200 0.107730 0.028588 0.008224
13 0.543174 0.538089 0.025671 0.008224
13 0.624516 0.487553 0.117761 0.070947
13 0.710426 0.453725 0.023721 0.008224
13 0.370488 0.704796 0.137671 0.312553
13 0.221713 0.725355 0.306866 0.312553
13 0.874271 0.631752 0.028588 0.008224
13 0.664236 0.512430 0.174446 0.054910
13 0.833917 0.369741 0.005834 0.461522
13 0.818359 0.369741 0.005834 0.461522
13 0.684802 0.593014 0.238331 0.080765
13 0.330513 0.322780 0.422987 0.367599
11 0.015519 0.107730 0.008168 0.021388
11 0.068091 0.126562 0.021829 0.009868
11 0.133221 0.107401 0.036200 0.023355
11 0.217036 0.107401 0.045539 0.011513
11 0.301634 0.107401 0.033665 0.023355
11 0.387111 0.107401 0.048972 0.035197
11 0.471706 0.107401 0.034641 0.023355
11 0.555426 0.107401 0.029385 0.011513
11 0.640023 0.107401 0.033278 0.023355
11 0.821086 0.107401 0.028023 0.023355
11 0.904901 0.107401 0.031906 0.023355
11 0.012019 0.534539 0.008168 0.053761
11 0.120480 0.537500 0.035810 0.023355
11 0.204784 0.537500 0.046888 0.011513
11 0.290259 0.537500 0.045152 0.047039
11 0.374859 0.537500 0.044377 0.035197
11 0.502334 0.537500 0.028215 0.023355
11 0.690773 0.472780 0.017485 0.009868
11 0.750292 0.453618 0.044166 0.011513
11 0.831972 0.631250 0.033671 0.023355
11 0.616682 0.469984 0.043165 0.020724
11 0.614896 0.620806 0.041928 0.009868
11 0.012602 0.892270 0.008168 0.022761
11 0.133606 0.891941 0.033469 0.023355
11 0.219082 0.891941 0.039692 0.035197
11 0.303681 0.891941 0.041068 0.023355
11 0.263528 0.241694 0.029974 0.009868
11 0.331580 0.277549 0.033055 0.020724
