8 0.500112 0.140575 0.993397 0.266241
8 0.460609 0.507987 0.914391 0.266241
8 0.245108 0.867785 0.483390 0.251012
3 0.108646 0.140575 0.056883 0.085197
3 0.191126 0.140575 0.056883 0.085197
3 0.316268 0.140575 0.056883 0.085197
3 0.398749 0.140575 0.056883 0.085197
1 0.631684 0.055378 0.017065 0.031949
3 0.747440 0.140575 0.056883 0.085197
3 0.822241 0.140575 0.056883 0.085197
3 0.904721 0.140575 0.056883 0.085197
2 0.966724 0.140575 0.015927 0.029819
1 0.586177 0.220447 0.017065 0.031949
4 0.674346 0.140575 0.022753 0.042599
0 0.046075 0.140575 0.017065 0.031949
1 0.253697 0.140575 0.017065 0.031949
3 0.481229 0.140575 0.056883 0.085197
0 0.054608 0.507987 0.017065 0.031949
3 0.117179 0.507987 0.056883 0.085197
3 0.324801 0.507987 0.056883 0.085197
3 0.401308 0.507987 0.056883 0.085197
3 0.483788 0.507987 0.056883 0.085197
3 0.648749 0.507987 0.056883 0.085197
1 0.759670 0.561235 0.017065 0.031949
3 0.822241 0.428115 0.056883 0.085197
2 0.884243 0.428115 0.015927 0.029819
3 0.220990 0.507987 0.056883 0.085197
3 0.822241 0.561235 0.056883 0.085197
1 0.546359 0.507987 0.017065 0.031949
1 0.747440 0.428115 0.017065 0.031949
0 0.054608 0.875399 0.017065 0.031949
3 0.117179 0.875399 0.056883 0.085197
3 0.199659 0.875399 0.056883 0.085197
3 0.282139 0.875399 0.056883 0.085197
2 0.344141 0.875399 0.015927 0.029819
12 0.067406 0.140575 0.027873 0.010650
12 0.149886 0.140575 0.027873 0.010650
12 0.232366 0.140575 0.027873 0.010650
12 0.275028 0.140575 0.027873 0.010650
12 0.075939 0.507987 0.027873 0.010650
12 0.357509 0.140575 0.027873 0.010650
12 0.363055 0.507987 0.021900 0.010650
12 0.442548 0.507987 0.027873 0.010650
12 0.075939 0.875399 0.027873 0.010650
12 0.158419 0.875399 0.027873 0.010650
12 0.240899 0.875399 0.027873 0.010650
12 0.525028 0.507987 0.027873 0.010650
12 0.587600 0.507987 0.067691 0.010650
12 0.784841 0.140575 0.020193 0.010650
12 0.822241 0.284345 0.005688 0.206603
12 0.863481 0.140575 0.027873 0.010650
12 0.945961 0.140575 0.027873 0.010650
12 0.863481 0.428115 0.027873 0.010650
12 0.323379 0.875399 0.027873 0.010650
12 0.689989 0.508321 0.027873 0.010650
12 0.726678 0.457401 0.026735 0.062833
12 0.732793 0.545261 0.038965 0.036209
12 0.272895 0.507987 0.049204 0.010650
12 0.781001 0.561235 0.027873 0.010650
12 0.631684 0.268371 0.005688 0.398296
12 0.773891 0.513578 0.098976 0.014377
12 0.576365 0.087327 0.095848 0.068158
12 0.553612 0.191161 0.050341 0.062833
12 0.657423 0.087327 0.036689 0.068158
12 0.634670 0.191161 0.082196 0.062833
12 0.702361 0.140905 0.035552 0.010650
12 0.185438 0.337593 0.263936 0.313099
12 0.169084 0.507987 0.049204 0.010650
12 0.439989 0.140575 0.027873 0.010650
12 0.513794 0.140934 0.010523 0.010650
12 0.414271 0.678381 0.266539 0.313099
12 0.269198 0.705005 0.431456 0.313099
12 0.774886 0.428115 0.040102 0.010650
12 0.702787 0.436102 0.241183 0.403621
12 0.439278 0.324281 0.078214 0.286475
12 0.319350 0.324281 0.180034 0.286475
12 0.300389 0.324281 0.180034 0.286475
