8 0.499905 0.160426 0.992200 0.307028
11 0.010780 0.165925 0.015219 0.062323
8 0.499905 0.490783 0.992200 0.288018
11 0.010780 0.504781 0.015219 0.158641
8 0.499905 0.840150 0.992200 0.307028
11 0.010780 0.845982 0.015219 0.066100
0 0.042803 0.150922 0.019023 0.034562
11 0.042803 0.179219 0.090130 0.026930
3 0.117311 0.150922 0.063412 0.092166
11 0.117311 0.153802 0.053565 0.058756
1 0.191820 0.150922 0.019023 0.034562
11 0.191820 0.179219 0.133178 0.026930
3 0.274255 0.150922 0.063412 0.092166
11 0.274255 0.153802 0.053565 0.058756
3 0.426886 0.150922 0.063412 0.092166
11 0.426886 0.153802 0.053565 0.058756
1 0.684147 0.150922 0.019023 0.034562
11 0.684147 0.179219 0.077351 0.026930
3 0.752314 0.150922 0.063412 0.092166
11 0.752314 0.151210 0.074844 0.029378
3 0.844261 0.150922 0.063412 0.092166
11 0.844261 0.153802 0.051363 0.058756
2 0.942232 0.150922 0.017755 0.032258
11 0.942232 0.178067 0.082059 0.026930
3 0.614394 0.150922 0.063412 0.092166
11 0.614394 0.151210 0.076311 0.029378
0 0.053266 0.490783 0.019023 0.034562
11 0.053266 0.519081 0.090803 0.026930
3 0.123018 0.490783 0.063412 0.092166
11 0.123018 0.498848 0.074844 0.117512
3 0.214965 0.490783 0.063412 0.092166
11 0.214965 0.491071 0.074844 0.029378
1 0.334940 0.490783 0.019023 0.034562
11 0.334940 0.519081 0.062553 0.026930
3 0.404692 0.490783 0.063412 0.092166
11 0.404692 0.493664 0.055032 0.058756
1 0.580469 0.490783 0.019023 0.034562
11 0.580469 0.519081 0.094166 0.026930
3 0.650222 0.490783 0.063412 0.092166
11 0.650222 0.491071 0.079980 0.029378
1 0.719975 0.577189 0.019023 0.034562
11 0.719975 0.605487 0.058518 0.026930
3 0.844261 0.577189 0.063412 0.092166
11 0.844261 0.580069 0.055032 0.058756
1 0.719975 0.392857 0.019023 0.034562
11 0.704756 0.358943 0.046410 0.026930
3 0.789727 0.392857 0.063412 0.092166
11 0.789727 0.393145 0.073376 0.029378
2 0.967914 0.577189 0.017755 0.032258
11 0.967914 0.604335 0.108291 0.026930
3 0.496639 0.490783 0.063412 0.092166
11 0.496639 0.491071 0.087318 0.029378
0 0.042803 0.839862 0.019023 0.034562
11 0.042803 0.868160 0.158065 0.026930
3 0.151046 0.839862 0.063412 0.092166
11 0.151046 0.842742 0.054298 0.058756
3 0.242993 0.839862 0.063412 0.092166
11 0.242993 0.845334 0.060902 0.088134
2 0.426886 0.839862 0.017755 0.032258
11 0.426886 0.867007 0.130487 0.026930
3 0.334940 0.839862 0.063412 0.092166
11 0.334940 0.842742 0.063837 0.058756
13 0.068960 0.150922 0.035828 0.011521
13 0.165663 0.150922 0.035828 0.011521
13 0.221940 0.150922 0.043754 0.011521
13 0.077045 0.490783 0.031072 0.011521
13 0.168992 0.490783 0.031072 0.011521
13 0.350571 0.150922 0.091756 0.011521
13 0.286049 0.490783 0.081294 0.011521
13 0.358719 0.490783 0.031072 0.011521
13 0.085828 0.839862 0.069562 0.011521
13 0.197020 0.839862 0.031072 0.011521
13 0.604249 0.490783 0.031072 0.011521
13 0.707134 0.150922 0.029486 0.011521
13 0.798288 0.150922 0.031072 0.011521
13 0.904661 0.150922 0.059924 0.011521
13 0.743754 0.392857 0.031072 0.011521
13 0.771021 0.577189 0.085606 0.011521
13 0.917502 0.577189 0.085606 0.011521
13 0.520640 0.150922 0.126633 0.011521
13 0.660368 0.150922 0.031072 0.011521
13 0.163760 0.335253 0.223526 0.281106
13 0.514828 0.320853 0.222807 0.252304
13 0.450666 0.490783 0.031072 0.011521
13 0.549651 0.490783 0.045149 0.011521
13 0.269721 0.679724 0.456373 0.290323
13 0.288966 0.839862 0.031072 0.011521
13 0.392327 0.839862 0.053900 0.011521
13 0.457704 0.650922 0.248066 0.290323
13 0.299789 0.316337 0.193321 0.261334
13 0.318814 0.320853 0.189097 0.252304
13 0.694610 0.491148 0.027901 0.011521
13 0.720123 0.438940 0.006341 0.062212
13 0.720124 0.536866 0.006341 0.050691
13 0.761192 0.465150 0.059607 0.057028
13 0.793004 0.364055 0.083915 0.338710
13 0.501617 0.320853 0.228091 0.252304
13 0.811204 0.364240 0.089789 0.338341
13 0.667185 0.306452 0.036462 0.281106
13 0.737234 0.336326 0.044111 0.049381
