8 0.499868 0.145072 0.993012 0.276855
8 0.499868 0.494440 0.993012 0.322213
8 0.499868 0.854882 0.993012 0.276855
0 0.053782 0.145072 0.016807 0.033223
3 0.115406 0.145072 0.056022 0.088594
3 0.196639 0.145072 0.056022 0.088594
3 0.319888 0.145072 0.056022 0.088594
3 0.401120 0.145072 0.056022 0.088594
1 0.462745 0.145072 0.016807 0.033223
1 0.569188 0.145072 0.016807 0.033223
3 0.723810 0.145072 0.056022 0.088594
3 0.805042 0.145072 0.056022 0.088594
2 0.953797 0.145072 0.015686 0.031008
1 0.258263 0.145072 0.016807 0.033223
1 0.619608 0.228128 0.016807 0.033223
4 0.659384 0.145072 0.022409 0.044297
0 0.053782 0.471761 0.016807 0.033223
3 0.132213 0.471761 0.056022 0.088594
1 0.210644 0.471761 0.016807 0.033223
3 0.272269 0.471761 0.056022 0.088594
3 0.353501 0.471761 0.056022 0.088594
3 0.434734 0.471761 0.056022 0.088594
1 0.496359 0.471761 0.016807 0.033223
3 0.557983 0.471761 0.056022 0.088594
1 0.667227 0.394241 0.016807 0.033223
3 0.847619 0.471761 0.056022 0.088594
1 0.667227 0.554817 0.016807 0.033223
3 0.736134 0.554817 0.056022 0.088594
2 0.953797 0.471761 0.015686 0.031008
0 0.053782 0.854882 0.016807 0.033223
3 0.143417 0.854882 0.056022 0.088594
1 0.224650 0.854882 0.016807 0.033223
3 0.300280 0.854882 0.056022 0.088594
2 0.953797 0.854882 0.015686 0.031008
12 0.353501 0.949012 0.056022 0.055371
13 0.074790 0.145072 0.027451 0.011074
13 0.156022 0.145072 0.027451 0.011074
13 0.237255 0.145072 0.027451 0.011074
13 0.279272 0.145072 0.027451 0.011074
13 0.360504 0.145072 0.027451 0.011074
13 0.441737 0.145072 0.027451 0.011074
13 0.492157 0.145335 0.044258 0.011074
13 0.612885 0.145339 0.072829 0.011074
13 0.764426 0.145072 0.027451 0.011074
13 0.889503 0.145072 0.115141 0.011074
13 0.083193 0.471761 0.044258 0.011074
13 0.181232 0.471761 0.044258 0.011074
13 0.305882 0.322259 0.192717 0.270210
13 0.231653 0.471761 0.027451 0.011074
13 0.312885 0.471761 0.027451 0.011074
13 0.408123 0.294574 0.111485 0.270210
13 0.186835 0.322259 0.268347 0.270210
13 0.394118 0.471761 0.027451 0.011074
13 0.475350 0.471761 0.027451 0.011074
13 0.517367 0.471761 0.027451 0.011074
13 0.598599 0.472108 0.027451 0.011074
13 0.640756 0.524363 0.038375 0.065338
13 0.691877 0.554817 0.034734 0.011074
13 0.640756 0.421927 0.038375 0.059801
13 0.548179 0.145333 0.027451 0.011074
13 0.567927 0.197674 0.088796 0.065338
13 0.643838 0.197674 0.033894 0.065338
13 0.683193 0.145423 0.027451 0.011074
13 0.569188 0.294574 0.005602 0.270210
13 0.088796 0.854882 0.055462 0.011074
13 0.193838 0.854882 0.047059 0.011074
13 0.252661 0.854882 0.041457 0.011074
13 0.319021 0.922531 0.015179 0.051134
13 0.244258 0.677164 0.383193 0.326643
13 0.398319 0.649479 0.198319 0.326643
13 0.637122 0.854882 0.619903 0.011074
13 0.910792 0.471761 0.072564 0.011074
13 0.677871 0.491417 0.090756 0.042636
13 0.684874 0.377630 0.132773 0.270210
13 0.747619 0.433001 0.146218 0.081949
11 0.011541 0.145072 0.007843 0.028802
11 0.053929 0.177741 0.030547 0.027907
11 0.116157 0.144629 0.034760 0.031451
11 0.196639 0.144629 0.032326 0.031451
11 0.320731 0.144629 0.033263 0.031451
11 0.401964 0.144629 0.033263 0.031451
11 0.463476 0.113953 0.041798 0.013289
11 0.570571 0.121262 0.039741 0.027907
11 0.724653 0.144629 0.033263 0.031451
11 0.805042 0.144629 0.030637 0.031451
11 0.953869 0.169324 0.047794 0.013289
11 0.259104 0.109081 0.035294 0.027907
11 0.619932 0.197010 0.040984 0.013289
11 0.011541 0.494463 0.007843 0.072395
11 0.053676 0.504430 0.035644 0.027907
11 0.133056 0.471318 0.033263 0.031451
11 0.211445 0.504430 0.031854 0.027907
11 0.272269 0.471318 0.028587 0.031451
11 0.353501 0.471318 0.035687 0.031451
11 0.435577 0.471318 0.033263 0.031451
11 0.497054 0.440642 0.038367 0.013289
11 0.557983 0.471318 0.027093 0.031451
11 0.667783 0.357143 0.041448 0.027907
11 0.847619 0.471318 0.032332 0.031451
11 0.667875 0.522591 0.027066 0.013289
11 0.736134 0.554374 0.042410 0.015504
11 0.954197 0.503322 0.038367 0.027907
11 0.011541 0.854928 0.007843 0.030651
11 0.053580 0.880288 0.044415 0.013289
11 0.143417 0.854485 0.032137 0.031451
11 0.225232 0.887597 0.032537 0.027907
11 0.300280 0.854485 0.036432 0.031451
11 0.954644 0.886489 0.032537 0.027907
11 0.353231 0.936656 0.047639 0.015504
