8 0.241333 0.056667 0.462667 0.083333
8 0.277833 0.156667 0.535667 0.083333
8 0.119667 0.255000 0.219333 0.083333
0 0.040000 0.056667 0.010000 0.010000
3 0.076667 0.056667 0.033333 0.026667
3 0.125000 0.056667 0.033333 0.026667
1 0.161667 0.056667 0.010000 0.010000
3 0.198333 0.056667 0.033333 0.026667
3 0.246667 0.056667 0.033333 0.026667
3 0.295000 0.056667 0.033333 0.026667
1 0.331667 0.056667 0.010000 0.010000
3 0.368333 0.056667 0.033333 0.026667
3 0.416667 0.056667 0.033333 0.026667
2 0.453000 0.056667 0.009333 0.009333
0 0.040000 0.156667 0.010000 0.010000
3 0.076667 0.156667 0.033333 0.026667
3 0.125000 0.156667 0.033333 0.026667
3 0.173333 0.156667 0.033333 0.026667
3 0.221667 0.156667 0.033333 0.026667
3 0.270000 0.156667 0.033333 0.026667
1 0.306667 0.156667 0.010000 0.010000
3 0.343333 0.156667 0.033333 0.026667
1 0.453000 0.135000 0.010000 0.010000
1 0.453000 0.183333 0.010000 0.010000
4 0.389833 0.156760 0.013333 0.013333
3 0.489667 0.183333 0.033333 0.026667
3 0.489667 0.135000 0.033333 0.026667
2 0.526000 0.135000 0.009333 0.009333
0 0.040000 0.255000 0.010000 0.010000
3 0.076667 0.255000 0.033333 0.026667
3 0.125000 0.255000 0.033333 0.026667
3 0.173333 0.255000 0.033333 0.026667
2 0.209667 0.255000 0.009333 0.009333
