8 0.500000 0.124427 0.991935 0.230534
8 0.500000 0.499237 0.991935 0.381679
8 0.500000 0.874809 0.991935 0.232061
0 0.054435 0.125191 0.020161 0.045802
3 0.128360 0.125191 0.067204 0.122137
3 0.225806 0.125191 0.067204 0.122137
3 0.323253 0.125191 0.067204 0.122137
2 0.396505 0.125191 0.018817 0.042748
0 0.054435 0.499237 0.020161 0.045802
3 0.128360 0.499237 0.067204 0.122137
3 0.225806 0.499237 0.067204 0.122137
3 0.323253 0.499237 0.067204 0.122137
3 0.420699 0.499237 0.067204 0.122137
3 0.518145 0.499237 0.067204 0.122137
1 0.592070 0.499237 0.020161 0.045802
3 0.665995 0.499237 0.067204 0.122137
3 0.844086 0.583206 0.067204 0.122137
1 0.770161 0.583206 0.020161 0.045802
1 0.770161 0.407634 0.020161 0.045802
3 0.844086 0.407634 0.067204 0.122137
2 0.917339 0.583206 0.018817 0.042748
0 0.054435 0.879389 0.020161 0.045802
3 0.128360 0.879389 0.067204 0.122137
3 0.225806 0.879389 0.067204 0.122137
1 0.299731 0.879389 0.020161 0.045802
3 0.373656 0.879389 0.067204 0.122137
3 0.471102 0.879389 0.067204 0.122137
1 0.545027 0.879389 0.020161 0.045802
1 0.595430 0.879389 0.020161 0.045802
3 0.669355 0.879389 0.067204 0.122137
3 0.766801 0.879389 0.067204 0.122137
2 0.840054 0.879389 0.018817 0.042748
12 0.079637 0.879389 0.032930 0.015267
12 0.177083 0.879389 0.032930 0.015267
12 0.274530 0.879389 0.032930 0.015267
12 0.324933 0.879389 0.032930 0.015267
12 0.079637 0.499237 0.032930 0.015267
12 0.177083 0.499237 0.032930 0.015267
12 0.422379 0.879389 0.032930 0.015267
12 0.274530 0.499237 0.032930 0.015267
12 0.371976 0.499237 0.032930 0.015267
12 0.519825 0.879389 0.032930 0.015267
12 0.469422 0.499237 0.032930 0.015267
12 0.079637 0.125191 0.032930 0.015267
12 0.177083 0.125191 0.032930 0.015267
12 0.274530 0.125191 0.032930 0.015267
12 0.566868 0.499237 0.032930 0.015267
12 0.617272 0.499237 0.032930 0.015267
12 0.570228 0.879389 0.032930 0.015267
12 0.620632 0.879389 0.032930 0.015267
12 0.714718 0.499716 0.032930 0.015267
12 0.751848 0.556489 0.019153 0.059542
12 0.795363 0.583206 0.032930 0.015267
12 0.751848 0.438168 0.019153 0.067176
12 0.795363 0.407634 0.032930 0.015267
12 0.800403 0.484351 0.090054 0.037405
12 0.892809 0.583206 0.032930 0.015267
12 0.371976 0.125191 0.032930 0.015267
12 0.718078 0.879389 0.032930 0.015267
12 0.815524 0.879389 0.032930 0.015267
12 0.286290 0.293130 0.466398 0.296183
12 0.457661 0.331298 0.271505 0.296183
12 0.348454 0.689313 0.247984 0.264122
12 0.630712 0.708397 0.073253 0.302290
12 0.756720 0.731298 0.177419 0.180153
12 0.214046 0.670229 0.321909 0.302290
12 0.482863 0.708397 0.127016 0.302290
