8 0.336960 0.051667 0.643920 0.083333
8 0.336960 0.177628 0.643920 0.138590
8 0.336960 0.303993 0.643920 0.083333
0 0.045020 0.051667 0.010000 0.010000
3 0.081687 0.051667 0.033333 0.026667
3 0.130020 0.051667 0.033333 0.026667
3 0.198020 0.051667 0.033333 0.026667
3 0.246353 0.051667 0.033333 0.026667
3 0.314353 0.051667 0.033333 0.026667
3 0.509687 0.051667 0.033333 0.026667
3 0.585367 0.051667 0.033333 0.026667
2 0.633867 0.051667 0.009333 0.009333
1 0.166697 0.051667 0.010000 0.010000
1 0.391353 0.051667 0.010000 0.010000
3 0.101353 0.167330 0.033333 0.026667
3 0.149687 0.167330 0.033333 0.026667
3 0.198020 0.167330 0.033333 0.026667
3 0.294687 0.167330 0.033333 0.026667
3 0.246353 0.167330 0.033333 0.026667
3 0.391353 0.167330 0.033333 0.026667
3 0.343020 0.167330 0.033333 0.026667
1 0.456353 0.126000 0.010000 0.010000
4 0.483020 0.126000 0.013333 0.013333
3 0.581687 0.169997 0.033333 0.026667
1 0.509687 0.126167 0.010000 0.010000
1 0.509687 0.180997 0.010000 0.010000
1 0.454687 0.200663 0.010000 0.010000
2 0.618020 0.169997 0.009333 0.009333
0 0.049687 0.167330 0.010000 0.010000
0 0.294687 0.303993 0.010000 0.010000
3 0.337000 0.303993 0.033333 0.026667
3 0.391353 0.303993 0.033333 0.026667
3 0.445707 0.303993 0.033333 0.026667
2 0.482040 0.303993 0.009333 0.009333
