8 0.181333 0.045542 0.362667 0.081083
8 0.181333 0.141667 0.362667 0.083333
8 0.086167 0.224500 0.172333 0.039000
0 0.025000 0.020000 0.010000 0.010000
3 0.055000 0.020000 0.033333 0.026667
3 0.161667 0.020000 0.033333 0.026667
1 0.210000 0.020000 0.010000 0.010000
3 0.241667 0.020000 0.033333 0.026667
3 0.288333 0.020000 0.033333 0.026667
2 0.319333 0.020000 0.009333 0.009333
3 0.116667 0.020000 0.033333 0.026667
1 0.084667 0.020000 0.010000 0.010000
1 0.191667 0.035000 0.010000 0.010000
0 0.030000 0.120000 0.010000 0.010000
3 0.066667 0.120000 0.033333 0.026667
3 0.115000 0.120000 0.033333 0.026667
1 0.148333 0.120000 0.010000 0.010000
1 0.170000 0.120000 0.010000 0.010000
1 0.255000 0.120000 0.010000 0.010000
1 0.234667 0.141667 0.010000 0.010000
2 0.324667 0.120000 0.009333 0.009333
1 0.255000 0.141667 0.010000 0.010000
3 0.196667 0.120000 0.033333 0.026667
0 0.025000 0.220000 0.010000 0.010000
3 0.061667 0.220000 0.033333 0.026667
3 0.110000 0.220000 0.033333 0.026667
2 0.146333 0.220000 0.009333 0.009333
