8 0.246000 0.042333 0.472000 0.064667
8 0.246000 0.119167 0.472000 0.072333
8 0.246000 0.199333 0.472000 0.058000
0 0.035000 0.039000 0.010000 0.010000
3 0.071667 0.039000 0.033333 0.026667
1 0.108333 0.039000 0.010000 0.010000
3 0.202833 0.039000 0.033333 0.026667
1 0.239500 0.039000 0.010000 0.010000
3 0.276167 0.039000 0.033333 0.026667
2 0.312500 0.039000 0.009333 0.009333
1 0.133804 0.039000 0.010000 0.010000
1 0.158868 0.039000 0.010000 0.010000
0 0.040000 0.112000 0.010000 0.010000
3 0.076667 0.112000 0.033333 0.026667
3 0.150422 0.112000 0.033333 0.026667
1 0.214444 0.111954 0.010000 0.010000
1 0.239444 0.111954 0.010000 0.010000
1 0.264444 0.111954 0.010000 0.010000
2 0.395778 0.112000 0.009333 0.009333
1 0.359444 0.136000 0.010000 0.010000
3 0.396111 0.136000 0.033333 0.026667
4 0.291111 0.112000 0.013333 0.013333
1 0.113755 0.112000 0.010000 0.010000
1 0.187089 0.111954 0.010000 0.010000
1 0.359444 0.112000 0.010000 0.010000
0 0.040000 0.198667 0.010000 0.010000
3 0.076667 0.198667 0.033333 0.026667
3 0.125000 0.198667 0.033333 0.026667
2 0.161333 0.198667 0.009333 0.009333
