8 0.272937 0.071667 0.525874 0.083333
8 0.272104 0.170000 0.527541 0.083333
8 0.272937 0.268333 0.525874 0.083333
0 0.047667 0.074208 0.010000 0.010000
3 0.089333 0.074208 0.033333 0.026667
3 0.162000 0.074208 0.033333 0.026667
1 0.302690 0.074208 0.010000 0.010000
3 0.347000 0.074208 0.033333 0.026667
3 0.402000 0.074208 0.033333 0.026667
2 0.438333 0.074208 0.009333 0.009333
1 0.126000 0.074313 0.010000 0.010000
3 0.086667 0.158667 0.033333 0.026667
0 0.039333 0.158667 0.010000 0.010000
3 0.132333 0.158667 0.033333 0.026667
3 0.180667 0.158667 0.033333 0.026667
3 0.229000 0.158667 0.033333 0.026667
1 0.266024 0.158667 0.010000 0.010000
3 0.302690 0.158667 0.033333 0.026667
3 0.465000 0.158667 0.033333 0.026667
1 0.348694 0.191917 0.010000 0.010000
1 0.410333 0.158667 0.010000 0.010000
2 0.509781 0.158667 0.009333 0.009333
0 0.055000 0.268333 0.010000 0.010000
3 0.091667 0.268333 0.033333 0.026667
3 0.140000 0.268333 0.033333 0.026667
3 0.188333 0.268333 0.033333 0.026667
2 0.234667 0.268333 0.009333 0.009333
