8 0.501449 0.153756 0.989105 0.293427
8 0.499882 0.500000 0.992240 0.293427
8 0.501449 0.846244 0.989105 0.293427
0 0.077743 0.162705 0.018809 0.035211
3 0.156113 0.162705 0.062696 0.093897
3 0.292790 0.162705 0.062696 0.093897
1 0.557411 0.162705 0.018809 0.035211
3 0.640752 0.162705 0.062696 0.093897
3 0.744201 0.162705 0.062696 0.093897
2 0.812539 0.162705 0.017555 0.032864
1 0.225078 0.163072 0.018809 0.035211
3 0.151097 0.460094 0.062696 0.093897
0 0.062069 0.460094 0.018809 0.035211
3 0.236991 0.460094 0.062696 0.093897
3 0.327900 0.460094 0.062696 0.093897
3 0.418809 0.460094 0.062696 0.093897
1 0.488446 0.460094 0.018809 0.035211
3 0.557411 0.460094 0.062696 0.093897
3 0.862696 0.460094 0.062696 0.093897
1 0.643938 0.577171 0.018809 0.035211
1 0.759875 0.460094 0.018809 0.035211
2 0.946924 0.460094 0.017555 0.032864
0 0.091536 0.846244 0.018809 0.035211
3 0.160502 0.846244 0.062696 0.093897
3 0.251411 0.846244 0.062696 0.093897
3 0.342320 0.846244 0.062696 0.093897
2 0.429467 0.846244 0.017555 0.032864
12 0.105956 0.162705 0.040125 0.011737
12 0.194044 0.460094 0.025705 0.011737
12 0.095611 0.460094 0.050784 0.011737
12 0.282445 0.460094 0.030721 0.011737
12 0.373354 0.460094 0.030721 0.011737
12 0.248380 0.667840 0.322466 0.326291
12 0.115047 0.846244 0.030721 0.011737
12 0.205956 0.846244 0.030721 0.011737
12 0.296865 0.846244 0.030721 0.011737
12 0.511957 0.460094 0.030721 0.011737
12 0.464599 0.460094 0.031393 0.011737
12 0.397179 0.846244 0.049530 0.011737
12 0.415383 0.638498 0.148634 0.326291
12 0.436072 0.162705 0.226377 0.011737
12 0.610079 0.460889 0.045147 0.011737
12 0.557411 0.296728 0.006270 0.237529
12 0.167043 0.326071 0.212456 0.237529
12 0.916095 0.460094 0.046610 0.011737
12 0.595972 0.542107 0.079630 0.074824
12 0.588110 0.162705 0.045096 0.011737
12 0.692476 0.162705 0.043260 0.011737
12 0.789655 0.162705 0.030721 0.011737
12 0.800313 0.460094 0.064577 0.011737
12 0.703474 0.460889 0.096501 0.011737
12 0.644201 0.521567 0.006270 0.080692
12 0.201567 0.163194 0.030721 0.011737
12 0.247962 0.162948 0.029467 0.011737
