8 0.359500 0.064000 0.629000 0.088000
8 0.359500 0.164000 0.629000 0.088000
8 0.359500 0.257000 0.629000 0.074000
0 0.075000 0.061667 0.010000 0.010000
3 0.111667 0.061667 0.033333 0.026667
3 0.151667 0.061667 0.033333 0.026667
3 0.208333 0.061667 0.033333 0.026667
1 0.245000 0.061667 0.010000 0.010000
3 0.281667 0.061667 0.033333 0.026667
1 0.318333 0.061667 0.010000 0.010000
3 0.355000 0.061667 0.033333 0.026667
3 0.519333 0.048333 0.033333 0.026667
3 0.567667 0.048333 0.033333 0.026667
3 0.616000 0.048333 0.033333 0.026667
2 0.652333 0.048333 0.009333 0.009333
1 0.445000 0.048333 0.010000 0.010000
1 0.445000 0.085000 0.010000 0.010000
0 0.075000 0.161667 0.010000 0.010000
3 0.111667 0.161667 0.033333 0.026667
3 0.160000 0.161667 0.033333 0.026667
3 0.208333 0.161667 0.033333 0.026667
1 0.245000 0.161667 0.010000 0.010000
3 0.281667 0.161667 0.033333 0.026667
3 0.330000 0.161667 0.033333 0.026667
1 0.366667 0.161667 0.010000 0.010000
3 0.403333 0.161667 0.033333 0.026667
1 0.440000 0.161667 0.010000 0.010000
3 0.476667 0.161667 0.033333 0.026667
3 0.524333 0.161667 0.033333 0.026667
1 0.589333 0.180000 0.010000 0.010000
3 0.626000 0.140000 0.033333 0.026667
2 0.662333 0.140000 0.009333 0.009333
3 0.626000 0.180000 0.033333 0.026667
1 0.589333 0.140000 0.010000 0.010000
11 0.398333 0.138333 0.033333 0.016667
0 0.075000 0.261667 0.010000 0.010000
3 0.111667 0.261667 0.033333 0.026667
3 0.160000 0.261667 0.033333 0.026667
3 0.208333 0.261667 0.033333 0.026667
2 0.244667 0.261667 0.009333 0.009333
