8 0.500000 0.169741 0.994767 0.322556
11 0.007414 0.176473 0.010467 0.076300
8 0.500000 0.535478 0.994767 0.322556
11 0.007414 0.552615 0.010467 0.194217
8 0.434365 0.870240 0.863498 0.242595
11 0.007414 0.877380 0.010467 0.080924
11 0.020497 0.197690 0.010467 0.316759
3 0.096380 0.198872 0.043611 0.112835
11 0.096380 0.202398 0.039362 0.071932
3 0.159616 0.198872 0.043611 0.112835
11 0.159616 0.202398 0.036839 0.071932
3 0.253380 0.198872 0.043611 0.112835
11 0.253380 0.202398 0.036839 0.071932
1 0.205408 0.198872 0.013083 0.042313
11 0.205844 0.161583 0.040708 0.032969
1 0.364588 0.198872 0.013083 0.042313
11 0.365024 0.161583 0.051347 0.032969
3 0.414741 0.198872 0.043611 0.112835
11 0.414741 0.202398 0.035325 0.071932
1 0.462713 0.198872 0.013083 0.042313
11 0.463149 0.161583 0.051347 0.032969
3 0.525949 0.198872 0.043611 0.112835
11 0.525949 0.202398 0.050969 0.071932
1 0.748365 0.198872 0.013083 0.042313
11 0.748801 0.161583 0.064300 0.032969
4 0.794156 0.198872 0.017444 0.056417
11 0.794592 0.245769 0.051473 0.035966
3 0.844309 0.107193 0.043611 0.112835
11 0.844309 0.107546 0.058538 0.035966
1 0.892281 0.198872 0.013083 0.042313
3 0.940253 0.107193 0.043611 0.112835
11 0.940253 0.110719 0.035325 0.071932
0 0.048408 0.198872 0.013083 0.042313
11 0.048408 0.233516 0.062912 0.032969
11 0.020497 0.569139 0.010467 0.381498
0 0.048408 0.547250 0.013083 0.042313
11 0.048408 0.581894 0.044871 0.032969
3 0.096380 0.547250 0.043611 0.112835
11 0.096380 0.550776 0.048446 0.071932
3 0.205408 0.547250 0.043611 0.112835
11 0.205408 0.553949 0.051978 0.107898
1 0.253380 0.547250 0.013083 0.042313
11 0.253380 0.581894 0.077252 0.032969
3 0.301352 0.547250 0.043611 0.112835
11 0.301352 0.553949 0.051473 0.107898
3 0.364588 0.547250 0.043611 0.112835
11 0.364588 0.547602 0.051473 0.035966
1 0.414741 0.547250 0.013083 0.042313
11 0.414741 0.581894 0.051810 0.032969
3 0.462713 0.547250 0.043611 0.112835
11 0.462713 0.550776 0.060052 0.071932
3 0.525949 0.547250 0.043611 0.112835
11 0.525949 0.547602 0.060052 0.035966
1 0.700392 0.547250 0.013083 0.042313
11 0.700829 0.509961 0.045334 0.032969
3 0.748365 0.547250 0.043611 0.112835
11 0.748365 0.547602 0.058538 0.035966
1 0.844309 0.438646 0.013083 0.042313
11 0.844309 0.473290 0.056436 0.032969
1 0.844309 0.547250 0.013083 0.042313
11 0.844309 0.581894 0.031919 0.032969
3 0.892281 0.547250 0.043611 0.112835
11 0.892281 0.547602 0.050464 0.035966
2 0.950720 0.438646 0.012211 0.039492
11 0.950720 0.471879 0.056436 0.032969
11 0.020497 0.898801 0.010467 0.323695
0 0.525949 0.854725 0.013083 0.042313
11 0.525949 0.889369 0.077252 0.032969
3 0.573921 0.854725 0.043611 0.112835
11 0.573921 0.858251 0.037343 0.071932
3 0.637157 0.854725 0.043611 0.112835
11 0.637157 0.861425 0.041885 0.107898
2 0.700392 0.854725 0.012211 0.039492
11 0.700392 0.887958 0.073551 0.032969
13 0.064762 0.198872 0.021369 0.014104
13 0.127998 0.198872 0.021369 0.014104
13 0.190144 0.198872 0.019189 0.014104
13 0.221762 0.198872 0.021369 0.014104
13 0.064762 0.547250 0.021369 0.014104
13 0.150894 0.547250 0.067161 0.014104
13 0.253380 0.390691 0.004361 0.276446
13 0.269734 0.547250 0.021369 0.014104
13 0.316616 0.198872 0.084605 0.014104
13 0.382032 0.198872 0.023550 0.014104
13 0.364588 0.355430 0.004361 0.276446
13 0.414741 0.390691 0.004361 0.276446
13 0.397296 0.547250 0.023550 0.014104
13 0.332970 0.547250 0.021369 0.014104
13 0.205408 0.355430 0.004361 0.276446
13 0.431095 0.547250 0.021369 0.014104
13 0.237026 0.547250 0.021369 0.014104
13 0.446358 0.198872 0.021369 0.014104
13 0.462713 0.355430 0.004361 0.276446
13 0.494331 0.547250 0.021369 0.014104
13 0.525949 0.718618 0.004361 0.235543
13 0.542303 0.854725 0.021369 0.014104
13 0.605539 0.854725 0.021369 0.014104
13 0.620802 0.547250 0.147841 0.014104
13 0.716747 0.547250 0.021369 0.014104
13 0.486699 0.198872 0.036633 0.014104
13 0.644788 0.198872 0.195813 0.014104
13 0.748365 0.355430 0.004361 0.276446
13 0.770170 0.199206 0.032272 0.014104
13 0.844309 0.290550 0.004361 0.259520
13 0.860663 0.547250 0.021369 0.014104
13 0.820323 0.547588 0.036633 0.014104
13 0.808439 0.138928 0.029874 0.069111
11 0.788269 0.154959 0.010467 0.030057
13 0.844309 0.199217 0.084605 0.014104
13 0.892281 0.355430 0.004361 0.276446
13 0.879198 0.156559 0.027911 0.047955
13 0.892281 0.107193 0.054078 0.014104
13 0.897732 0.438646 0.095508 0.014104
13 0.777802 0.547701 0.017008 0.014104
13 0.843328 0.613540 0.099651 0.081805
13 0.820323 0.493300 0.036633 0.114951
13 0.700392 0.701693 0.004361 0.272214
13 0.676625 0.854725 0.037069 0.014104
