8 0.496916 0.141857 0.988234 0.266741
8 0.575974 0.554985 0.830119 0.432215
8 0.532130 0.891874 0.369298 0.199130
3 0.096082 0.098425 0.046642 0.113154
3 0.198694 0.098425 0.046642 0.113154
3 0.317631 0.098425 0.046642 0.113154
3 0.452892 0.098425 0.046642 0.113154
3 0.926307 0.098425 0.046642 0.113154
3 0.759679 0.098839 0.046642 0.113154
2 0.977146 0.098425 0.013060 0.039604
1 0.622668 0.098425 0.013993 0.042433
1 0.587687 0.204507 0.013993 0.042433
4 0.681437 0.098425 0.018657 0.056577
0 0.044776 0.098839 0.013993 0.042433
1 0.147388 0.098839 0.013993 0.042433
3 0.858676 0.098839 0.046642 0.113154
0 0.198694 0.599132 0.013993 0.042433
3 0.250000 0.599132 0.046642 0.113154
3 0.317631 0.599132 0.046642 0.113154
3 0.385261 0.599132 0.046642 0.113154
3 0.452892 0.599132 0.046642 0.113154
3 0.520522 0.599132 0.046642 0.113154
1 0.571828 0.599132 0.013993 0.042433
3 0.623134 0.599132 0.046642 0.113154
3 0.858676 0.424145 0.046642 0.113154
1 0.759562 0.599132 0.013993 0.042433
3 0.819030 0.599132 0.046642 0.113154
4 0.674440 0.599530 0.018657 0.056577
2 0.960822 0.423743 0.013060 0.039604
1 0.759679 0.424345 0.013993 0.042433
0 0.382463 0.893214 0.013993 0.042433
3 0.434235 0.893214 0.046642 0.113154
3 0.501866 0.893214 0.046642 0.113154
3 0.571828 0.893214 0.046642 0.113154
2 0.681437 0.893214 0.013060 0.039604
12 0.501866 0.423743 0.046642 0.070721
13 0.062267 0.098977 0.022854 0.014144
13 0.129897 0.098977 0.022854 0.014144
13 0.164879 0.098977 0.022854 0.014144
13 0.198694 0.366459 0.004664 0.428571
13 0.216185 0.599132 0.022854 0.014144
13 0.283815 0.599132 0.022854 0.014144
13 0.258162 0.098425 0.074160 0.014144
13 0.309857 0.348778 0.004664 0.393211
13 0.325404 0.348778 0.004664 0.393211
13 0.351446 0.599132 0.022854 0.014144
13 0.385261 0.098425 0.090485 0.014144
13 0.419076 0.599132 0.022854 0.014144
13 0.465718 0.286574 0.027519 0.267641
13 0.452892 0.348778 0.004664 0.393211
13 0.511194 0.098826 0.071828 0.014144
13 0.486707 0.599132 0.022854 0.014144
13 0.451493 0.763853 0.139925 0.221946
13 0.400187 0.893214 0.023321 0.014144
13 0.468050 0.893214 0.022854 0.014144
13 0.536847 0.893214 0.025187 0.014144
13 0.554338 0.599132 0.022854 0.014144
13 0.571828 0.728493 0.004664 0.221946
13 0.635028 0.893214 0.081623 0.014144
13 0.589319 0.599132 0.022854 0.014144
13 0.655783 0.599832 0.020522 0.014144
13 0.733501 0.497494 0.040229 0.152356
13 0.801015 0.424380 0.070546 0.014144
13 0.737990 0.599469 0.031017 0.014144
13 0.781134 0.599132 0.031016 0.014144
13 0.694263 0.600040 0.022855 0.014144
13 0.748818 0.679953 0.150155 0.109927
13 0.960122 0.098425 0.022854 0.014144
13 0.650886 0.098763 0.044310 0.014144
13 0.590252 0.098767 0.052705 0.014144
13 0.568214 0.165610 0.026819 0.083451
13 0.638176 0.165610 0.088853 0.083451
13 0.713561 0.099012 0.047458 0.014144
13 0.622668 0.331098 0.004664 0.428571
13 0.703358 0.384139 0.233209 0.322489
13 0.918145 0.423911 0.074160 0.014144
13 0.809177 0.098839 0.054222 0.014144
13 0.858676 0.261492 0.004664 0.217809
13 0.892492 0.098632 0.022854 0.014144
13 0.759679 0.279273 0.004664 0.253370
11 0.009608 0.142150 0.006530 0.036786
11 0.096862 0.098444 0.030179 0.060537
11 0.199396 0.098444 0.027694 0.040170
11 0.318333 0.098444 0.027694 0.040170
11 0.452892 0.098444 0.027839 0.040170
11 0.926306 0.098444 0.025507 0.040170
11 0.760499 0.098444 0.033764 0.040170
11 0.977308 0.129986 0.039503 0.016973
11 0.623321 0.059264 0.032091 0.016973
11 0.588149 0.165347 0.031708 0.016973
11 0.044733 0.131400 0.037226 0.016973
11 0.147191 0.140736 0.028524 0.035644
11 0.859301 0.098444 0.022403 0.040170
11 0.167724 0.555870 0.006530 0.092465
11 0.198723 0.641443 0.027111 0.035644
11 0.250779 0.599151 0.037955 0.060537
11 0.318333 0.599151 0.027694 0.040170
11 0.385261 0.599151 0.023800 0.040170
11 0.452892 0.599151 0.026918 0.040170
11 0.520522 0.599151 0.031112 0.060537
11 0.572408 0.559972 0.031942 0.016973
11 0.623910 0.599151 0.028313 0.060537
11 0.858675 0.423762 0.026918 0.040170
11 0.759401 0.632107 0.022534 0.016973
11 0.819030 0.599151 0.035308 0.019802
11 0.960845 0.464639 0.028967 0.035644
11 0.759898 0.456719 0.037519 0.016973
11 0.354291 0.891796 0.006530 0.039148
11 0.382440 0.935644 0.019545 0.035644
11 0.434235 0.893352 0.026756 0.040170
11 0.502568 0.893352 0.031731 0.060537
11 0.572532 0.893352 0.032831 0.040170
11 0.681495 0.934229 0.023438 0.035644
11 0.500616 0.439038 0.038545 0.080905
