8 0.499833 0.131148 0.991628 0.249180
8 0.475385 0.453552 0.942733 0.249180
8 0.450435 0.822404 0.892833 0.342077
0 0.074347 0.143169 0.020094 0.032787
3 0.148024 0.143169 0.066979 0.087432
3 0.245144 0.143169 0.066979 0.087432
3 0.342264 0.143169 0.066979 0.087432
3 0.787676 0.143169 0.066979 0.087432
3 0.883122 0.143169 0.066979 0.087432
1 0.693905 0.143169 0.020094 0.032787
2 0.956129 0.143169 0.018754 0.030601
3 0.245144 0.465574 0.066979 0.087432
3 0.342264 0.465574 0.066979 0.087432
3 0.489618 0.394536 0.066979 0.087432
3 0.489618 0.514754 0.066979 0.087432
5 0.439384 0.465574 0.026792 0.043716
3 0.693905 0.465574 0.066979 0.087432
3 0.883122 0.514754 0.066979 0.087432
1 0.797723 0.514754 0.020094 0.032787
1 0.787676 0.378142 0.020094 0.032787
3 0.861353 0.378142 0.066979 0.087432
12 0.168118 0.378142 0.066979 0.054645
12 0.419290 0.290710 0.066979 0.054645
0 0.489618 0.787978 0.020094 0.032787
3 0.549900 0.787978 0.066979 0.087432
5 0.693905 0.787978 0.026792 0.043716
3 0.757535 0.719126 0.066979 0.087432
3 0.757535 0.879781 0.066979 0.087432
2 0.830543 0.879781 0.018754 0.030601
3 0.631949 0.788289 0.066979 0.087432
13 0.099464 0.143169 0.032820 0.010929
13 0.196584 0.143169 0.032820 0.010929
13 0.245144 0.304372 0.006698 0.239344
13 0.191106 0.422025 0.043776 0.037492
13 0.293704 0.465574 0.032820 0.010929
13 0.342264 0.304372 0.006698 0.239344
13 0.400871 0.465902 0.052914 0.010929
13 0.447924 0.501093 0.019089 0.031694
13 0.447924 0.419126 0.019089 0.053552
13 0.444540 0.334426 0.045169 0.037158
13 0.489618 0.304011 0.006698 0.097988
13 0.489618 0.665027 0.006698 0.217486
13 0.508038 0.787978 0.019424 0.010929
13 0.590924 0.788133 0.017749 0.010929
13 0.709143 0.844809 0.032485 0.074317
13 0.806095 0.879781 0.032820 0.010929
13 0.709143 0.742623 0.032485 0.051366
13 0.672974 0.788444 0.017750 0.010929
13 0.725720 0.592350 0.066309 0.170492
13 0.729069 0.143169 0.052914 0.010929
13 0.835399 0.143169 0.031146 0.010929
13 0.529806 0.143169 0.310784 0.010929
13 0.293704 0.143169 0.032820 0.010929
13 0.931682 0.143169 0.032820 0.010929
13 0.735767 0.465931 0.019424 0.010929
13 0.772773 0.501093 0.032485 0.031694
13 0.693905 0.290710 0.006698 0.266667
13 0.828701 0.514754 0.044542 0.010929
13 0.841762 0.529508 0.170462 0.088525
13 0.767749 0.410929 0.022438 0.069945
13 0.787676 0.274317 0.006698 0.179235
13 0.812793 0.378142 0.032820 0.010929
13 0.841259 0.260096 0.042867 0.153031
11 0.013798 0.131148 0.009377 0.028424
11 0.074523 0.175410 0.036522 0.027541
11 0.148024 0.142732 0.038648 0.031038
11 0.246152 0.142732 0.039769 0.031038
11 0.342264 0.142732 0.057415 0.015301
11 0.787676 0.134863 0.053396 0.015301
11 0.883456 0.142732 0.036629 0.031038
11 0.694083 0.112459 0.037865 0.013115
11 0.013798 0.453552 0.009377 0.071446
11 0.245481 0.465137 0.041111 0.031038
11 0.342264 0.465137 0.053828 0.015301
11 0.489618 0.394098 0.038656 0.031038
11 0.489618 0.514317 0.043122 0.031038
11 0.693905 0.465137 0.032392 0.031038
11 0.883456 0.514317 0.056972 0.015301
11 0.797482 0.484044 0.059800 0.013115
11 0.787650 0.403169 0.054871 0.013115
11 0.861353 0.377705 0.038656 0.031038
11 0.165450 0.373770 0.052266 0.031038
11 0.411828 0.286339 0.044018 0.031038
11 0.013798 0.822404 0.009377 0.030249
11 0.549900 0.787541 0.038423 0.031038
11 0.758546 0.718689 0.047147 0.031038
11 0.758544 0.879344 0.045567 0.046776
11 0.631614 0.787541 0.044451 0.031038
