8 0.290500 0.050167 0.541000 0.060333
8 0.290500 0.127000 0.541000 0.074667
8 0.290500 0.203833 0.541000 0.060333
3 0.091667 0.050333 0.033333 0.026667
3 0.151667 0.050333 0.033333 0.026667
3 0.200000 0.050333 0.033333 0.026667
3 0.248333 0.050333 0.033333 0.026667
3 0.454000 0.050333 0.033333 0.026667
3 0.505667 0.050333 0.033333 0.026667
2 0.542000 0.050333 0.009333 0.009333
0 0.055000 0.050333 0.010000 0.010000
1 0.121667 0.050333 0.010000 0.010000
1 0.333333 0.050333 0.010000 0.010000
3 0.140000 0.120000 0.033333 0.026667
3 0.200000 0.120000 0.033333 0.026667
3 0.248333 0.120000 0.033333 0.026667
3 0.296667 0.120000 0.033333 0.026667
3 0.356935 0.120000 0.033333 0.026667
3 0.454000 0.140000 0.033333 0.026667
3 0.502333 0.120000 0.033333 0.026667
2 0.538667 0.120000 0.009333 0.009333
0 0.055000 0.120000 0.010000 0.010000
1 0.326000 0.120000 0.010000 0.010000
1 0.417333 0.120000 0.010000 0.010000
1 0.417333 0.146667 0.010000 0.010000
3 0.103333 0.204000 0.033333 0.026667
3 0.260000 0.204000 0.033333 0.026667
2 0.542000 0.204000 0.009333 0.009333
0 0.055000 0.204000 0.010000 0.010000
3 0.308602 0.204000 0.033333 0.026667
