8 0.499953 0.147191 0.993874 0.280899
8 0.473056 0.588323 0.940078 0.410718
8 0.350505 0.852444 0.694976 0.280899
0 0.046995 0.124354 0.015083 0.033708
3 0.102299 0.124354 0.050277 0.089888
3 0.175200 0.124354 0.050277 0.089888
1 0.230504 0.124354 0.015083 0.033708
3 0.285808 0.124354 0.050277 0.089888
3 0.358709 0.124354 0.050277 0.089888
1 0.496970 0.124354 0.015083 0.033708
3 0.552274 0.124354 0.050277 0.089888
1 0.670093 0.124354 0.015083 0.033708
3 0.755563 0.124354 0.050277 0.089888
3 0.949128 0.124354 0.050277 0.089888
0 0.045376 0.485034 0.015083 0.033708
3 0.171067 0.485034 0.050277 0.089888
3 0.354576 0.485034 0.050277 0.089888
3 0.499541 0.485034 0.050277 0.089888
3 0.665065 0.485034 0.050277 0.089888
1 0.612469 0.485034 0.015083 0.033708
3 0.858630 0.485034 0.050277 0.089888
2 0.913431 0.485034 0.014077 0.031461
1 0.765742 0.485034 0.015083 0.033708
1 0.042890 0.852444 0.015083 0.033708
3 0.098194 0.852444 0.050277 0.089888
3 0.613528 0.852444 0.050277 0.089888
2 0.668330 0.852444 0.014077 0.031461
12 0.065849 0.124354 0.024635 0.011236
12 0.138750 0.124354 0.024635 0.011236
12 0.211651 0.124354 0.024635 0.011236
12 0.249358 0.124354 0.024635 0.011236
12 0.163441 0.318739 0.246747 0.303376
12 0.099423 0.485034 0.095023 0.011236
12 0.262821 0.485034 0.135244 0.011236
12 0.322259 0.124354 0.024635 0.011236
12 0.364333 0.304694 0.005028 0.275286
12 0.348952 0.304694 0.005028 0.275286
12 0.427059 0.485034 0.096700 0.011236
12 0.436638 0.124354 0.107592 0.011236
12 0.498255 0.290649 0.005028 0.303376
12 0.267816 0.682784 0.465460 0.310107
12 0.061743 0.852444 0.024635 0.011236
12 0.355861 0.852444 0.467069 0.011236
12 0.515824 0.124354 0.024635 0.011236
12 0.619982 0.124354 0.087150 0.011236
12 0.667579 0.290649 0.007039 0.303376
12 0.564804 0.485034 0.082259 0.011236
12 0.612999 0.654694 0.005028 0.310107
12 0.629969 0.485034 0.021927 0.011236
12 0.704030 0.124354 0.054801 0.011236
12 0.649979 0.852444 0.024635 0.011236
12 0.895080 0.485034 0.024635 0.011236
12 0.852345 0.124354 0.145299 0.011236
