8 0.500000 0.146861 0.991870 0.280269
8 0.494580 0.477578 0.981030 0.280269
8 0.233062 0.853139 0.457995 0.280269
0 0.065041 0.146861 0.020325 0.033632
3 0.139566 0.146861 0.067751 0.089686
3 0.237805 0.146861 0.067751 0.089686
3 0.387534 0.146861 0.067751 0.089686
1 0.312331 0.146861 0.020325 0.033632
3 0.485772 0.146861 0.067751 0.089686
3 0.584011 0.146861 0.067751 0.089686
1 0.658537 0.146861 0.020325 0.033632
3 0.733062 0.146861 0.067751 0.089686
3 0.882114 0.146861 0.067751 0.089686
1 0.807588 0.146861 0.020325 0.033632
2 0.955962 0.146861 0.018970 0.031390
0 0.065041 0.477578 0.020325 0.033632
3 0.139566 0.477578 0.067751 0.089686
3 0.237805 0.477578 0.067751 0.089686
3 0.336043 0.477578 0.067751 0.089686
3 0.434282 0.477578 0.067751 0.089686
1 0.508808 0.477578 0.020325 0.033632
3 0.664634 0.477578 0.067751 0.089686
1 0.796748 0.393498 0.020325 0.033632
1 0.796748 0.567265 0.020325 0.033632
4 0.584011 0.477578 0.027100 0.044843
3 0.871274 0.393498 0.067751 0.089686
2 0.945122 0.393498 0.018970 0.031390
0 0.065041 0.853139 0.020325 0.033632
3 0.139566 0.853139 0.067751 0.089686
3 0.237805 0.853139 0.067751 0.089686
3 0.336043 0.853139 0.067751 0.089686
2 0.409892 0.853139 0.018970 0.031390
12 0.090447 0.146861 0.033198 0.011211
12 0.188686 0.146861 0.033198 0.011211
12 0.286924 0.146861 0.033198 0.011211
12 0.338076 0.146861 0.033875 0.011211
12 0.090447 0.477578 0.033198 0.011211
12 0.188686 0.477578 0.033198 0.011211
12 0.436653 0.146861 0.033198 0.011211
12 0.350497 0.312220 0.250678 0.245516
12 0.226287 0.326233 0.325203 0.273543
12 0.373080 0.312220 0.250678 0.245516
12 0.286924 0.477578 0.033198 0.011211
12 0.534892 0.146861 0.033198 0.011211
12 0.460027 0.312220 0.250678 0.245516
12 0.385163 0.477578 0.033198 0.011211
12 0.249661 0.679372 0.371951 0.318386
12 0.090447 0.853139 0.033198 0.011211
12 0.188686 0.853139 0.033198 0.011211
12 0.286924 0.853139 0.033198 0.011211
12 0.483401 0.477578 0.033198 0.011211
12 0.422425 0.651345 0.175474 0.318386
12 0.544715 0.477845 0.054201 0.011211
12 0.633130 0.146861 0.033198 0.011211
12 0.661924 0.298206 0.009485 0.273543
12 0.683943 0.146861 0.033198 0.011211
12 0.782182 0.146861 0.033198 0.011211
12 0.713753 0.477930 0.033198 0.011211
12 0.764736 0.424327 0.046409 0.066143
12 0.764736 0.533632 0.046409 0.071749
12 0.614160 0.477931 0.035908 0.011211
12 0.703760 0.554372 0.241531 0.113229
12 0.764905 0.284193 0.066396 0.189462
12 0.822154 0.393498 0.033198 0.011211
12 0.832995 0.146861 0.033198 0.011211
12 0.931233 0.146861 0.033198 0.011211
12 0.920393 0.393498 0.033198 0.011211
12 0.385163 0.853139 0.033198 0.011211
12 0.839431 0.256166 0.066396 0.189462
