8 0.393346 0.146861 0.779229 0.280269
8 0.500000 0.524664 0.992537 0.329596
8 0.356965 0.853139 0.706468 0.280269
0 0.069030 0.146861 0.018657 0.033632
3 0.137438 0.146861 0.062189 0.089686
3 0.227612 0.146861 0.062189 0.089686
3 0.317786 0.146861 0.062189 0.089686
3 0.407960 0.146861 0.062189 0.089686
1 0.498134 0.146861 0.018657 0.033632
3 0.566542 0.146861 0.062189 0.089686
3 0.656716 0.146861 0.062189 0.089686
2 0.724502 0.146861 0.017413 0.031390
0 0.069030 0.500000 0.018657 0.033632
3 0.137438 0.500000 0.062189 0.089686
3 0.227612 0.500000 0.062189 0.089686
3 0.317786 0.500000 0.062189 0.089686
3 0.407960 0.500000 0.062189 0.089686
3 0.498134 0.500000 0.062189 0.089686
1 0.582090 0.500000 0.018657 0.033632
3 0.678483 0.500000 0.062189 0.089686
3 0.858831 0.500000 0.062189 0.089686
1 0.793532 0.500000 0.018657 0.033632
1 0.793532 0.584081 0.018657 0.033632
3 0.861940 0.606502 0.062189 0.089686
2 0.939055 0.500000 0.017413 0.031390
0 0.069030 0.853139 0.018657 0.033632
3 0.149876 0.853139 0.062189 0.089686
1 0.227612 0.853139 0.018657 0.033632
3 0.296020 0.853139 0.062189 0.089686
3 0.386194 0.853139 0.062189 0.089686
2 0.466418 0.853139 0.017413 0.031390
12 0.092351 0.146861 0.030473 0.011211
12 0.182525 0.146861 0.030473 0.011211
12 0.092351 0.500000 0.030473 0.011211
12 0.182525 0.500000 0.030473 0.011211
12 0.272699 0.146861 0.030473 0.011211
12 0.272699 0.500000 0.030473 0.011211
12 0.272699 0.323430 0.092662 0.267937
12 0.362873 0.500000 0.030473 0.011211
12 0.362873 0.146861 0.030473 0.011211
12 0.407960 0.323430 0.006219 0.267937
12 0.453047 0.500000 0.030473 0.011211
12 0.283582 0.690583 0.431592 0.295964
12 0.148321 0.337444 0.161070 0.295964
12 0.098570 0.853139 0.042910 0.011211
12 0.463930 0.146861 0.052239 0.011211
12 0.199627 0.853139 0.039801 0.011211
12 0.250933 0.853139 0.030473 0.011211
12 0.550995 0.500000 0.046020 0.011211
12 0.619403 0.500000 0.058458 0.011211
12 0.588308 0.309417 0.182836 0.295964
12 0.521455 0.146861 0.030473 0.011211
12 0.611629 0.146861 0.030473 0.011211
12 0.712687 0.323430 0.294776 0.267937
12 0.815299 0.500000 0.027363 0.011211
12 0.816853 0.595291 0.030473 0.026906
12 0.910137 0.500000 0.042910 0.011211
12 0.701803 0.146861 0.030473 0.011211
12 0.341107 0.853139 0.030473 0.011211
12 0.484142 0.662556 0.198383 0.295964
12 0.437500 0.853139 0.042910 0.011211
12 0.720460 0.500359 0.024254 0.011211
12 0.770211 0.500264 0.030473 0.011211
12 0.764148 0.553251 0.042600 0.066143
12 0.680037 0.362668 0.366294 0.402466
12 0.800995 0.599215 0.124378 0.158072
