8 0.499474 0.165468 0.992635 0.316547
11 0.008943 0.171191 0.012625 0.064864
8 0.499474 0.525180 0.992635 0.316547
11 0.008943 0.539748 0.012625 0.165108
8 0.499474 0.859712 0.992635 0.266187
11 0.008943 0.865782 0.012625 0.068795
0 0.050500 0.157074 0.015781 0.035971
11 0.050500 0.186526 0.028457 0.028028
3 0.108364 0.157074 0.052604 0.095923
11 0.108364 0.160072 0.072436 0.061151
3 0.171489 0.157074 0.052604 0.095923
11 0.171489 0.160072 0.056001 0.061151
3 0.260915 0.157074 0.052604 0.095923
11 0.260915 0.160072 0.046261 0.061151
1 0.318780 0.157074 0.015781 0.035971
11 0.318780 0.186526 0.084813 0.028028
3 0.376644 0.157074 0.052604 0.095923
11 0.376644 0.160072 0.037740 0.061151
1 0.434508 0.157074 0.015781 0.035971
11 0.434508 0.186526 0.058030 0.028028
3 0.492372 0.157074 0.052604 0.095923
11 0.492372 0.160072 0.045653 0.061151
3 0.751710 0.109113 0.052604 0.095923
11 0.751710 0.112110 0.043827 0.061151
3 0.827985 0.109113 0.052604 0.095923
11 0.827985 0.112110 0.062088 0.061151
3 0.904261 0.109113 0.052604 0.095923
11 0.904261 0.114808 0.044435 0.091727
2 0.961599 0.109113 0.014729 0.033573
11 0.961599 0.137365 0.075885 0.028028
1 0.634403 0.109113 0.015781 0.035971
11 0.634403 0.138564 0.045754 0.028028
1 0.634403 0.241007 0.015781 0.035971
11 0.634403 0.270459 0.048544 0.028028
0 0.050500 0.516787 0.015781 0.035971
11 0.050500 0.546238 0.040732 0.028028
3 0.108364 0.516787 0.052604 0.095923
11 0.108364 0.522482 0.044435 0.091727
3 0.184640 0.516787 0.052604 0.095923
11 0.184640 0.522482 0.062088 0.091727
3 0.260915 0.516787 0.052604 0.095923
11 0.260915 0.519784 0.042609 0.061151
1 0.318780 0.516787 0.015781 0.035971
11 0.318780 0.546238 0.083697 0.028028
3 0.376644 0.516787 0.052604 0.095923
11 0.376644 0.517086 0.062088 0.030576
3 0.452920 0.516787 0.052604 0.095923
11 0.452920 0.519784 0.039566 0.061151
1 0.510784 0.516787 0.015781 0.035971
11 0.510784 0.546238 0.145074 0.028028
3 0.568648 0.516787 0.052604 0.095923
11 0.568648 0.517086 0.072436 0.030576
1 0.626512 0.516787 0.015781 0.035971
11 0.626512 0.546238 0.037942 0.028028
3 0.684377 0.516787 0.052604 0.095923
11 0.684377 0.519784 0.068783 0.061151
3 0.759600 0.516787 0.052604 0.095923
11 0.759600 0.517086 0.068783 0.030576
1 0.862178 0.582734 0.015781 0.035971
11 0.862178 0.612185 0.038500 0.028028
3 0.920042 0.438849 0.052604 0.095923
11 0.920042 0.444544 0.047479 0.091727
2 0.977380 0.438849 0.014729 0.033573
11 0.977380 0.467101 0.100994 0.028028
3 0.920042 0.582734 0.052604 0.095923
11 0.920042 0.583034 0.060870 0.030576
1 0.862178 0.438849 0.015781 0.035971
11 0.862178 0.468300 0.122755 0.028028
12 0.560757 0.432854 0.052604 0.059952
11 0.543864 0.431954 0.021913 0.030576
0 0.050500 0.876499 0.015781 0.035971
11 0.050500 0.905950 0.040732 0.028028
3 0.108364 0.876499 0.052604 0.095923
11 0.108364 0.882194 0.044435 0.091727
3 0.184640 0.876499 0.052604 0.095923
11 0.184640 0.879496 0.045044 0.061151
3 0.260915 0.876499 0.052604 0.095923
11 0.260915 0.882194 0.050522 0.091727
2 0.318254 0.876499 0.014729 0.033573
11 0.318254 0.904751 0.094298 0.028028
13 0.070226 0.157074 0.025776 0.011990
13 0.139926 0.157074 0.012625 0.011990
13 0.216202 0.157074 0.038927 0.011990
13 0.155708 0.351918 0.212520 0.298561
13 0.070226 0.516787 0.025776 0.011990
13 0.146502 0.516787 0.025776 0.011990
13 0.222777 0.516787 0.025776 0.011990
13 0.299053 0.157074 0.025776 0.011990
13 0.299053 0.516787 0.025776 0.011990
13 0.338506 0.516787 0.025776 0.011990
13 0.318780 0.336930 0.005260 0.328537
13 0.338506 0.157074 0.025776 0.011990
13 0.376644 0.336930 0.005260 0.268585
13 0.414782 0.516787 0.025776 0.011990
13 0.491057 0.516787 0.025776 0.011990
13 0.414782 0.157074 0.025776 0.011990
13 0.472646 0.336930 0.078380 0.328537
13 0.454235 0.157074 0.025776 0.011990
13 0.530510 0.516787 0.025776 0.011990
13 0.309574 0.711631 0.520252 0.298561
13 0.070226 0.876499 0.025776 0.011990
13 0.146502 0.876499 0.025776 0.011990
13 0.222777 0.876499 0.025776 0.011990
13 0.299053 0.876499 0.025776 0.011990
13 0.606786 0.516787 0.025776 0.011990
13 0.646239 0.516787 0.025776 0.011990
13 0.721988 0.516787 0.024724 0.011990
13 0.683851 0.109113 0.085218 0.011990
13 0.789847 0.109113 0.025776 0.011990
13 0.866123 0.109113 0.025776 0.011990
13 0.942399 0.109113 0.025776 0.011990
13 0.797738 0.517163 0.025776 0.011990
13 0.837322 0.465827 0.036034 0.058753
13 0.837322 0.561751 0.036034 0.046763
13 0.881904 0.438849 0.025776 0.011990
13 0.958180 0.438849 0.025776 0.011990
13 0.881904 0.582734 0.025776 0.011990
13 0.875329 0.526079 0.091531 0.022182
13 0.755655 0.312950 0.009995 0.316547
13 0.533140 0.157445 0.031036 0.011990
13 0.912151 0.273981 0.017885 0.238609
13 0.592451 0.121103 0.070226 0.028777
13 0.592451 0.211031 0.070226 0.064748
13 0.742241 0.199041 0.201999 0.088729
13 0.777223 0.396882 0.287743 0.280576
13 0.525176 0.466153 0.020664 0.070092
13 0.504997 0.720624 0.360863 0.316547
