8 0.299500 0.071667 0.599000 0.083333
8 0.299500 0.170000 0.599000 0.083333
8 0.299500 0.280000 0.599000 0.083333
3 0.061667 0.071667 0.033333 0.026667
3 0.110000 0.071667 0.033333 0.026667
1 0.158333 0.071667 0.010000 0.010000
3 0.204333 0.071667 0.033333 0.026667
1 0.255000 0.071667 0.010000 0.010000
3 0.303333 0.071667 0.033333 0.026667
3 0.437667 0.071667 0.033333 0.026667
1 0.396025 0.071667 0.010000 0.010000
3 0.486000 0.071667 0.033333 0.026667
2 0.545000 0.071667 0.009333 0.009333
0 0.025000 0.071667 0.010000 0.010000
1 0.351667 0.071667 0.010000 0.010000
0 0.025000 0.170000 0.010000 0.010000
3 0.061667 0.170000 0.033333 0.026667
3 0.110000 0.170000 0.033333 0.026667
3 0.184000 0.170000 0.033333 0.026667
3 0.232333 0.170000 0.033333 0.026667
3 0.280667 0.170000 0.033333 0.026667
1 0.340000 0.170000 0.010000 0.010000
3 0.396025 0.170000 0.033333 0.026667
1 0.146667 0.170000 0.010000 0.010000
1 0.470000 0.187583 0.010000 0.010000
3 0.506667 0.187583 0.033333 0.026667
2 0.569333 0.155917 0.009333 0.009333
3 0.506667 0.155917 0.033333 0.026667
1 0.470000 0.156042 0.010000 0.010000
0 0.025000 0.280000 0.010000 0.010000
3 0.061667 0.280000 0.033333 0.026667
3 0.217000 0.280000 0.033333 0.026667
3 0.338205 0.280000 0.033333 0.026667
2 0.413667 0.280000 0.009333 0.009333
