8 0.500000 0.168250 0.993798 0.320217
8 0.500000 0.535957 0.993798 0.298507
8 0.500000 0.852782 0.993798 0.278155
0 0.034109 0.168250 0.015504 0.040706
3 0.090956 0.168250 0.051680 0.108548
3 0.160724 0.168250 0.051680 0.108548
3 0.297674 0.168250 0.051680 0.108548
3 0.372610 0.168250 0.051680 0.108548
3 0.447545 0.168250 0.051680 0.108548
1 0.724548 0.168250 0.015504 0.040706
3 0.863566 0.168250 0.051680 0.108548
2 0.919897 0.168250 0.014470 0.037992
3 0.372610 0.526459 0.051680 0.108548
3 0.447545 0.526459 0.051680 0.108548
3 0.522481 0.526459 0.051680 0.108548
3 0.724548 0.526459 0.051680 0.108548
1 0.615504 0.526459 0.015504 0.040706
0 0.297674 0.526459 0.015504 0.040706
3 0.951421 0.526459 0.051680 0.108548
1 0.863566 0.526876 0.015504 0.040706
3 0.904910 0.611940 0.051680 0.108548
1 0.848062 0.578019 0.015504 0.040706
3 0.556072 0.822252 0.051680 0.108548
3 0.625840 0.822252 0.051680 0.108548
3 0.703359 0.822252 0.051680 0.108548
2 0.754522 0.822252 0.014470 0.037992
0 0.506977 0.822252 0.015504 0.040706
12 0.053488 0.168250 0.025323 0.013569
12 0.125840 0.168250 0.020155 0.013569
12 0.229199 0.168250 0.087339 0.013569
12 0.335142 0.168250 0.025323 0.013569
12 0.410078 0.526459 0.025323 0.013569
12 0.410078 0.168250 0.025323 0.013569
12 0.485013 0.526459 0.025323 0.013569
12 0.590956 0.822252 0.020155 0.013569
12 0.664599 0.822252 0.027907 0.013569
12 0.738243 0.822252 0.020155 0.013569
12 0.578036 0.526459 0.061499 0.013569
12 0.660982 0.526459 0.077519 0.013569
12 0.522481 0.822252 0.017571 0.013569
12 0.595090 0.168250 0.245478 0.013569
12 0.724548 0.330393 0.005168 0.289009
12 0.785013 0.168250 0.107494 0.013569
12 0.779845 0.527094 0.060982 0.013569
12 0.842894 0.527197 0.027907 0.013569
12 0.898450 0.526710 0.056331 0.013569
12 0.838760 0.613506 0.082687 0.124413
12 0.867442 0.581411 0.025323 0.013569
12 0.830103 0.566016 0.022481 0.029434
12 0.863566 0.364523 0.005168 0.289426
12 0.901034 0.168250 0.025323 0.013569
12 0.506977 0.691316 0.005168 0.226594
12 0.659432 0.657395 0.089922 0.226594
12 0.372610 0.347354 0.005168 0.255088
12 0.326098 0.526459 0.043411 0.013569
12 0.297674 0.364315 0.005168 0.289009
