8 0.500000 0.466159 0.993862 0.453469
11 0.008696 0.485983 0.012276 0.224674
8 0.239642 0.103215 0.473146 0.187817
11 0.008696 0.111781 0.012276 0.097081
8 0.500000 0.867985 0.993862 0.225042
11 0.008696 0.876061 0.012276 0.091534
0 0.041432 0.435702 0.015345 0.050761
11 0.041944 0.385152 0.039607 0.079103
3 0.097698 0.435702 0.051151 0.135364
11 0.097698 0.439932 0.065108 0.086294
3 0.171867 0.435702 0.051151 0.135364
11 0.171867 0.439932 0.049127 0.086294
3 0.246036 0.435702 0.051151 0.135364
11 0.246036 0.436125 0.066292 0.043147
3 0.315090 0.435702 0.051151 0.135364
11 0.315090 0.443739 0.044392 0.129442
3 0.389258 0.435702 0.051151 0.135364
11 0.389258 0.443739 0.046759 0.129442
1 0.445524 0.435702 0.015345 0.050761
11 0.445524 0.490059 0.060225 0.079103
3 0.501790 0.435702 0.051151 0.135364
11 0.501790 0.436125 0.064516 0.043147
1 0.588747 0.533418 0.015345 0.050761
11 0.588747 0.574979 0.022788 0.039552
3 0.675703 0.533418 0.051151 0.135364
11 0.675703 0.533841 0.066292 0.043147
3 0.749872 0.533418 0.051151 0.135364
11 0.749872 0.537648 0.044392 0.086294
4 0.808696 0.533418 0.020460 0.067682
11 0.809207 0.479695 0.044392 0.043147
4 0.852174 0.435702 0.020460 0.067682
4 0.619437 0.533418 0.020460 0.067682
1 0.713043 0.629442 0.015345 0.050761
11 0.713043 0.671003 0.046661 0.039552
3 0.910997 0.435702 0.051151 0.135364
11 0.910997 0.443739 0.046167 0.129442
2 0.966752 0.435702 0.014322 0.047377
1 0.619437 0.331007 0.015345 0.050761
11 0.619437 0.372568 0.055342 0.039552
0 0.041432 0.104061 0.015345 0.050761
3 0.097698 0.104061 0.051151 0.135364
11 0.097698 0.108291 0.043800 0.086294
3 0.171867 0.104061 0.051151 0.135364
11 0.171867 0.112098 0.049127 0.129442
3 0.396931 0.104061 0.051151 0.135364
11 0.396931 0.108291 0.051494 0.086294
2 0.445524 0.104061 0.014322 0.047377
0 0.041432 0.850218 0.015345 0.050761
11 0.041432 0.904575 0.047203 0.079103
3 0.097698 0.850218 0.051151 0.135364
11 0.097698 0.854448 0.043208 0.086294
3 0.212788 0.850218 0.051151 0.135364
11 0.212788 0.854448 0.043208 0.086294
3 0.365217 0.850218 0.051151 0.135364
11 0.365217 0.858255 0.062148 0.129442
1 0.503836 0.850218 0.015345 0.050761
11 0.503836 0.891779 0.044490 0.039552
3 0.638875 0.850218 0.051151 0.135364
11 0.638875 0.858255 0.055638 0.129442
3 0.713043 0.850218 0.051151 0.135364
11 0.713043 0.858255 0.062148 0.129442
3 0.787212 0.850218 0.051151 0.135364
11 0.787212 0.854448 0.056229 0.086294
3 0.861381 0.850218 0.051151 0.135364
11 0.861381 0.854448 0.044984 0.086294
2 0.917136 0.850218 0.014322 0.047377
4 0.578517 0.850218 0.020460 0.067682
1 0.542199 0.915785 0.015345 0.050761
11 0.542199 0.957346 0.085183 0.039552
1 0.156522 0.850218 0.015345 0.050761
11 0.156522 0.891779 0.047746 0.039552
3 0.286957 0.850218 0.051151 0.135364
11 0.286957 0.854448 0.043208 0.086294
13 0.060614 0.850218 0.025064 0.016920
13 0.136061 0.850218 0.027621 0.016920
13 0.175703 0.850218 0.025064 0.016920
13 0.060614 0.435702 0.025064 0.016920
13 0.134783 0.435702 0.025064 0.016920
13 0.208951 0.435702 0.025064 0.016920
13 0.280563 0.435702 0.019949 0.016920
13 0.249872 0.850218 0.025064 0.016920
13 0.340153 0.642960 0.052174 0.285920
13 0.122251 0.621810 0.163683 0.328222
13 0.406777 0.850735 0.034015 0.016920
13 0.352174 0.435702 0.025064 0.016920
13 0.215345 0.248731 0.349872 0.245347
13 0.060614 0.104061 0.025064 0.016920
13 0.134783 0.104061 0.025064 0.016920
13 0.284399 0.104061 0.175959 0.016920
13 0.430435 0.104061 0.017903 0.016920
13 0.426343 0.435702 0.025064 0.016920
13 0.421228 0.291032 0.050639 0.245347
13 0.464706 0.435702 0.025064 0.016920
13 0.543350 0.436219 0.034015 0.016920
13 0.539898 0.850625 0.058824 0.016920
13 0.675959 0.850218 0.025064 0.016920
13 0.750128 0.850218 0.025064 0.016920
13 0.824297 0.850218 0.025064 0.016920
13 0.898465 0.850218 0.025064 0.016920
13 0.590793 0.366117 0.043990 0.078257
13 0.575448 0.501696 0.013299 0.071073
13 0.602813 0.533802 0.014834 0.016920
13 0.712788 0.533418 0.025064 0.016920
13 0.786957 0.533949 0.025064 0.016920
13 0.739770 0.366117 0.227366 0.078257
13 0.639898 0.533959 0.022506 0.016920
13 0.764834 0.598350 0.090281 0.068951
11 0.801790 0.541893 0.012276 0.080439
13 0.662532 0.598350 0.087724 0.068951
13 0.873913 0.436238 0.025064 0.016920
13 0.948082 0.435702 0.025064 0.016920
13 0.835678 0.501904 0.035550 0.071489
11 0.825583 0.514382 0.011268 0.043147
13 0.469693 0.850627 0.054987 0.016920
13 0.483887 0.900107 0.103325 0.038864
13 0.601023 0.850751 0.026598 0.016920
13 0.608951 0.745752 0.135550 0.296073
13 0.564322 0.900048 0.030946 0.038745
13 0.504066 0.664111 0.005115 0.328222
13 0.326087 0.850218 0.029156 0.016920
