8 0.500081 0.242778 0.993398 0.464392
8 0.500081 0.768959 0.993398 0.440917
3 0.107666 0.215168 0.056370 0.141093
3 0.189402 0.215168 0.056370 0.141093
3 0.347238 0.215168 0.056370 0.141093
3 0.443067 0.215168 0.056370 0.141093
3 0.271139 0.215168 0.056370 0.141093
3 0.524803 0.215168 0.056370 0.141093
0 0.045660 0.215168 0.016911 0.052910
3 0.648816 0.215168 0.056370 0.141093
1 0.586809 0.215168 0.016911 0.052910
1 0.788379 0.215168 0.016911 0.052910
3 0.850386 0.215168 0.056370 0.141093
1 0.709600 0.215168 0.016911 0.052910
1 0.788544 0.379705 0.016911 0.052910
3 0.850551 0.379705 0.056370 0.141093
2 0.911829 0.215168 0.015784 0.049383
0 0.536077 0.768959 0.016911 0.052910
3 0.589529 0.768959 0.056370 0.141093
3 0.659992 0.768959 0.056370 0.141093
2 0.743983 0.768959 0.015784 0.049383
0 0.045660 0.000000 0.016911 0.052910
3 0.096392 0.000000 0.056370 0.141093
3 0.279594 0.000000 0.056370 0.141093
3 0.395152 0.000000 0.056370 0.141093
1 0.333145 0.000000 0.016911 0.052910
3 0.175310 0.000000 0.056370 0.141093
3 0.499436 0.000000 0.056370 0.141093
1 0.561443 0.000000 0.016911 0.052910
3 0.623450 0.000000 0.056370 0.141093
3 0.785600 0.000000 0.056370 0.141093
1 0.227734 0.000000 0.016911 0.052910
2 0.847043 0.000000 0.015784 0.049383
1 0.698346 0.000000 0.016911 0.052910
10 0.499436 0.000000 0.049605 0.171076
12 0.061161 0.000000 0.016347 0.017637
12 0.066798 0.215168 0.027621 0.017637
12 0.148534 0.215168 0.027621 0.017637
12 0.316234 0.000000 0.019166 0.017637
12 0.354284 0.000000 0.027621 0.017637
12 0.268445 0.000000 0.131655 0.467372
12 0.135851 0.000000 0.024803 0.017637
12 0.211387 0.000000 0.018038 0.017637
12 0.243799 0.000000 0.017475 0.017637
12 0.230271 0.215168 0.027621 0.017637
12 0.330021 0.000000 0.095894 0.423280
12 0.309188 0.215168 0.021984 0.017637
12 0.395152 0.215168 0.041714 0.017637
12 0.447294 0.000000 0.050169 0.017637
12 0.483935 0.215168 0.027621 0.017637
12 0.552938 0.768959 0.019067 0.017637
12 0.565671 0.215168 0.027621 0.017637
12 0.607948 0.215168 0.027621 0.017637
12 0.540304 0.000000 0.027621 0.017637
12 0.593937 0.000000 0.067243 0.467372
12 0.582582 0.000000 0.027621 0.017637
12 0.670762 0.000000 0.040510 0.017637
12 0.495945 0.000000 0.009238 0.045077
12 0.471429 0.000000 0.044302 0.423280
12 0.689073 0.215168 0.026398 0.017637
12 0.809518 0.215168 0.027621 0.017637
12 0.748990 0.215168 0.064123 0.017637
12 0.749072 0.297523 0.064288 0.171765
12 0.765983 0.343094 0.115021 0.209998
12 0.809683 0.358020 0.027621 0.033076
12 0.891254 0.215168 0.027621 0.017637
12 0.826468 0.000000 0.027621 0.017637
12 0.712134 0.768959 0.050169 0.017637
12 0.624760 0.768959 0.016347 0.017637
12 0.623401 0.470018 0.075437 0.463845
12 0.536077 0.514109 0.005637 0.463845
12 0.732108 0.000000 0.052869 0.017637
12 0.774366 0.000000 0.154295 0.467372
12 0.150630 0.000000 0.212196 0.467372
