8 0.500063 0.163342 0.994702 0.311721
8 0.500063 0.500000 0.994702 0.311721
8 0.500063 0.836658 0.994702 0.311721
0 0.029837 0.094763 0.013562 0.037406
3 0.080922 0.094763 0.045208 0.099751
3 0.146474 0.094763 0.045208 0.099751
3 0.212025 0.094763 0.045208 0.099751
3 0.277577 0.094763 0.045208 0.099751
3 0.350814 0.213217 0.045208 0.099751
2 0.400090 0.213217 0.012658 0.034913
1 0.301085 0.213217 0.013562 0.037406
3 0.452532 0.094763 0.045208 0.099751
1 0.501808 0.094763 0.013562 0.037406
3 0.615732 0.094763 0.045208 0.099751
1 0.677893 0.094763 0.013562 0.037406
3 0.727622 0.094763 0.045208 0.099751
2 0.776899 0.094763 0.012658 0.034913
4 0.537975 0.094763 0.018083 0.049875
3 0.566117 0.213217 0.045208 0.099751
0 0.029837 0.500000 0.013562 0.037406
3 0.079566 0.500000 0.045208 0.099751
3 0.212025 0.500000 0.045208 0.099751
3 0.146474 0.500000 0.045208 0.099751
3 0.277577 0.500000 0.045208 0.099751
3 0.343128 0.500000 0.045208 0.099751
2 0.392405 0.500000 0.012658 0.034913
1 0.443490 0.568579 0.013562 0.037406
3 0.493219 0.568579 0.045208 0.099751
2 0.542495 0.568579 0.012658 0.034913
1 0.804656 0.449252 0.013562 0.037406
3 0.854385 0.449252 0.045208 0.099751
2 0.903662 0.449252 0.012658 0.034913
1 0.599525 0.449252 0.013562 0.037406
1 0.029837 0.836658 0.013562 0.037406
3 0.079566 0.836658 0.045208 0.099751
3 0.145118 0.836658 0.045208 0.099751
3 0.210669 0.836658 0.045208 0.099751
2 0.259946 0.836658 0.012658 0.034913
12 0.047468 0.094763 0.023508 0.012469
12 0.113698 0.094763 0.022152 0.012469
12 0.179250 0.094763 0.022152 0.012469
12 0.244801 0.094763 0.022152 0.012469
12 0.153707 0.312968 0.249548 0.341646
12 0.046790 0.500000 0.022152 0.012469
12 0.383341 0.213217 0.021654 0.012469
12 0.290653 0.356608 0.122131 0.192020
12 0.113020 0.500000 0.023508 0.012469
12 0.179250 0.500000 0.022152 0.012469
12 0.220389 0.331671 0.149638 0.241895
12 0.318038 0.213217 0.022152 0.012469
12 0.244801 0.516625 0.022152 0.012469
12 0.365054 0.094763 0.131555 0.012469
12 0.374828 0.297382 0.157215 0.310474
12 0.310353 0.516625 0.022152 0.012469
12 0.189873 0.690190 0.308318 0.285618
12 0.046790 0.836658 0.022152 0.012469
12 0.112342 0.836658 0.022152 0.012469
12 0.177893 0.836658 0.022152 0.012469
12 0.375904 0.500000 0.022152 0.012469
12 0.334991 0.698085 0.205244 0.244050
12 0.243445 0.836658 0.022152 0.012469
12 0.460443 0.568579 0.022152 0.012469
12 0.501808 0.316085 0.004521 0.410224
12 0.485081 0.094763 0.021700 0.012469
12 0.525995 0.568579 0.022152 0.012469
12 0.821609 0.449252 0.022152 0.012469
12 0.887161 0.449252 0.022152 0.012469
12 0.654724 0.094763 0.034584 0.012469
12 0.694846 0.094763 0.022152 0.012469
12 0.760398 0.094763 0.022152 0.012469
12 0.518761 0.095054 0.022152 0.012469
12 0.570072 0.095130 0.047920 0.012469
12 0.585027 0.346820 0.025510 0.172444
12 0.549131 0.141521 0.012148 0.048628
12 0.758228 0.258132 0.148915 0.300343
12 0.713441 0.290617 0.170676 0.296945
