8 0.608150 0.162374 0.709718 0.313707
11 0.260188 0.166632 0.015047 0.048259
8 0.483448 0.493560 0.959373 0.313707
11 0.010658 0.499149 0.015047 0.063339
8 0.500138 0.824747 0.992752 0.313707
11 0.010658 0.833662 0.015047 0.101042
0 0.305016 0.162833 0.018809 0.027599
11 0.305016 0.185430 0.063177 0.021504
3 0.373981 0.162833 0.062696 0.073597
11 0.373981 0.163063 0.065293 0.023459
3 0.464890 0.162833 0.062696 0.073597
11 0.464890 0.165133 0.066744 0.046918
3 0.563765 0.162833 0.078627 0.073597
11 0.563765 0.165133 0.110273 0.046918
2 0.686834 0.162833 0.017555 0.025759
11 0.686834 0.184510 0.194852 0.021504
3 0.133856 0.494020 0.062696 0.073597
11 0.133856 0.494250 0.055137 0.023459
3 0.300000 0.494020 0.062696 0.073597
11 0.300000 0.494250 0.055862 0.023459
3 0.403448 0.494020 0.062696 0.073597
11 0.403448 0.494250 0.066744 0.023459
4 0.786050 0.494020 0.025078 0.036799
2 0.923354 0.494020 0.017555 0.025759
11 0.923354 0.515697 0.028596 0.021504
1 0.729898 0.457222 0.018809 0.027599
11 0.729898 0.479818 0.063842 0.021504
1 0.729859 0.530819 0.018809 0.027599
11 0.729859 0.553415 0.075813 0.021504
3 0.857681 0.494239 0.062696 0.073597
11 0.857681 0.494469 0.062391 0.023459
0 0.061912 0.494020 0.018809 0.027599
11 0.061912 0.516617 0.069163 0.021504
1 0.221787 0.494020 0.018809 0.027599
11 0.221787 0.516617 0.061182 0.021504
3 0.494357 0.494020 0.062696 0.073597
11 0.494357 0.494250 0.062391 0.023459
0 0.061755 0.825207 0.018809 0.027599
11 0.061755 0.847804 0.061847 0.021504
3 0.130721 0.825207 0.062696 0.073597
11 0.130721 0.827507 0.073274 0.046918
3 0.221630 0.825207 0.062696 0.073597
11 0.221630 0.825437 0.071097 0.023459
3 0.312539 0.825207 0.062696 0.073597
11 0.312539 0.825437 0.072548 0.023459
3 0.403448 0.825207 0.062696 0.073597
11 0.403448 0.827507 0.073274 0.046918
3 0.494357 0.825207 0.062696 0.073597
11 0.494357 0.827507 0.068921 0.046918
3 0.585266 0.825207 0.062696 0.073597
11 0.585266 0.827507 0.071823 0.046918
3 0.676176 0.825207 0.062696 0.073597
11 0.676176 0.825437 0.073274 0.023459
1 0.786285 0.954002 0.018809 0.027599
11 0.786285 0.976598 0.112389 0.021504
2 0.923354 0.788408 0.017555 0.025759
11 0.923354 0.810085 0.062512 0.021504
1 0.786285 0.788408 0.018809 0.027599
11 0.786285 0.811005 0.062512 0.021504
3 0.848981 0.900184 0.062696 0.073597
11 0.848981 0.900414 0.070372 0.023459
3 0.848981 0.788408 0.062696 0.073597
11 0.848981 0.788638 0.072548 0.023459
13 0.188793 0.494020 0.049687 0.009200
13 0.180878 0.671113 0.240752 0.284269
13 0.085266 0.825207 0.030721 0.009200
13 0.176176 0.825207 0.030721 0.009200
13 0.351724 0.494020 0.043260 0.009200
13 0.267085 0.825207 0.030721 0.009200
13 0.357994 0.825207 0.030721 0.009200
13 0.448903 0.825207 0.030721 0.009200
13 0.328527 0.162833 0.030721 0.009200
13 0.419436 0.162833 0.030721 0.009200
13 0.510345 0.162833 0.030721 0.009200
13 0.630721 0.825207 0.030721 0.009200
13 0.399687 0.482521 0.191850 0.615455
13 0.721708 0.825495 0.030878 0.009200
13 0.762813 0.898804 0.030643 0.114075
13 0.762813 0.796458 0.030643 0.024379
13 0.640567 0.162833 0.077486 0.009200
13 0.539812 0.825207 0.030721 0.009200
13 0.806661 0.936511 0.024451 0.022516
13 0.448903 0.494020 0.030721 0.009200
13 0.674902 0.475851 0.093691 0.040938
13 0.674882 0.512649 0.093652 0.040018
13 0.812461 0.494392 0.030251 0.009200
13 0.706642 0.600276 0.049020 0.379945
13 0.901803 0.494092 0.028056 0.009200
13 0.751705 0.482751 0.046121 0.027139
13 0.751936 0.494480 0.045657 0.009200
13 0.751685 0.505750 0.046160 0.026219
13 0.773746 0.722401 0.090282 0.359246
13 0.789302 0.855818 0.059169 0.045803
13 0.821983 0.652823 0.073903 0.247252
13 0.086912 0.494020 0.033699 0.009200
13 0.188793 0.494020 0.049687 0.009200
13 0.249922 0.494020 0.039969 0.009200
13 0.564969 0.494020 0.081034 0.009200
13 0.312539 0.659614 0.184326 0.261270
13 0.443103 0.659614 0.050470 0.261270
13 0.806661 0.788408 0.024451 0.009200
13 0.897453 0.788408 0.036755 0.009200
13 0.574516 0.494020 0.024009 0.592456
