8 0.443105 0.147191 0.878788 0.280899
11 0.010513 0.154017 0.014842 0.077360
8 0.499952 0.500000 0.992482 0.323596
11 0.010513 0.510889 0.014842 0.123407
8 0.443105 0.852809 0.878788 0.280899
11 0.010513 0.858010 0.014842 0.058941
0 0.047001 0.107865 0.018553 0.033708
11 0.047001 0.135463 0.063630 0.026264
3 0.115028 0.107865 0.061843 0.089888
11 0.115028 0.110674 0.084442 0.057303
3 0.204700 0.107865 0.061843 0.089888
11 0.204700 0.110674 0.064405 0.057303
3 0.294372 0.107865 0.061843 0.089888
11 0.294372 0.108146 0.061543 0.028652
1 0.513915 0.107865 0.018553 0.033708
11 0.513915 0.077037 0.073469 0.026264
3 0.610293 0.107865 0.061843 0.089888
11 0.610293 0.110674 0.065836 0.057303
3 0.384045 0.107865 0.061843 0.089888
11 0.384045 0.108146 0.080864 0.028652
3 0.789116 0.107865 0.061843 0.089888
11 0.789116 0.108146 0.059396 0.028652
2 0.856524 0.107865 0.017316 0.031461
11 0.856524 0.134340 0.039359 0.026264
3 0.699965 0.107865 0.061843 0.089888
11 0.699965 0.108146 0.072277 0.028652
1 0.159864 0.107865 0.018553 0.033708
11 0.159864 0.135463 0.050510 0.026264
0 0.047001 0.478652 0.018553 0.033708
11 0.047001 0.506250 0.067566 0.026264
3 0.115028 0.478652 0.061843 0.089888
11 0.115028 0.481461 0.080864 0.057303
3 0.204700 0.478652 0.061843 0.089888
11 0.204700 0.478933 0.070130 0.028652
3 0.294894 0.478652 0.061843 0.089888
11 0.294894 0.478933 0.055102 0.028652
3 0.384566 0.478652 0.061843 0.089888
11 0.384566 0.483989 0.051524 0.085955
1 0.542266 0.478652 0.018553 0.033708
11 0.544121 0.552317 0.141035 0.026264
3 0.474239 0.478652 0.061843 0.089888
11 0.474239 0.478933 0.060111 0.028652
3 0.610293 0.478652 0.061843 0.089888
11 0.610293 0.481461 0.066552 0.057303
1 0.730887 0.568539 0.018553 0.033708
11 0.730887 0.596138 0.081341 0.026264
3 0.798914 0.419663 0.061843 0.089888
11 0.798914 0.419944 0.078002 0.028652
3 0.798914 0.568539 0.061843 0.089888
11 0.798914 0.568820 0.067983 0.028652
2 0.884354 0.419663 0.017316 0.031461
11 0.884354 0.446138 0.080685 0.026264
1 0.730887 0.419663 0.018553 0.033708
11 0.730887 0.447261 0.081341 0.026264
0 0.050093 0.852809 0.018553 0.033708
11 0.050093 0.880407 0.067566 0.026264
3 0.118120 0.852809 0.061843 0.089888
11 0.118120 0.853090 0.064405 0.028652
3 0.207792 0.852809 0.061843 0.089888
11 0.207792 0.855618 0.065836 0.057303
3 0.297464 0.852809 0.061843 0.089888
11 0.297464 0.855618 0.084442 0.057303
2 0.364873 0.852809 0.017316 0.031461
11 0.364873 0.879284 0.074781 0.026264
13 0.070192 0.107865 0.030303 0.011236
13 0.148268 0.107865 0.007112 0.011236
13 0.125850 0.307303 0.160173 0.313483
13 0.070192 0.478652 0.030303 0.011236
13 0.249536 0.107865 0.030303 0.011236
13 0.159864 0.478652 0.030303 0.011236
13 0.254690 0.293258 0.102453 0.285393
13 0.249797 0.478652 0.030825 0.011236
13 0.245347 0.291732 0.077862 0.282339
13 0.339730 0.478652 0.030303 0.011236
13 0.429451 0.478652 0.030400 0.011236
13 0.262166 0.679775 0.426620 0.316854
13 0.073284 0.852809 0.030303 0.011236
13 0.162956 0.852809 0.030303 0.011236
13 0.252628 0.852809 0.030303 0.011236
13 0.565457 0.478652 0.030303 0.011236
13 0.549457 0.107865 0.062302 0.011236
13 0.339208 0.107865 0.030303 0.011236
13 0.459802 0.107865 0.092146 0.011236
13 0.562104 0.279213 0.098852 0.313483
13 0.794015 0.263764 0.006184 0.226404
13 0.833952 0.107865 0.030303 0.011236
13 0.852766 0.419663 0.048334 0.011236
13 0.342301 0.852809 0.030303 0.011236
13 0.754078 0.568539 0.030303 0.011236
13 0.655129 0.107865 0.030303 0.011236
13 0.744540 0.107865 0.029781 0.011236
13 0.171459 0.107865 0.007112 0.011236
13 0.384305 0.293258 0.006184 0.285393
13 0.519075 0.478652 0.030303 0.011236
13 0.415227 0.643258 0.237999 0.333708
13 0.655129 0.478652 0.030303 0.011236
13 0.754078 0.419663 0.030303 0.011236
13 0.701666 0.437921 0.042362 0.041011
13 0.701666 0.534831 0.042362 0.071910
13 0.746347 0.501404 0.107607 0.048876
