8 0.223000 0.052667 0.446000 0.072000
8 0.223000 0.180667 0.446000 0.108000
8 0.154667 0.278833 0.309333 0.067667
0 0.020000 0.040000 0.010000 0.010000
3 0.056667 0.040000 0.033333 0.026667
1 0.099667 0.040000 0.010000 0.010000
3 0.136333 0.040000 0.033333 0.026667
3 0.184667 0.040000 0.033333 0.026667
3 0.240000 0.040000 0.033333 0.026667
1 0.276667 0.040000 0.010000 0.010000
3 0.313333 0.040000 0.033333 0.026667
2 0.366667 0.040000 0.009333 0.009333
0 0.020000 0.140000 0.010000 0.010000
3 0.056667 0.140000 0.033333 0.026667
3 0.105000 0.140000 0.033333 0.026667
3 0.105000 0.173333 0.033333 0.026667
3 0.201667 0.173333 0.033333 0.026667
3 0.153333 0.173333 0.033333 0.026667
1 0.240000 0.173333 0.010000 0.010000
3 0.276667 0.173333 0.033333 0.026667
3 0.341667 0.143333 0.033333 0.026667
1 0.313500 0.155000 0.010000 0.010000
1 0.330000 0.190000 0.010000 0.010000
3 0.366667 0.190000 0.033333 0.026667
0 0.031667 0.253333 0.010000 0.010000
3 0.031667 0.291667 0.033333 0.026667
3 0.080000 0.291667 0.033333 0.026667
3 0.128333 0.291667 0.033333 0.026667
