8 0.500040 0.500217 0.990380 0.973037
11 0.013743 0.570227 0.019402 0.793444
11 0.037995 0.554706 0.019402 0.617539
0 0.077607 0.139269 0.024252 0.068493
11 0.077607 0.195348 0.163780 0.053368
3 0.154406 0.139269 0.080841 0.182648
11 0.154406 0.144977 0.097286 0.116438
3 0.312045 0.139269 0.080841 0.182648
11 0.312045 0.144977 0.100092 0.116438
1 0.384802 0.139269 0.024252 0.068493
11 0.384802 0.042380 0.096039 0.053368
4 0.227162 0.139269 0.032336 0.091324
11 0.255919 0.182078 0.060804 0.058219
1 0.503719 0.609475 0.024252 0.068493
11 0.503719 0.546832 0.129481 0.053368
3 0.603072 0.609475 0.080841 0.182648
11 0.603072 0.615183 0.068287 0.116438
1 0.503719 0.390411 0.024252 0.068493
11 0.503719 0.327768 0.104614 0.053368
3 0.603072 0.390411 0.080841 0.182648
11 0.603072 0.396119 0.090738 0.116438
4 0.686742 0.390411 0.032336 0.091324
1 0.772838 0.390411 0.024252 0.068493
11 0.772838 0.446490 0.097754 0.053368
2 0.925627 0.798744 0.022635 0.063927
11 0.925627 0.852540 0.160351 0.053368
4 0.869846 0.798744 0.032336 0.091324
3 0.776799 0.139269 0.080841 0.182648
11 0.776799 0.144977 0.096351 0.116438
1 0.507680 0.139269 0.024252 0.068493
11 0.507680 0.195348 0.179215 0.053368
4 0.686742 0.139269 0.032336 0.091324
2 0.943088 0.139269 0.022635 0.063927
13 0.101859 0.139269 0.027486 0.022831
13 0.362571 0.139269 0.023444 0.022831
13 0.202910 0.140026 0.019402 0.022831
13 0.539248 0.609475 0.050040 0.022831
13 0.539248 0.390411 0.050040 0.022831
13 0.657033 0.391144 0.030315 0.022831
13 0.407579 0.139789 0.024535 0.022831
13 0.463197 0.397203 0.060024 0.433676
13 0.463197 0.287671 0.060024 0.214612
13 0.473060 0.139812 0.048222 0.022831
13 0.731811 0.390959 0.061035 0.022831
13 0.257478 0.140007 0.031528 0.022831
11 0.254038 0.113248 0.018478 0.058469
13 0.595190 0.139826 0.154002 0.022831
13 0.719644 0.139997 0.036702 0.022831
13 0.540622 0.492394 0.629345 0.624057
11 0.216249 0.150155 0.019402 0.112280
13 0.900162 0.799269 0.031528 0.022831
13 0.827607 0.571747 0.088521 0.371804
13 0.756871 0.681279 0.229992 0.152740
13 0.874495 0.139269 0.117785 0.022831
13 0.687146 0.264840 0.008084 0.168950
11 0.675829 0.309972 0.019402 0.112280
