8 0.209183 0.076032 0.408367 0.142063
0 0.035000 0.023333 0.010000 0.010000
3 0.066667 0.023333 0.033333 0.026667
3 0.131667 0.023333 0.033333 0.026667
1 0.161667 0.023333 0.010000 0.010000
4 0.096667 0.023333 0.013333 0.013333
1 0.210700 0.091983 0.010000 0.010000
3 0.251667 0.091983 0.033333 0.026667
1 0.210700 0.060000 0.010000 0.010000
3 0.251667 0.060000 0.033333 0.026667
4 0.286167 0.060000 0.013333 0.013333
1 0.321667 0.060000 0.010000 0.010000
2 0.384667 0.119617 0.009333 0.009333
4 0.361667 0.119617 0.013333 0.013333
3 0.323300 0.023333 0.033333 0.026667
1 0.212333 0.023333 0.010000 0.010000
4 0.286167 0.023333 0.013333 0.013333
2 0.391867 0.023333 0.009333 0.009333
