8 0.274667 0.197833 0.349333 0.115667
8 0.274667 0.305667 0.349333 0.078000
8 0.201667 0.120000 0.200000 0.020000
0 0.125000 0.181667 0.010000 0.010000
3 0.166667 0.181667 0.033333 0.026667
1 0.203333 0.181667 0.010000 0.010000
1 0.228333 0.181667 0.010000 0.010000
3 0.265000 0.181667 0.033333 0.026667
0 0.125000 0.296667 0.010000 0.010000
3 0.161667 0.296667 0.033333 0.026667
1 0.250000 0.296667 0.010000 0.010000
4 0.200000 0.296667 0.013333 0.013333
1 0.231667 0.275000 0.010000 0.010000
3 0.286667 0.296667 0.033333 0.026667
