8 0.500000 0.500000 0.991632 0.986456
11 0.011855 0.530528 0.016736 0.345989
9 0.510460 0.696388 0.970711 0.593679
11 0.032775 0.708959 0.016736 0.142466
9 0.510460 0.110045 0.970711 0.206546
11 0.032775 0.125228 0.016736 0.172069
9 0.510460 0.306433 0.970711 0.186230
11 0.032775 0.320800 0.016736 0.162818
0 0.066946 0.502257 0.020921 0.033860
11 0.066946 0.538516 0.087283 0.052765
3 0.143654 0.502257 0.069735 0.090293
11 0.143654 0.505079 0.075045 0.057562
4 0.274407 0.502257 0.027894 0.045147
11 0.312662 0.523420 0.092797 0.028781
3 0.405160 0.502257 0.069735 0.090293
11 0.405160 0.507619 0.066169 0.086343
3 0.405160 0.620767 0.069735 0.090293
11 0.405160 0.626129 0.079886 0.086343
3 0.506276 0.620767 0.069735 0.090293
11 0.506276 0.623589 0.058906 0.057562
4 0.586471 0.620767 0.027894 0.045147
11 0.617195 0.660553 0.070203 0.086343
4 0.485356 0.502257 0.027894 0.045147
11 0.542170 0.523420 0.148476 0.028781
5 0.215132 0.502257 0.027894 0.045147
3 0.708508 0.620767 0.069735 0.090293
11 0.708508 0.623589 0.068589 0.057562
3 0.708508 0.739278 0.069735 0.090293
11 0.708508 0.742099 0.068589 0.057562
3 0.708508 0.857223 0.069735 0.090293
11 0.708508 0.860045 0.068589 0.057562
4 0.670223 0.502822 0.027894 0.045147
4 0.796792 0.857223 0.027894 0.045147
4 0.796792 0.503000 0.027894 0.045147
3 0.405160 0.110609 0.069735 0.090293
11 0.405160 0.110892 0.091183 0.028781
3 0.876987 0.110609 0.069735 0.090293
11 0.876987 0.115971 0.068589 0.086343
2 0.952999 0.110609 0.019526 0.031603
5 0.796792 0.110609 0.027894 0.045147
3 0.565551 0.306998 0.069735 0.090293
11 0.565551 0.309819 0.074238 0.057562
13 0.093096 0.502257 0.034170 0.011287
13 0.455718 0.620767 0.034170 0.011287
13 0.556834 0.621122 0.034170 0.011287
13 0.637029 0.621099 0.076011 0.011287
13 0.630230 0.691309 0.089609 0.100451
13 0.630230 0.750282 0.089609 0.218397
13 0.322524 0.572799 0.098326 0.100451
11 0.264993 0.511992 0.016736 0.025903
13 0.455718 0.502612 0.034170 0.011287
13 0.508194 0.393341 0.047768 0.177201
11 0.475941 0.466845 0.016736 0.025903
13 0.189854 0.502438 0.025453 0.011287
13 0.244770 0.502510 0.034170 0.011287
13 0.292887 0.295147 0.157601 0.373589
13 0.611437 0.110609 0.345607 0.011287
13 0.763110 0.857435 0.042259 0.011287
13 0.826430 0.110967 0.034170 0.011287
13 0.927545 0.110609 0.034170 0.011287
13 0.577789 0.503103 0.159763 0.011287
11 0.512959 0.489652 0.024523 0.028886
13 0.329324 0.502257 0.084728 0.011287
11 0.301670 0.488995 0.024507 0.028781
13 0.733508 0.503475 0.101464 0.011287
13 0.635495 0.393623 0.072943 0.177765
13 0.763110 0.798533 0.042259 0.123025
13 0.763110 0.739278 0.042259 0.241535
13 0.797141 0.306805 0.006974 0.351759
13 0.797141 0.680112 0.006974 0.313591
