8 0.500000 0.500000 0.990618 0.972028
0 0.075059 0.305361 0.023456 0.069930
3 0.172791 0.305361 0.078186 0.186480
4 0.262705 0.305361 0.031274 0.093240
3 0.352619 0.305361 0.078186 0.186480
1 0.523847 0.305361 0.023456 0.069930
3 0.637217 0.305361 0.078186 0.186480
3 0.262705 0.571096 0.078186 0.186480
3 0.750586 0.305361 0.078186 0.186480
1 0.523847 0.571096 0.023456 0.069930
3 0.637217 0.571096 0.078186 0.186480
4 0.727131 0.571096 0.031274 0.093240
3 0.863956 0.571096 0.078186 0.186480
3 0.863956 0.862471 0.078186 0.186480
2 0.949179 0.862471 0.021892 0.065268
2 0.949179 0.571096 0.021892 0.065268
2 0.835809 0.305361 0.021892 0.065268
12 0.110242 0.305361 0.050039 0.023310
12 0.229476 0.306093 0.038311 0.023310
12 0.295934 0.306099 0.038311 0.023310
12 0.407349 0.306100 0.034402 0.023310
12 0.262936 0.414918 0.007819 0.135198
12 0.566849 0.305361 0.065676 0.023310
12 0.693901 0.305361 0.038311 0.023310
12 0.483190 0.305920 0.060985 0.023310
12 0.475567 0.461538 0.076231 0.228438
12 0.566849 0.571096 0.065676 0.023310
12 0.693901 0.571827 0.038311 0.023310
12 0.783815 0.571780 0.085223 0.023310
12 0.776192 0.740093 0.100469 0.254079
12 0.920641 0.862471 0.038311 0.023310
12 0.920641 0.571096 0.038311 0.023310
12 0.807271 0.305361 0.038311 0.023310
