8 0.364616 0.163342 0.721623 0.311721
8 0.500041 0.500000 0.992473 0.311721
8 0.446332 0.836658 0.885054 0.311721
0 0.087825 0.163342 0.019023 0.037406
3 0.157578 0.163342 0.063412 0.099751
3 0.249524 0.163342 0.063412 0.099751
2 0.399493 0.163342 0.017755 0.034913
0 0.098922 0.500000 0.019023 0.037406
3 0.168675 0.500000 0.063412 0.099751
1 0.249524 0.500000 0.019023 0.037406
1 0.308180 0.500000 0.019023 0.037406
3 0.377933 0.500000 0.063412 0.099751
1 0.447685 0.500000 0.019023 0.037406
1 0.495244 0.500000 0.019023 0.037406
1 0.542803 0.500000 0.019023 0.037406
1 0.733037 0.500000 0.019023 0.037406
1 0.733037 0.406484 0.019023 0.037406
2 0.906880 0.406484 0.017755 0.034913
3 0.802790 0.500000 0.063412 0.099751
1 0.590361 0.500000 0.019023 0.037406
0 0.041852 0.836658 0.019023 0.037406
3 0.111604 0.836658 0.063412 0.099751
3 0.203551 0.836658 0.063412 0.099751
3 0.295498 0.836658 0.063412 0.099751
1 0.374128 0.836658 0.019023 0.037406
1 0.421687 0.836658 0.019023 0.037406
1 0.469245 0.836658 0.019023 0.037406
1 0.516804 0.836658 0.019023 0.037406
3 0.644261 0.836658 0.063412 0.099751
3 0.736208 0.836658 0.063412 0.099751
2 0.805327 0.836658 0.017755 0.034913
1 0.574509 0.836658 0.019023 0.037406
12 0.065631 0.836658 0.031072 0.012469
12 0.157578 0.836658 0.031072 0.012469
12 0.249524 0.836658 0.031072 0.012469
12 0.345910 0.836658 0.039949 0.012469
12 0.122701 0.500000 0.031072 0.012469
12 0.220197 0.500000 0.042169 0.012469
12 0.397907 0.836658 0.031072 0.012469
12 0.335606 0.668329 0.174699 0.304239
12 0.278852 0.500000 0.042169 0.012469
12 0.445466 0.836658 0.031072 0.012469
12 0.388713 0.668329 0.163602 0.304239
12 0.331959 0.500000 0.031072 0.012469
12 0.423906 0.500000 0.031072 0.012469
12 0.493025 0.836658 0.031072 0.012469
12 0.482245 0.668329 0.071655 0.304239
12 0.471465 0.500000 0.031072 0.012469
12 0.218029 0.658978 0.314734 0.322943
12 0.269499 0.322319 0.454027 0.322943
12 0.111604 0.163342 0.031072 0.012469
12 0.203551 0.163342 0.031072 0.012469
12 0.519023 0.500000 0.031072 0.012469
12 0.545656 0.836658 0.041218 0.012469
12 0.566582 0.500000 0.031072 0.012469
12 0.622337 0.500296 0.047464 0.012469
12 0.696845 0.500300 0.055897 0.012469
12 0.690663 0.440773 0.068262 0.073566
12 0.820276 0.406484 0.157990 0.012469
12 0.756817 0.500000 0.031072 0.012469
12 0.764857 0.560474 0.216652 0.125935
12 0.598288 0.836658 0.031072 0.012469
12 0.690235 0.836658 0.031072 0.012469
12 0.782181 0.836658 0.031072 0.012469
12 0.582435 0.668329 0.018389 0.304239
12 0.335923 0.163342 0.111921 0.012469
12 0.471148 0.331047 0.145847 0.305486
