8 0.500000 0.500000 0.990812 0.989779
9 0.511485 0.784072 0.967841 0.421635
9 0.511485 0.215928 0.967841 0.421635
9 0.511485 0.500000 0.967841 0.146508
5 0.284074 0.620954 0.030628 0.034072
3 0.398928 0.749574 0.076570 0.068143
5 0.800919 0.749574 0.030628 0.034072
3 0.800919 0.843271 0.076570 0.068143
2 0.800919 0.927598 0.021440 0.023850
0 0.073507 0.111584 0.022971 0.025554
3 0.192190 0.111584 0.076570 0.068143
4 0.284074 0.111584 0.030628 0.034072
3 0.284074 0.370528 0.076570 0.068143
5 0.444870 0.111584 0.030628 0.034072
3 0.548239 0.111584 0.076570 0.068143
3 0.548239 0.201022 0.076570 0.068143
3 0.548239 0.283646 0.076570 0.068143
5 0.663093 0.111584 0.030628 0.034072
3 0.800919 0.111584 0.076570 0.068143
4 0.284074 0.499148 0.030628 0.034072
3 0.594181 0.499148 0.076570 0.068143
13 0.119832 0.110733 0.068913 0.008518
13 0.249617 0.111849 0.041348 0.008518
13 0.284278 0.232538 0.007657 0.211244
13 0.364472 0.112010 0.133231 0.008518
13 0.485069 0.111846 0.052833 0.008518
13 0.477603 0.164821 0.067764 0.075809
13 0.477603 0.206133 0.067764 0.158433
13 0.617152 0.111839 0.064319 0.008518
13 0.625000 0.164821 0.080015 0.075809
13 0.625000 0.206133 0.080015 0.158433
13 0.720521 0.111833 0.087289 0.008518
13 0.284290 0.443356 0.007657 0.080920
13 0.322550 0.693782 0.079250 0.114991
13 0.284456 0.560051 0.007657 0.091141
13 0.427642 0.499377 0.259571 0.008518
13 0.611409 0.749799 0.351455 0.008518
13 0.801146 0.787905 0.007657 0.045997
13 0.716884 0.615843 0.171899 0.236797
13 0.801115 0.439097 0.007657 0.590290
13 0.800919 0.896508 0.007657 0.041738
11 0.015773 0.500000 0.010720 0.036650
11 0.038744 0.500000 0.010720 0.054827
11 0.033231 0.215928 0.010720 0.049993
11 0.038744 0.784072 0.010720 0.061655
11 0.398928 0.749233 0.043408 0.024191
11 0.802076 0.842930 0.062739 0.024191
11 0.800967 0.946252 0.055226 0.010221
11 0.073178 0.131090 0.063661 0.010221
11 0.192190 0.111244 0.064517 0.024191
11 0.320247 0.125980 0.052438 0.010221
11 0.284074 0.370187 0.062312 0.048722
11 0.549513 0.111244 0.040103 0.024191
11 0.549396 0.200681 0.045224 0.024191
11 0.549396 0.283305 0.045224 0.024191
11 0.802076 0.111244 0.064378 0.048722
11 0.347728 0.519165 0.052271 0.021465
11 0.595337 0.498807 0.056195 0.024191
11 0.273659 0.108092 0.015924 0.010221
11 0.309174 0.100426 0.007322 0.010221
11 0.273659 0.495656 0.015924 0.010221
11 0.309174 0.487138 0.007322 0.010221
