8 0.500057 0.500000 0.990701 0.984252
9 0.511821 0.171916 0.967172 0.328084
9 0.511821 0.500000 0.967172 0.328084
9 0.511821 0.828084 0.967172 0.328084
3 0.668349 0.198163 0.078431 0.104987
0 0.098824 0.500000 0.023529 0.039370
3 0.252662 0.500000 0.078431 0.104987
4 0.342858 0.500000 0.031373 0.052493
3 0.464427 0.591864 0.078431 0.104987
3 0.464427 0.434383 0.078431 0.104987
3 0.578152 0.591864 0.078431 0.104987
3 0.691878 0.591864 0.078431 0.104987
3 0.578152 0.434383 0.078431 0.104987
4 0.668349 0.434383 0.031373 0.052493
4 0.782074 0.434659 0.031373 0.052493
5 0.173333 0.500000 0.031373 0.052493
4 0.782074 0.591864 0.031373 0.052493
3 0.252662 0.867454 0.078431 0.104987
5 0.782074 0.867454 0.031373 0.052493
3 0.870701 0.867454 0.078431 0.104987
2 0.956192 0.867454 0.021961 0.036745
13 0.134118 0.500309 0.050196 0.013123
13 0.309525 0.500412 0.038431 0.013123
13 0.384231 0.454068 0.085098 0.044619
13 0.384231 0.559055 0.085098 0.070866
13 0.521290 0.591864 0.038431 0.013123
13 0.635015 0.591864 0.038431 0.013123
13 0.521290 0.434383 0.038431 0.013123
13 0.635015 0.434795 0.038431 0.013123
13 0.668566 0.329396 0.007843 0.162730
13 0.725211 0.435176 0.085491 0.013123
13 0.745015 0.303288 0.078040 0.215499
13 0.201233 0.500428 0.027564 0.013123
13 0.193586 0.696850 0.042858 0.346457
13 0.529133 0.867796 0.477647 0.013123
13 0.814623 0.867871 0.036862 0.013123
13 0.748741 0.592275 0.038431 0.013123
13 0.782466 0.513261 0.007843 0.109960
13 0.782466 0.729659 0.007843 0.228346
13 0.927564 0.867454 0.038431 0.013123
11 0.016157 0.500000 0.010980 0.122996
11 0.039686 0.828084 0.010980 0.054708
11 0.039686 0.500000 0.010980 0.077023
11 0.039686 0.171916 0.010980 0.088847
11 0.669420 0.197638 0.057561 0.037270
11 0.098971 0.538714 0.041078 0.033071
11 0.253734 0.499475 0.059559 0.037270
11 0.377384 0.522178 0.047316 0.015748
11 0.465496 0.591339 0.055993 0.037270
11 0.465498 0.433858 0.053897 0.037270
11 0.578039 0.591339 0.045256 0.037270
11 0.691765 0.591339 0.050495 0.037270
11 0.578039 0.433858 0.065132 0.037270
11 0.720104 0.465223 0.053542 0.033071
11 0.252549 0.866929 0.044464 0.037270
11 0.870588 0.866929 0.051005 0.037270
11 0.955809 0.904856 0.049657 0.033071
11 0.332261 0.375197 0.052757 0.015748
11 0.332004 0.414567 0.058517 0.015748
11 0.689216 0.389633 0.010588 0.015748
