8 0.499916 0.499919 0.994874 0.982447
9 0.506115 0.320685 0.982477 0.623979
9 0.506115 0.728656 0.982477 0.191963
9 0.506115 0.907890 0.982477 0.166505
0 0.058264 0.189855 0.012397 0.043478
4 0.217355 0.189855 0.016529 0.057971
3 0.274380 0.189855 0.041322 0.115942
4 0.518281 0.189855 0.016529 0.057971
3 0.254108 0.373913 0.041322 0.115942
4 0.377786 0.373913 0.016529 0.057971
1 0.429978 0.528293 0.012397 0.043478
4 0.474893 0.373913 0.016529 0.057971
5 0.105372 0.190035 0.016529 0.057971
3 0.153306 0.189855 0.041322 0.115942
3 0.444441 0.190187 0.041322 0.115942
1 0.377786 0.189855 0.012397 0.043478
3 0.562416 0.099833 0.041322 0.115942
3 0.562416 0.258974 0.041322 0.115942
3 0.562416 0.418115 0.041322 0.115942
3 0.562416 0.562319 0.041322 0.115942
4 0.622619 0.258974 0.016529 0.057971
4 0.677069 0.258974 0.016529 0.057971
1 0.815802 0.259329 0.012397 0.043478
5 0.722445 0.259329 0.016529 0.057971
2 0.968786 0.259329 0.011570 0.040580
3 0.314003 0.373913 0.041322 0.115942
3 0.377786 0.728326 0.041322 0.115942
3 0.105372 0.921638 0.041322 0.115942
3 0.815802 0.921638 0.041322 0.115942
1 0.877228 0.921638 0.012397 0.043478
13 0.080785 0.190286 0.034298 0.014493
13 0.225504 0.296377 0.017538 0.160870
13 0.239669 0.190298 0.029752 0.014493
13 0.530121 0.318478 0.024920 0.205072
13 0.530121 0.238907 0.024920 0.045930
13 0.530121 0.130351 0.024920 0.066834
13 0.284055 0.373913 0.020226 0.014493
13 0.377898 0.536627 0.004132 0.273254
13 0.408609 0.610194 0.033048 0.126120
13 0.426339 0.374638 0.082231 0.014493
13 0.123140 0.190427 0.020661 0.014493
13 0.191529 0.190286 0.036777 0.014493
13 0.105479 0.541344 0.004132 0.650444
13 0.487560 0.190416 0.046568 0.014493
13 0.333314 0.189855 0.078199 0.014493
13 0.508427 0.482609 0.068308 0.165217
13 0.602952 0.164911 0.041402 0.135953
13 0.598716 0.259409 0.032931 0.014493
13 0.602952 0.353037 0.041402 0.135953
13 0.649844 0.259699 0.039574 0.014493
13 0.630177 0.425139 0.095852 0.280157
13 0.699757 0.259874 0.030499 0.014493
13 0.770156 0.259684 0.080547 0.014493
13 0.424342 0.604976 0.598271 0.639121
13 0.815802 0.572368 0.004132 0.588397
13 0.853746 0.921638 0.036220 0.014493
13 0.923214 0.590483 0.081227 0.668107
13 0.403882 0.189985 0.041449 0.014493
13 0.352093 0.374344 0.036510 0.014493
13 0.451489 0.455042 0.032277 0.110084
11 0.020909 0.907971 0.005785 0.104903
11 0.020909 0.728986 0.005785 0.098118
11 0.020909 0.321014 0.005785 0.085060
11 0.058923 0.232609 0.031069 0.036522
11 0.217675 0.140435 0.029565 0.017391
11 0.275002 0.189275 0.023024 0.041159
11 0.254756 0.373333 0.028396 0.041159
11 0.378981 0.334058 0.028209 0.036522
11 0.430453 0.496377 0.030327 0.036522
11 0.153306 0.189275 0.022874 0.041159
11 0.444628 0.189275 0.023843 0.041159
11 0.562775 0.099420 0.027361 0.041159
11 0.562743 0.258841 0.027297 0.041159
11 0.562743 0.416812 0.027297 0.041159
11 0.562397 0.561739 0.026604 0.041159
11 0.816255 0.226812 0.032509 0.036522
11 0.968680 0.291159 0.033227 0.017391
11 0.314674 0.373333 0.030327 0.041159
11 0.378310 0.728406 0.030327 0.041159
11 0.105372 0.921159 0.023426 0.041159
11 0.815702 0.921159 0.026872 0.062029
11 0.877082 0.954928 0.030198 0.017391
11 0.211699 0.182464 0.009349 0.017391
11 0.230914 0.169420 0.004804 0.017391
11 0.372237 0.383913 0.004804 0.017391
11 0.414179 0.362174 0.009349 0.017391
