8 0.500057 0.500000 0.990701 0.984252
9 0.511821 0.171916 0.967172 0.328084
9 0.511821 0.500000 0.967172 0.328084
9 0.511821 0.828084 0.967172 0.328084
3 0.668349 0.198163 0.078431 0.104987
0 0.098824 0.500000 0.023529 0.039370
3 0.252662 0.500000 0.078431 0.104987
4 0.342858 0.500000 0.031373 0.052493
3 0.464427 0.591864 0.078431 0.104987
3 0.464427 0.434383 0.078431 0.104987
3 0.578152 0.591864 0.078431 0.104987
3 0.691878 0.591864 0.078431 0.104987
3 0.578152 0.434383 0.078431 0.104987
4 0.668349 0.434383 0.031373 0.052493
4 0.782074 0.434659 0.031373 0.052493
5 0.173333 0.500000 0.031373 0.052493
4 0.782074 0.591864 0.031373 0.052493
3 0.252662 0.867454 0.078431 0.104987
5 0.782074 0.867454 0.031373 0.052493
3 0.870701 0.867454 0.078431 0.104987
2 0.956192 0.867454 0.021961 0.036745
12 0.134118 0.500309 0.050196 0.013123
12 0.309525 0.500412 0.038431 0.013123
12 0.384231 0.454068 0.085098 0.044619
12 0.384231 0.559055 0.085098 0.070866
12 0.521290 0.591864 0.038431 0.013123
12 0.635015 0.591864 0.038431 0.013123
12 0.521290 0.434383 0.038431 0.013123
12 0.635015 0.434795 0.038431 0.013123
12 0.668566 0.329396 0.007843 0.162730
12 0.725211 0.435176 0.085491 0.013123
12 0.745015 0.303288 0.078040 0.215499
12 0.201233 0.500428 0.027564 0.013123
12 0.193586 0.696850 0.042858 0.346457
12 0.529133 0.867796 0.477647 0.013123
12 0.814623 0.867871 0.036862 0.013123
12 0.748741 0.592275 0.038431 0.013123
12 0.782466 0.513261 0.007843 0.109960
12 0.782466 0.729659 0.007843 0.228346
12 0.927564 0.867454 0.038431 0.013123
