8 0.500000 0.500000 0.991379 0.977186
11 0.012213 0.528874 0.017241 0.327234
0 0.090517 0.249049 0.021552 0.057034
11 0.090517 0.324501 0.084583 0.133317
3 0.169540 0.249049 0.071839 0.152091
11 0.169540 0.249525 0.060683 0.048479
4 0.252155 0.249049 0.028736 0.076046
11 0.250718 0.154943 0.086453 0.096958
3 0.821121 0.749049 0.071839 0.152091
11 0.821121 0.753802 0.053202 0.096958
2 0.913793 0.749049 0.020115 0.053232
11 0.913793 0.822600 0.065533 0.133317
3 0.334770 0.249049 0.071839 0.152091
11 0.334770 0.253802 0.092272 0.096958
3 0.438937 0.249049 0.071839 0.152091
11 0.438937 0.253802 0.083128 0.096958
1 0.599856 0.125475 0.021552 0.057034
11 0.599856 0.186549 0.065533 0.088878
3 0.678879 0.125475 0.071839 0.152091
11 0.678879 0.130228 0.071490 0.096958
3 0.880747 0.125475 0.071839 0.152091
11 0.880747 0.130228 0.053202 0.096958
2 0.959052 0.125475 0.020115 0.053232
11 0.959052 0.199026 0.065533 0.133317
1 0.599856 0.549430 0.021552 0.057034
11 0.599856 0.610504 0.067819 0.088878
3 0.678879 0.549430 0.071839 0.152091
11 0.678879 0.554183 0.080634 0.096958
4 0.747126 0.549430 0.028736 0.076046
11 0.783487 0.585076 0.086453 0.048479
3 0.818966 0.356464 0.071839 0.152091
11 0.818966 0.361217 0.070659 0.096958
2 0.897270 0.356464 0.020115 0.053232
11 0.897270 0.430014 0.070867 0.133317
1 0.599856 0.356464 0.021552 0.057034
11 0.599856 0.417538 0.070105 0.088878
4 0.747486 0.356464 0.028736 0.076046
4 0.747126 0.749049 0.028736 0.076046
13 0.117457 0.249049 0.035201 0.019011
13 0.221624 0.249646 0.035201 0.019011
13 0.492636 0.518536 0.483118 0.470532
11 0.242457 0.256281 0.017241 0.105961
13 0.880388 0.749049 0.049569 0.019011
13 0.282687 0.249651 0.035201 0.019011
11 0.276601 0.227402 0.017525 0.048696
13 0.386853 0.249049 0.035201 0.019011
13 0.501437 0.249622 0.056034 0.019011
13 0.565912 0.168251 0.049210 0.093156
13 0.626796 0.125475 0.035201 0.019011
13 0.932830 0.125475 0.035201 0.019011
13 0.565912 0.418251 0.049210 0.269962
13 0.626796 0.549430 0.035201 0.019011
13 0.723779 0.550052 0.020833 0.019011
13 0.871049 0.356464 0.035201 0.019011
13 0.565912 0.321768 0.049210 0.076996
13 0.671875 0.356926 0.125359 0.019011
13 0.772450 0.357086 0.024066 0.019011
13 0.747667 0.452947 0.007184 0.124525
11 0.737575 0.480707 0.017334 0.106199
13 0.773348 0.749666 0.026580 0.019011
13 0.747486 0.649240 0.007184 0.131179
11 0.737428 0.564910 0.017241 0.049864
13 0.779813 0.125475 0.132902 0.019011
