8 0.500129 0.499877 0.992156 0.974113
0 0.074949 0.374932 0.020257 0.064103
3 0.149223 0.374932 0.067522 0.170940
4 0.226874 0.374932 0.027009 0.085470
3 0.329507 0.374932 0.067522 0.170940
3 0.427414 0.374932 0.067522 0.170940
1 0.571573 0.822403 0.020257 0.064103
1 0.591492 0.377069 0.020257 0.064103
1 0.591492 0.606591 0.020257 0.064103
3 0.645847 0.822403 0.067522 0.170940
3 0.743754 0.822403 0.067522 0.170940
2 0.943957 0.822403 0.018906 0.059829
3 0.665766 0.377069 0.067522 0.170940
4 0.743417 0.377069 0.027009 0.085470
3 0.821067 0.163394 0.067522 0.170940
2 0.894666 0.163394 0.018906 0.059829
3 0.821067 0.606591 0.067522 0.170940
2 0.894666 0.606591 0.018906 0.059829
4 0.743754 0.606591 0.027009 0.085470
4 0.743754 0.163394 0.027009 0.085470
13 0.100270 0.374932 0.033086 0.021368
13 0.198177 0.375603 0.033086 0.021368
13 0.378460 0.374932 0.033086 0.021368
13 0.268062 0.375574 0.058069 0.021368
13 0.476367 0.375603 0.033086 0.021368
13 0.533423 0.620035 0.058744 0.413283
13 0.549966 0.376554 0.065496 0.021368
13 0.543383 0.512129 0.078663 0.197471
13 0.596894 0.822403 0.033086 0.021368
13 0.694801 0.822403 0.033086 0.021368
13 0.856009 0.822403 0.159689 0.021368
13 0.616813 0.377069 0.033086 0.021368
13 0.714720 0.377739 0.033086 0.021368
13 0.870020 0.163394 0.033086 0.021368
13 0.870020 0.606591 0.033086 0.021368
13 0.743921 0.491830 0.006752 0.152600
13 0.743925 0.270231 0.006752 0.136752
13 0.665935 0.607113 0.131330 0.021368
13 0.772282 0.607269 0.032748 0.021368
13 0.772282 0.164071 0.032748 0.021368
13 0.478731 0.248330 0.505739 0.176282
11 0.013910 0.500000 0.009453 0.150361
11 0.034166 0.500000 0.009453 0.176048
11 0.075150 0.451068 0.053068 0.082051
11 0.149223 0.373077 0.038502 0.029915
11 0.255790 0.424145 0.040277 0.053846
11 0.329507 0.373077 0.055259 0.060684
11 0.427414 0.373077 0.040071 0.029915
11 0.571784 0.885684 0.042961 0.053846
11 0.592774 0.439103 0.044427 0.053846
11 0.592500 0.669872 0.050631 0.053846
11 0.646185 0.821795 0.038734 0.060684
11 0.744092 0.821795 0.034898 0.060684
11 0.945038 0.883547 0.050779 0.053846
11 0.666782 0.375214 0.048405 0.060684
11 0.771248 0.412179 0.036757 0.025641
11 0.821067 0.161538 0.034898 0.060684
11 0.895821 0.223291 0.044174 0.053846
11 0.821067 0.605983 0.056511 0.029915
11 0.894847 0.653632 0.058432 0.025641
11 0.249662 0.345940 0.009115 0.025641
11 0.761761 0.358761 0.017783 0.025641
11 0.734470 0.303205 0.009115 0.025641
11 0.217534 0.271154 0.017783 0.025641
