8 0.479940 0.052786 0.887663 0.087977
8 0.500000 0.371379 0.987964 0.417244
8 0.500000 0.807918 0.987964 0.366569
0 0.096289 0.346041 0.030090 0.043988
3 0.206620 0.346041 0.100301 0.117302
1 0.380140 0.241198 0.030090 0.043988
1 0.459378 0.463343 0.030090 0.043988
3 0.676028 0.241198 0.100301 0.117302
3 0.573721 0.463343 0.100301 0.117302
1 0.676028 0.463343 0.030090 0.043988
3 0.786359 0.463343 0.100301 0.117302
2 0.935807 0.346041 0.028084 0.041056
4 0.856570 0.346041 0.040120 0.058651
0 0.096289 0.807918 0.030090 0.043988
3 0.206620 0.807918 0.100301 0.117302
4 0.300652 0.807918 0.040120 0.058651
3 0.394684 0.717606 0.100301 0.117302
2 0.882648 0.807918 0.028084 0.041056
3 0.460381 0.900890 0.100301 0.117302
3 0.585757 0.900890 0.100301 0.117302
3 0.711133 0.900890 0.100301 0.117302
4 0.792076 0.807918 0.040120 0.058651
13 0.096289 0.210411 0.010030 0.233138
13 0.133902 0.346041 0.049147 0.014663
13 0.151454 0.595308 0.114343 0.387097
13 0.133902 0.807918 0.049147 0.014663
13 0.268681 0.808399 0.027834 0.014663
13 0.279338 0.346501 0.049147 0.014663
13 0.355692 0.869067 0.113089 0.069512
13 0.383400 0.419355 0.125878 0.093842
13 0.510532 0.241198 0.234704 0.014663
13 0.676028 0.139661 0.010030 0.091638
13 0.498997 0.463343 0.053159 0.014663
13 0.573721 0.250733 0.010030 0.313783
13 0.523069 0.900890 0.029087 0.014663
13 0.648445 0.900890 0.029087 0.014663
13 0.642427 0.463343 0.041123 0.014663
13 0.693581 0.663788 0.039117 0.362767
13 0.713641 0.463343 0.049147 0.014663
13 0.786359 0.250733 0.010030 0.313783
13 0.846790 0.419355 0.024574 0.093842
13 0.899198 0.346382 0.049147 0.014663
13 0.791302 0.278957 0.134259 0.081382
13 0.380140 0.461074 0.010030 0.401627
13 0.459378 0.663788 0.010030 0.362767
13 0.343781 0.278957 0.046640 0.081382
13 0.618706 0.748099 0.351755 0.066852
13 0.840371 0.808262 0.060481 0.014663
13 0.776931 0.869067 0.035306 0.069512
13 0.322844 0.748099 0.047392 0.066852
11 0.479940 0.052199 0.048501 0.020528
11 0.020662 0.371701 0.014042 0.167224
11 0.098044 0.389296 0.079739 0.036950
11 0.206620 0.345455 0.062210 0.041642
11 0.381426 0.293402 0.082811 0.056305
11 0.458957 0.516276 0.087423 0.056305
11 0.677697 0.239883 0.050856 0.041642
11 0.575233 0.462757 0.071605 0.041642
11 0.677313 0.516276 0.082811 0.056305
11 0.788028 0.462757 0.050856 0.041642
11 0.937124 0.387830 0.074850 0.036950
11 0.020662 0.807918 0.014042 0.186790
11 0.098130 0.851173 0.077906 0.036950
11 0.206620 0.807331 0.082968 0.041642
11 0.365895 0.842375 0.053755 0.036950
11 0.395186 0.716422 0.081297 0.062757
11 0.884489 0.849707 0.077906 0.036950
11 0.460381 0.899707 0.085303 0.041642
11 0.585757 0.899707 0.083293 0.041642
11 0.711133 0.899707 0.081297 0.062757
11 0.287030 0.796041 0.026416 0.017595
11 0.287613 0.757918 0.013541 0.017595
