8 0.500283 0.500000 0.990940 0.984252
11 0.012599 0.538533 0.016988 0.436713
9 0.510900 0.828084 0.969706 0.328084
11 0.033834 0.845737 0.016988 0.200070
9 0.510900 0.171916 0.969706 0.328084
11 0.033834 0.186532 0.016988 0.165650
9 0.510900 0.500000 0.969706 0.328084
11 0.033834 0.516704 0.016988 0.189314
3 0.735277 0.775591 0.070781 0.104987
11 0.735277 0.775919 0.092552 0.033465
3 0.840739 0.775591 0.070781 0.104987
11 0.840739 0.781824 0.069619 0.100394
2 0.933536 0.775591 0.019819 0.036745
11 0.933536 0.806512 0.099855 0.030676
0 0.089751 0.171916 0.021234 0.039370
11 0.091874 0.234334 0.102858 0.030676
3 0.188845 0.171916 0.070781 0.104987
11 0.188845 0.175197 0.058971 0.066929
4 0.270243 0.171916 0.028313 0.052493
11 0.315513 0.172244 0.082723 0.033465
3 0.351642 0.080052 0.070781 0.104987
11 0.351642 0.086286 0.095009 0.100394
3 0.454275 0.080052 0.070781 0.104987
11 0.454275 0.083333 0.059790 0.066929
3 0.677237 0.080052 0.070781 0.104987
11 0.677237 0.083333 0.069619 0.066929
3 0.454275 0.244094 0.070781 0.104987
11 0.454275 0.247375 0.067161 0.066929
5 0.330408 0.244094 0.028313 0.052493
3 0.454275 0.500000 0.070781 0.104987
11 0.454275 0.503281 0.075352 0.066929
4 0.372877 0.500000 0.028313 0.052493
11 0.435164 0.442585 0.150704 0.033465
5 0.594776 0.516995 0.028313 0.052493
3 0.330762 0.408136 0.070781 0.104987
11 0.330762 0.411417 0.097466 0.066929
4 0.677237 0.516995 0.028313 0.052493
4 0.526685 0.516995 0.028313 0.052493
13 0.126911 0.171916 0.055917 0.013123
13 0.240161 0.172328 0.034683 0.013123
13 0.293424 0.112861 0.048485 0.070866
11 0.260688 0.131058 0.016988 0.027967
13 0.402959 0.080052 0.034683 0.013123
13 0.565756 0.080052 0.155011 0.013123
13 0.293424 0.221129 0.048485 0.051181
11 0.260688 0.178489 0.016988 0.062388
13 0.381724 0.244094 0.077152 0.013123
13 0.402959 0.500415 0.034683 0.013123
11 0.396144 0.485061 0.015629 0.033586
13 0.788008 0.775591 0.037512 0.013123
13 0.899878 0.775591 0.050328 0.013123
13 0.330762 0.312992 0.007078 0.090551
13 0.542398 0.367421 0.108296 0.251903
13 0.636006 0.517651 0.056979 0.013123
13 0.344741 0.480643 0.030790 0.045276
13 0.677424 0.311647 0.007078 0.363451
13 0.688739 0.659416 0.025127 0.237598
13 0.449958 0.576115 0.156993 0.104987
11 0.362967 0.505949 0.016988 0.062388
13 0.501097 0.508825 0.025694 0.022900
13 0.560730 0.517651 0.042610 0.013123
