8 0.500192 0.371659 0.986283 0.421148
8 0.500192 0.805399 0.986283 0.368413
8 0.500192 0.063830 0.986283 0.106383
0 0.148061 0.459676 0.035253 0.053191
3 0.277321 0.459676 0.117509 0.141844
1 0.532315 0.459233 0.035253 0.053191
3 0.708684 0.459233 0.117509 0.141844
2 0.836768 0.459233 0.032902 0.049645
1 0.620447 0.299604 0.035253 0.053191
3 0.789765 0.299604 0.117509 0.141844
0 0.148061 0.708418 0.035253 0.053191
3 0.277321 0.708418 0.117509 0.141844
4 0.388954 0.708418 0.047004 0.070922
3 0.620447 0.871773 0.117509 0.141844
3 0.789765 0.871773 0.117509 0.141844
3 0.532315 0.708418 0.117509 0.141844
2 0.682192 0.708418 0.032902 0.049645
13 0.148061 0.275051 0.011751 0.323151
13 0.192127 0.459676 0.057579 0.017730
13 0.192127 0.708418 0.057579 0.017730
13 0.350764 0.708998 0.034078 0.017730
13 0.350764 0.459966 0.034078 0.017730
13 0.463572 0.459894 0.106933 0.017730
13 0.599935 0.459233 0.104689 0.017730
13 0.708684 0.252666 0.011751 0.278382
13 0.793878 0.459233 0.057579 0.017730
13 0.496181 0.362029 0.217979 0.130578
13 0.684542 0.299604 0.097638 0.017730
13 0.789765 0.172852 0.011751 0.118753
13 0.705106 0.871773 0.056510 0.017730
13 0.532315 0.561662 0.011751 0.158759
13 0.628405 0.708418 0.079371 0.017730
13 0.620447 0.563526 0.011751 0.481744
13 0.629260 0.306613 0.504113 0.241411
13 0.443008 0.708418 0.065805 0.017730
13 0.631610 0.849645 0.506463 0.218625
13 0.475617 0.807826 0.176851 0.134987
13 0.212691 0.606210 0.133960 0.158316
11 0.024207 0.372340 0.016451 0.115885
11 0.147723 0.511525 0.055729 0.044681
11 0.277321 0.458511 0.072883 0.050355
11 0.532095 0.399823 0.074765 0.044681
11 0.708578 0.458511 0.072883 0.050355
11 0.838820 0.509752 0.091271 0.044681
11 0.619953 0.251950 0.102421 0.068085
11 0.789659 0.298936 0.087030 0.075887
11 0.024207 0.804965 0.016451 0.133644
11 0.149759 0.761525 0.092703 0.044681
11 0.277321 0.708511 0.097583 0.050355
11 0.437059 0.749113 0.068008 0.044681
11 0.620447 0.871631 0.099938 0.050355
11 0.789659 0.871631 0.097583 0.050355
11 0.532315 0.708511 0.098375 0.024823
11 0.683249 0.759752 0.092703 0.044681
11 0.428613 0.684220 0.015864 0.021277
11 0.406778 0.836702 0.030948 0.021277
11 0.500000 0.063121 0.056822 0.024823
