8 0.500139 0.341061 0.984633 0.470698
8 0.500139 0.050633 0.984633 0.084388
8 0.500139 0.815510 0.984633 0.351617
0 0.116292 0.400601 0.039113 0.042194
3 0.259708 0.400601 0.130378 0.112518
1 0.659713 0.400601 0.039113 0.042194
3 0.803129 0.400601 0.130378 0.112518
1 0.561930 0.261603 0.039113 0.042194
3 0.705346 0.261603 0.130378 0.112518
2 0.926341 0.400601 0.036506 0.039381
0 0.116292 0.815510 0.039113 0.042194
3 0.259708 0.815510 0.130378 0.112518
4 0.409643 0.815510 0.052151 0.056259
3 0.659713 0.720337 0.130378 0.112518
3 0.559577 0.920524 0.130378 0.112518
3 0.748626 0.920524 0.130378 0.112518
2 0.831165 0.720337 0.036506 0.039381
4 0.509778 0.720337 0.052151 0.056259
12 0.116292 0.236165 0.013038 0.292303
12 0.165184 0.400601 0.063885 0.014065
12 0.188000 0.625636 0.148631 0.343179
12 0.165184 0.815510 0.063885 0.014065
12 0.354232 0.815951 0.063885 0.014065
12 0.354232 0.401042 0.063885 0.014065
12 0.659713 0.542888 0.013038 0.248006
12 0.708605 0.400601 0.063885 0.014065
12 0.803129 0.218585 0.013038 0.257141
12 0.452341 0.882081 0.089309 0.082511
12 0.560754 0.573483 0.013038 0.587190
12 0.610821 0.261603 0.063885 0.014065
12 0.705346 0.149086 0.013038 0.118143
12 0.537937 0.400944 0.209653 0.014065
12 0.476334 0.317037 0.137294 0.116494
12 0.446999 0.753859 0.078623 0.072669
12 0.654102 0.920524 0.063885 0.014065
12 0.768907 0.720337 0.093225 0.014065
12 0.565189 0.720783 0.063885 0.014065
12 0.888203 0.400601 0.044985 0.014065
12 0.593872 0.243901 0.400261 0.262767
12 0.674381 0.834495 0.333116 0.177683
