8 0.500011 0.499604 0.991752 0.979472
11 0.011716 0.528628 0.016540 0.328936
9 0.510349 0.147576 0.971076 0.275416
11 0.032391 0.168511 0.016540 0.237265
9 0.510349 0.842904 0.971076 0.292872
11 0.032391 0.865029 0.016540 0.250746
9 0.510349 0.490876 0.971076 0.411184
11 0.032391 0.509195 0.016540 0.207607
3 0.614748 0.170075 0.068918 0.131579
11 0.614748 0.174187 0.073368 0.083882
3 0.554101 0.842959 0.068918 0.131579
11 0.554101 0.843370 0.090115 0.041941
3 0.880105 0.842959 0.068918 0.131579
11 0.880105 0.847071 0.067786 0.083882
2 0.955225 0.842959 0.019297 0.046053
11 0.955225 0.894151 0.074564 0.076891
0 0.076499 0.490876 0.020675 0.049342
11 0.076499 0.543714 0.074564 0.076891
3 0.201241 0.490876 0.068918 0.131579
11 0.201241 0.491288 0.076558 0.041941
4 0.280496 0.490876 0.027567 0.065789
11 0.301821 0.521715 0.042266 0.041941
3 0.356306 0.383968 0.068918 0.131579
11 0.356306 0.388080 0.065393 0.083882
3 0.356306 0.589561 0.068918 0.131579
11 0.356306 0.593672 0.065393 0.083882
3 0.456237 0.589561 0.068918 0.131579
11 0.456237 0.593672 0.058216 0.083882
3 0.556168 0.589561 0.068918 0.131579
11 0.556168 0.593672 0.067786 0.083882
3 0.456237 0.383968 0.068918 0.131579
11 0.456237 0.388080 0.086925 0.083882
4 0.535493 0.383968 0.027567 0.065789
11 0.580211 0.414807 0.112445 0.041941
4 0.718136 0.490876 0.027567 0.065789
5 0.121985 0.490876 0.027567 0.065789
5 0.776722 0.490876 0.027567 0.065789
4 0.676780 0.384273 0.027567 0.065789
13 0.097519 0.491254 0.024121 0.016447
13 0.251206 0.491393 0.033770 0.016447
13 0.406272 0.589561 0.033770 0.016447
13 0.506203 0.589561 0.033770 0.016447
13 0.406272 0.383968 0.033770 0.016447
13 0.506203 0.384485 0.033770 0.016447
13 0.606136 0.384942 0.116477 0.016447
11 0.563832 0.365532 0.027125 0.042023
13 0.663166 0.260726 0.030674 0.187882
13 0.558063 0.260574 0.047209 0.187578
11 0.526189 0.331572 0.016540 0.043139
13 0.654554 0.556666 0.130611 0.072368
13 0.704522 0.421538 0.030674 0.079466
13 0.151275 0.491397 0.033770 0.016447
13 0.320986 0.683365 0.400069 0.325767
13 0.747429 0.491699 0.033775 0.016447
13 0.682813 0.683365 0.191264 0.325767
13 0.818076 0.667329 0.057897 0.357839
13 0.930070 0.842959 0.033770 0.016447
13 0.301344 0.421425 0.043763 0.079692
11 0.271192 0.431739 0.016540 0.088974
13 0.301344 0.556666 0.043763 0.072368
11 0.271192 0.498322 0.016540 0.083582
