8 0.498176 0.500000 0.987043 0.984252
9 0.509813 0.171916 0.963769 0.328084
9 0.509813 0.828084 0.963769 0.328084
9 0.509813 0.500000 0.963769 0.328084
3 0.635188 0.171916 0.077580 0.104987
3 0.220727 0.760433 0.077580 0.104987
3 0.882132 0.760433 0.077580 0.104987
0 0.092877 0.509054 0.023274 0.039370
3 0.220727 0.509054 0.077580 0.104987
4 0.292335 0.509054 0.031032 0.052493
3 0.366642 0.596391 0.077580 0.104987
3 0.366642 0.432349 0.077580 0.104987
3 0.479132 0.432349 0.077580 0.104987
4 0.568349 0.432349 0.031032 0.052493
4 0.699496 0.432349 0.031032 0.052493
3 0.479132 0.596391 0.077580 0.104987
3 0.591623 0.596391 0.077580 0.104987
4 0.746044 0.509054 0.031032 0.052493
5 0.142741 0.509054 0.031032 0.052493
5 0.792915 0.509644 0.031032 0.052493
2 0.966693 0.509644 0.021722 0.036745
12 0.115869 0.509354 0.025814 0.013123
12 0.268168 0.509487 0.020405 0.013123
12 0.310288 0.457578 0.038232 0.055708
12 0.310288 0.565846 0.038232 0.066339
12 0.422887 0.432349 0.038014 0.013123
12 0.535378 0.432760 0.038014 0.013123
12 0.686931 0.289009 0.029009 0.239435
12 0.633922 0.433005 0.103218 0.013123
12 0.422887 0.596391 0.038014 0.013123
12 0.535378 0.596391 0.038014 0.013123
12 0.688422 0.565846 0.119122 0.066339
12 0.730722 0.457906 0.034523 0.055052
12 0.170097 0.509482 0.026784 0.013123
12 0.162533 0.647867 0.041912 0.230381
12 0.582568 0.289009 0.030765 0.239435
12 0.526579 0.648162 0.537228 0.229791
12 0.769479 0.510001 0.018943 0.013123
12 0.825886 0.635367 0.038014 0.255382
12 0.938377 0.635038 0.038014 0.256038
