8 0.500170 0.500254 0.991670 0.983678
0 0.091040 0.389902 0.021676 0.042076
3 0.170520 0.389902 0.072254 0.112202
4 0.239162 0.389902 0.028902 0.056101
3 0.322254 0.389902 0.072254 0.112202
3 0.427023 0.389902 0.072254 0.112202
3 0.846012 0.214586 0.072254 0.112202
2 0.924770 0.214586 0.020231 0.039271
1 0.567919 0.712482 0.021676 0.042076
3 0.658151 0.712482 0.072254 0.112202
3 0.762920 0.712482 0.072254 0.112202
2 0.841677 0.712482 0.020231 0.039271
1 0.567919 0.389902 0.021676 0.042076
3 0.658151 0.389902 0.072254 0.112202
4 0.762920 0.389902 0.028902 0.056101
1 0.567919 0.538569 0.021676 0.042076
3 0.863353 0.537167 0.072254 0.112202
2 0.942111 0.537167 0.020231 0.039271
4 0.762920 0.537167 0.028902 0.056101
4 0.762920 0.214586 0.028902 0.056101
13 0.118136 0.389902 0.035405 0.014025
13 0.215679 0.390361 0.020954 0.014025
13 0.269870 0.390346 0.035405 0.014025
13 0.374639 0.389902 0.035405 0.014025
13 0.898397 0.214586 0.035405 0.014025
13 0.493996 0.288569 0.511836 0.152174
13 0.479408 0.390342 0.035405 0.014025
13 0.533779 0.565217 0.049494 0.300140
13 0.600391 0.712482 0.046157 0.014025
13 0.710535 0.712482 0.035405 0.014025
13 0.815304 0.712482 0.035405 0.014025
13 0.540824 0.390233 0.035405 0.014025
13 0.600391 0.389902 0.046157 0.014025
13 0.721374 0.390324 0.057081 0.014025
13 0.533779 0.478261 0.049494 0.126227
13 0.663613 0.538226 0.172602 0.014025
13 0.915738 0.537167 0.035405 0.014025
13 0.763281 0.463534 0.007225 0.096774
13 0.802298 0.537595 0.052746 0.014025
13 0.793628 0.215030 0.035405 0.014025
13 0.763281 0.302244 0.007225 0.124825
11 0.014884 0.500000 0.010116 0.115555
11 0.091255 0.440533 0.056787 0.053857
11 0.170520 0.389341 0.041200 0.019635
11 0.239280 0.433240 0.050815 0.016830
11 0.322254 0.389341 0.059131 0.060028
11 0.428110 0.389341 0.059034 0.039832
11 0.846098 0.214025 0.037344 0.039832
11 0.924685 0.263815 0.044457 0.053857
11 0.567784 0.753857 0.045972 0.035344
11 0.658237 0.711921 0.063146 0.019635
11 0.763006 0.711921 0.037344 0.039832
11 0.842655 0.761711 0.063923 0.053857
11 0.568726 0.431276 0.047857 0.035344
11 0.659324 0.389341 0.051797 0.039832
11 0.799251 0.413604 0.050815 0.016830
11 0.568997 0.579944 0.054179 0.035344
11 0.863439 0.536606 0.046518 0.039832
11 0.942470 0.577139 0.048235 0.035344
11 0.263548 0.370126 0.009754 0.016830
11 0.229168 0.322440 0.019030 0.016830
11 0.753012 0.378541 0.019030 0.016830
11 0.753432 0.342076 0.009754 0.016830
