8 0.186000 0.020000 0.342000 0.020000
8 0.186000 0.086667 0.342000 0.083333
8 0.186000 0.185000 0.342000 0.083333
0 0.045000 0.086667 0.010000 0.010000
3 0.081667 0.086667 0.033333 0.026667
1 0.162382 0.104250 0.010000 0.010000
1 0.191000 0.069250 0.010000 0.010000
3 0.241000 0.069250 0.033333 0.026667
2 0.277333 0.069250 0.009333 0.009333
3 0.218704 0.104250 0.033333 0.026667
1 0.258921 0.104375 0.010000 0.010000
3 0.295588 0.104375 0.033333 0.026667
2 0.331921 0.104375 0.009333 0.009333
0 0.048921 0.185000 0.010000 0.010000
3 0.085588 0.185000 0.033333 0.026667
4 0.123921 0.185000 0.013333 0.013333
3 0.191000 0.162666 0.033333 0.026667
3 0.162255 0.208574 0.033333 0.026667
3 0.210588 0.208574 0.033333 0.026667
3 0.258921 0.208574 0.033333 0.026667
2 0.295255 0.208574 0.009333 0.009333
2 0.227333 0.162666 0.009333 0.009333
