8 0.499883 0.500050 0.990950 0.973194
0 0.088905 0.834081 0.022043 0.067265
3 0.180749 0.834081 0.073475 0.179372
4 0.265246 0.834081 0.029390 0.089686
3 0.349743 0.834081 0.073475 0.179372
3 0.834105 0.168161 0.073475 0.179372
3 0.456282 0.834081 0.073475 0.179372
1 0.584289 0.834081 0.022043 0.067265
3 0.665112 0.834081 0.073475 0.179372
3 0.771651 0.834081 0.073475 0.179372
2 0.939232 0.834081 0.020573 0.062780
1 0.584289 0.390135 0.022043 0.067265
3 0.665112 0.390135 0.073475 0.179372
4 0.749608 0.390135 0.029390 0.089686
3 0.834105 0.612108 0.073475 0.179372
2 0.914193 0.612108 0.020573 0.062780
1 0.584289 0.612108 0.022043 0.067265
2 0.914193 0.168161 0.020573 0.062780
4 0.749976 0.612108 0.029390 0.089686
4 0.749608 0.170404 0.029390 0.089686
12 0.121969 0.834081 0.047024 0.022422
12 0.234019 0.834784 0.036003 0.022422
12 0.296473 0.834791 0.036003 0.022422
12 0.500263 0.480381 0.472239 0.626682
12 0.403012 0.834081 0.036003 0.022422
12 0.509552 0.834784 0.036003 0.022422
12 0.611842 0.834081 0.036003 0.022422
12 0.718381 0.834081 0.036003 0.022422
12 0.868667 0.834081 0.123496 0.022422
12 0.611842 0.390135 0.036003 0.022422
12 0.718381 0.390838 0.036003 0.022422
12 0.750158 0.501121 0.007348 0.141256
12 0.887375 0.612108 0.036003 0.022422
12 0.564371 0.834598 0.020733 0.022422
12 0.557207 0.589686 0.035060 0.408072
12 0.557207 0.700673 0.035060 0.186099
12 0.887375 0.168161 0.036003 0.022422
12 0.665295 0.612655 0.142910 0.022422
12 0.781019 0.612818 0.035636 0.022422
12 0.780836 0.171113 0.036003 0.022422
12 0.749976 0.280269 0.007348 0.139013
