8 0.500170 0.500254 0.991670 0.983678
11 0.012283 0.521555 0.017341 0.241410
0 0.091040 0.389902 0.021676 0.042076
11 0.091040 0.445565 0.085072 0.098352
3 0.170520 0.389902 0.072254 0.112202
11 0.170520 0.390252 0.061034 0.035764
4 0.239162 0.389902 0.028902 0.056101
11 0.239162 0.436536 0.086953 0.035764
3 0.322254 0.389902 0.072254 0.112202
11 0.322254 0.396564 0.089461 0.107293
3 0.427023 0.389902 0.072254 0.112202
11 0.427023 0.393408 0.083609 0.071529
3 0.846012 0.214586 0.072254 0.112202
11 0.846012 0.218093 0.053509 0.071529
2 0.924770 0.214586 0.020231 0.039271
11 0.924770 0.268846 0.065911 0.098352
1 0.567919 0.712482 0.021676 0.042076
11 0.567919 0.757539 0.068211 0.065568
3 0.658151 0.712482 0.072254 0.112202
11 0.658151 0.712833 0.094478 0.035764
3 0.762920 0.712482 0.072254 0.112202
11 0.762920 0.715989 0.053509 0.071529
2 0.841677 0.712482 0.020231 0.039271
11 0.841677 0.766743 0.091969 0.098352
1 0.567919 0.389902 0.021676 0.042076
11 0.567919 0.434958 0.068211 0.065568
3 0.658151 0.389902 0.072254 0.112202
11 0.658151 0.393408 0.074412 0.071529
4 0.762920 0.389902 0.028902 0.056101
11 0.799491 0.416199 0.086953 0.035764
1 0.567919 0.538569 0.021676 0.042076
11 0.567919 0.583626 0.076641 0.065568
3 0.863353 0.537167 0.072254 0.112202
11 0.863353 0.540673 0.071067 0.071529
2 0.942111 0.537167 0.020231 0.039271
11 0.942111 0.580820 0.071276 0.065568
4 0.762920 0.537167 0.028902 0.056101
4 0.762920 0.214586 0.028902 0.056101
13 0.118136 0.389902 0.035405 0.014025
13 0.215679 0.390361 0.020954 0.014025
13 0.269870 0.390346 0.035405 0.014025
11 0.263749 0.373932 0.017627 0.035925
13 0.374639 0.389902 0.035405 0.014025
13 0.898397 0.214586 0.035405 0.014025
13 0.493996 0.288569 0.511836 0.152174
11 0.229408 0.339135 0.017341 0.078171
13 0.479408 0.390342 0.035405 0.014025
13 0.533779 0.565217 0.049494 0.300140
13 0.600391 0.712482 0.046157 0.014025
13 0.710535 0.712482 0.035405 0.014025
13 0.815304 0.712482 0.035405 0.014025
13 0.540824 0.390233 0.035405 0.014025
13 0.600391 0.389902 0.046157 0.014025
13 0.721374 0.390324 0.057081 0.014025
13 0.533779 0.478261 0.049494 0.126227
13 0.663613 0.538226 0.172602 0.014025
13 0.915738 0.537167 0.035405 0.014025
13 0.763281 0.463534 0.007225 0.096774
11 0.753165 0.395236 0.017341 0.078171
13 0.802298 0.537595 0.052746 0.014025
13 0.793628 0.215030 0.035405 0.014025
13 0.763281 0.302244 0.007225 0.124825
11 0.753165 0.345221 0.017341 0.036786
