8 0.499955 0.163342 0.992062 0.311721
8 0.499955 0.500000 0.992062 0.311721
8 0.499955 0.836658 0.992062 0.311721
0 0.062786 0.163342 0.019621 0.037406
3 0.134729 0.163342 0.065402 0.099751
3 0.229562 0.163342 0.065402 0.099751
1 0.301504 0.163342 0.019621 0.037406
3 0.373447 0.163342 0.065402 0.099751
3 0.468280 0.163342 0.065402 0.099751
3 0.563113 0.163342 0.065402 0.099751
1 0.635056 0.163342 0.019621 0.037406
3 0.706998 0.163342 0.065402 0.099751
3 0.801831 0.163342 0.065402 0.099751
2 0.873120 0.163342 0.018313 0.034913
0 0.062786 0.500000 0.019621 0.037406
3 0.134729 0.500000 0.065402 0.099751
3 0.229562 0.500000 0.065402 0.099751
3 0.324395 0.500000 0.065402 0.099751
3 0.419228 0.500000 0.065402 0.099751
3 0.514061 0.500000 0.065402 0.099751
1 0.586004 0.500000 0.019621 0.037406
3 0.657946 0.500000 0.065402 0.099751
1 0.824722 0.430798 0.019621 0.037406
3 0.896664 0.430798 0.065402 0.099751
2 0.967953 0.430798 0.018313 0.034913
1 0.824722 0.555486 0.019621 0.037406
3 0.896664 0.555486 0.065402 0.099751
4 0.729889 0.500000 0.026161 0.049875
0 0.062786 0.836658 0.019621 0.037406
3 0.134729 0.836658 0.065402 0.099751
3 0.229562 0.836658 0.065402 0.099751
3 0.324395 0.836658 0.065402 0.099751
2 0.395683 0.836658 0.018313 0.034913
13 0.087312 0.163342 0.032047 0.012469
13 0.182145 0.163342 0.032047 0.012469
13 0.276978 0.163342 0.032047 0.012469
13 0.326030 0.163342 0.032047 0.012469
13 0.087312 0.500000 0.032047 0.012469
13 0.218116 0.347257 0.313277 0.273067
13 0.182145 0.500000 0.032047 0.012469
13 0.420863 0.163342 0.032047 0.012469
13 0.343471 0.331671 0.230434 0.241895
13 0.362546 0.331671 0.235884 0.241895
13 0.276978 0.500000 0.032047 0.012469
13 0.371812 0.500000 0.032047 0.012469
13 0.515697 0.163342 0.032047 0.012469
13 0.491171 0.331671 0.146501 0.241895
13 0.466645 0.500000 0.032047 0.012469
13 0.087312 0.836658 0.032047 0.012469
13 0.288424 0.683915 0.453891 0.273067
13 0.182145 0.836658 0.032047 0.012469
13 0.276978 0.836658 0.032047 0.012469
13 0.371812 0.836658 0.032047 0.012469
13 0.561478 0.500000 0.032047 0.012469
13 0.455199 0.652743 0.264225 0.273067
13 0.610530 0.500000 0.032047 0.012469
13 0.610530 0.163342 0.032047 0.012469
13 0.646501 0.316085 0.025507 0.273067
13 0.659581 0.163342 0.032047 0.012469
13 0.754415 0.163342 0.032047 0.012469
13 0.849248 0.163342 0.032047 0.012469
13 0.703728 0.500395 0.028777 0.012469
13 0.849248 0.430798 0.032047 0.012469
13 0.944081 0.430798 0.032047 0.012469
13 0.801831 0.297070 0.192283 0.172693
13 0.849248 0.555486 0.032047 0.012469
13 0.793819 0.452618 0.044801 0.048628
13 0.793819 0.539900 0.044801 0.036160
13 0.835677 0.583853 0.213538 0.122818
13 0.751145 0.500317 0.018967 0.012469
11 0.013473 0.163342 0.009156 0.032429
11 0.062681 0.200125 0.027259 0.031421
11 0.135606 0.162843 0.040580 0.035411
11 0.229562 0.162843 0.037738 0.035411
11 0.301831 0.191895 0.041203 0.014963
11 0.374431 0.162843 0.038833 0.035411
11 0.469264 0.162843 0.038833 0.035411
11 0.563113 0.162843 0.037305 0.035411
11 0.635345 0.191895 0.054209 0.014963
11 0.706998 0.162843 0.052139 0.017456
11 0.801831 0.162843 0.035767 0.035411
11 0.873493 0.198878 0.025599 0.031421
11 0.013473 0.500000 0.009156 0.081513
11 0.063583 0.536783 0.035603 0.031421
11 0.135713 0.499501 0.038833 0.035411
11 0.229562 0.499501 0.052561 0.017456
11 0.324395 0.499501 0.033373 0.035411
11 0.419228 0.499501 0.037746 0.035411
11 0.515046 0.499501 0.044504 0.035411
11 0.585851 0.545012 0.049400 0.047880
11 0.657946 0.499501 0.031629 0.035411
11 0.824666 0.468204 0.035205 0.031421
11 0.896664 0.430923 0.034691 0.035411
11 0.968750 0.466958 0.035603 0.031421
11 0.825284 0.592893 0.035133 0.031421
11 0.896664 0.555611 0.049510 0.017456
11 0.013473 0.836658 0.009156 0.034511
11 0.063563 0.873441 0.040795 0.031421
11 0.134729 0.836160 0.037518 0.035411
11 0.229562 0.836160 0.042532 0.035411
11 0.325382 0.836160 0.046037 0.035411
11 0.396460 0.872195 0.040795 0.031421
