8 0.500155 0.499851 0.992219 0.986631
9 0.510270 0.227520 0.971990 0.441968
9 0.510270 0.584670 0.971990 0.272331
9 0.510270 0.857001 0.971990 0.272331
0 0.074848 0.142702 0.020229 0.032680
3 0.204668 0.142702 0.067431 0.087146
4 0.282213 0.142702 0.026972 0.043573
3 0.359759 0.142702 0.067431 0.087146
3 0.359759 0.257081 0.067431 0.087146
3 0.457533 0.142702 0.067431 0.087146
3 0.555308 0.142702 0.067431 0.087146
4 0.528335 0.257393 0.026972 0.043573
3 0.450790 0.257393 0.067431 0.087146
4 0.676683 0.257393 0.026972 0.043573
5 0.127298 0.142702 0.026972 0.043573
4 0.733999 0.142702 0.026972 0.043573
3 0.605881 0.584670 0.067431 0.087146
3 0.204668 0.857001 0.067431 0.087146
3 0.829036 0.857001 0.067431 0.087146
5 0.760971 0.857001 0.026972 0.043573
2 0.902536 0.857001 0.018881 0.030501
12 0.099387 0.142954 0.031546 0.010893
12 0.253555 0.143043 0.033041 0.010893
12 0.310871 0.143046 0.033041 0.010893
12 0.304297 0.210784 0.046190 0.096950
12 0.408646 0.142702 0.033041 0.010893
12 0.506421 0.142702 0.033041 0.010893
12 0.405274 0.257237 0.026298 0.010893
12 0.499677 0.257735 0.033041 0.010893
12 0.550419 0.431925 0.046190 0.309848
12 0.658308 0.431925 0.040121 0.309848
12 0.602509 0.257938 0.124072 0.010893
12 0.155868 0.143047 0.032865 0.010893
12 0.149206 0.510745 0.046190 0.696870
12 0.492934 0.857283 0.511799 0.010893
12 0.784889 0.857356 0.023561 0.010893
12 0.654768 0.143004 0.134186 0.010893
12 0.877924 0.857001 0.033041 0.010893
12 0.754397 0.489230 0.016521 0.696326
12 0.712253 0.211213 0.046864 0.097807
