8 0.499896 0.499866 0.990922 0.979149
0 0.093126 0.224700 0.022173 0.051458
3 0.174427 0.224700 0.073910 0.137221
4 0.259424 0.224700 0.029564 0.068611
3 0.869180 0.104631 0.073910 0.137221
3 0.362897 0.404803 0.073910 0.137221
3 0.455285 0.404803 0.073910 0.137221
1 0.585366 0.866209 0.022173 0.051458
3 0.666667 0.866209 0.073910 0.137221
3 0.773836 0.866209 0.073910 0.137221
2 0.854398 0.866209 0.020695 0.048027
1 0.592018 0.404803 0.022173 0.051458
3 0.673319 0.404803 0.073910 0.137221
4 0.758315 0.404803 0.029564 0.068611
1 0.592018 0.660377 0.022173 0.051458
3 0.869919 0.660377 0.073910 0.137221
2 0.950480 0.660377 0.020695 0.048027
2 0.949741 0.104631 0.020695 0.048027
4 0.758315 0.104631 0.029564 0.068611
4 0.758315 0.660377 0.029564 0.068611
13 0.120843 0.224700 0.036216 0.017153
13 0.228012 0.225238 0.036216 0.017153
13 0.501663 0.147942 0.486696 0.091767
13 0.409091 0.404803 0.021434 0.017153
13 0.505174 0.405351 0.028825 0.017153
13 0.613082 0.866209 0.036216 0.017153
13 0.720251 0.866209 0.036216 0.017153
13 0.827421 0.866209 0.036216 0.017153
13 0.553769 0.652659 0.043976 0.433962
13 0.564302 0.405207 0.036216 0.017153
13 0.619734 0.404803 0.036216 0.017153
13 0.726903 0.405341 0.036216 0.017153
13 0.557095 0.549743 0.050628 0.228130
13 0.673319 0.660796 0.143385 0.017153
13 0.923503 0.660377 0.036216 0.017153
13 0.758684 0.532590 0.007391 0.193825
13 0.922764 0.104631 0.036216 0.017153
13 0.292868 0.331904 0.069106 0.152659
13 0.802661 0.105148 0.062084 0.017153
13 0.758684 0.254717 0.007391 0.238422
13 0.803030 0.660893 0.062823 0.017153
11 0.015225 0.500000 0.010347 0.148176
11 0.093080 0.286621 0.066426 0.065866
11 0.174427 0.224014 0.042144 0.024014
11 0.321421 0.265009 0.061911 0.043225
11 0.869180 0.103945 0.038199 0.048714
11 0.362897 0.404117 0.038208 0.048714
11 0.455285 0.404117 0.059639 0.024014
11 0.585227 0.916810 0.047025 0.043225
11 0.666667 0.865523 0.042399 0.048714
11 0.773836 0.865523 0.038199 0.048714
11 0.855033 0.926415 0.067789 0.065866
11 0.592843 0.455403 0.048954 0.043225
11 0.674430 0.404117 0.052984 0.048714
11 0.795391 0.433791 0.051979 0.020583
11 0.593017 0.710978 0.068517 0.043225
11 0.870785 0.659691 0.047574 0.048714
11 0.951116 0.720583 0.067789 0.065866
11 0.950838 0.164837 0.068713 0.065866
11 0.249201 0.142196 0.019466 0.020583
11 0.748092 0.390909 0.019466 0.020583
11 0.249630 0.234820 0.009978 0.020583
11 0.748522 0.346312 0.009978 0.020583
