8 0.462079 0.150575 0.916667 0.287356
8 0.500125 0.499770 0.992759 0.307586
8 0.209488 0.848966 0.402747 0.287356
0 0.050562 0.150575 0.018727 0.034483
3 0.119226 0.150575 0.062422 0.091954
3 0.209738 0.150575 0.062422 0.091954
1 0.278402 0.150575 0.018727 0.034483
3 0.347066 0.150575 0.062422 0.091954
3 0.437578 0.150575 0.062422 0.091954
1 0.506242 0.150575 0.018727 0.034483
1 0.565855 0.150575 0.018727 0.034483
3 0.634519 0.150575 0.062422 0.091954
3 0.725031 0.150575 0.062422 0.091954
3 0.815543 0.150575 0.062422 0.091954
2 0.883583 0.150575 0.017478 0.032184
0 0.050562 0.489655 0.018727 0.034483
3 0.119226 0.489655 0.062422 0.091954
3 0.209738 0.489655 0.062422 0.091954
3 0.300250 0.489655 0.062422 0.091954
3 0.390762 0.489655 0.062422 0.091954
3 0.481273 0.489655 0.062422 0.091954
1 0.549938 0.489655 0.018727 0.034483
3 0.618602 0.489655 0.062422 0.091954
1 0.793695 0.435632 0.018727 0.034483
3 0.862360 0.435632 0.062422 0.091954
1 0.793851 0.551149 0.018727 0.034483
3 0.862516 0.551149 0.062422 0.091954
2 0.930399 0.435632 0.017478 0.032184
0 0.054931 0.848966 0.018727 0.034483
3 0.123596 0.848966 0.062422 0.091954
3 0.215481 0.848966 0.062422 0.091954
3 0.305993 0.848966 0.062422 0.091954
2 0.374032 0.848966 0.017478 0.032184
13 0.073970 0.150575 0.030587 0.011494
13 0.164482 0.150575 0.030587 0.011494
13 0.254994 0.150575 0.030587 0.011494
13 0.301810 0.150575 0.030587 0.011494
13 0.198814 0.334483 0.299001 0.280460
13 0.073970 0.489655 0.030587 0.011494
13 0.164482 0.489655 0.030587 0.011494
13 0.392322 0.150575 0.030587 0.011494
13 0.254994 0.489655 0.030587 0.011494
13 0.345506 0.489655 0.030587 0.011494
13 0.313254 0.320115 0.230337 0.251724
13 0.334062 0.320115 0.230337 0.251724
13 0.482834 0.150575 0.030587 0.011494
13 0.448502 0.305747 0.117978 0.280460
13 0.436017 0.489655 0.030587 0.011494
13 0.268102 0.683678 0.428839 0.300690
13 0.078340 0.848966 0.030587 0.011494
13 0.169538 0.848966 0.031960 0.011494
13 0.260737 0.848966 0.030587 0.011494
13 0.351248 0.848966 0.030587 0.011494
13 0.526529 0.489655 0.030587 0.011494
13 0.427965 0.654943 0.246442 0.300690
13 0.573346 0.489655 0.030587 0.011494
13 0.536049 0.150575 0.043383 0.011494
13 0.592228 0.305747 0.055243 0.280460
13 0.589263 0.150575 0.030587 0.011494
13 0.679775 0.150575 0.030587 0.011494
13 0.770287 0.150575 0.030587 0.011494
13 0.677200 0.489996 0.057272 0.011494
13 0.817104 0.435632 0.030587 0.011494
13 0.721910 0.307471 0.146067 0.226437
13 0.793695 0.293103 0.139825 0.197701
13 0.750858 0.451149 0.069444 0.035632
13 0.750936 0.532121 0.069600 0.043553
13 0.817260 0.551149 0.030587 0.011494
13 0.787375 0.571264 0.152778 0.121839
13 0.907615 0.435632 0.030587 0.011494
13 0.860799 0.150575 0.030587 0.011494
11 0.012859 0.150575 0.008739 0.029894
11 0.050462 0.184483 0.026017 0.028966
11 0.120063 0.150115 0.038731 0.032644
11 0.209738 0.150115 0.036018 0.032644
11 0.278158 0.176897 0.040711 0.013793
11 0.348006 0.150115 0.037063 0.032644
11 0.437578 0.150115 0.048512 0.016092
11 0.506432 0.176897 0.046573 0.013793
11 0.565819 0.176897 0.051739 0.013793
11 0.635150 0.150115 0.045188 0.032644
11 0.724719 0.150115 0.035605 0.032644
11 0.815231 0.150115 0.034137 0.032644
11 0.884251 0.183333 0.024432 0.028966
11 0.012859 0.500000 0.008739 0.075141
11 0.051323 0.523563 0.033981 0.028966
11 0.120165 0.489195 0.037063 0.032644
11 0.209738 0.489195 0.050166 0.016092
11 0.300250 0.489195 0.031852 0.032644
11 0.390762 0.489195 0.036026 0.032644
11 0.481273 0.489195 0.050999 0.049195
11 0.549903 0.531149 0.056112 0.044138
11 0.618602 0.489195 0.030188 0.032644
11 0.794768 0.469540 0.047714 0.028966
11 0.862047 0.435172 0.033110 0.032644
11 0.793920 0.584483 0.033532 0.028966
11 0.862672 0.550115 0.047254 0.016092
11 0.931472 0.468391 0.033981 0.028966
11 0.017228 0.849425 0.008739 0.031813
11 0.055104 0.890920 0.055277 0.044138
11 0.123596 0.848966 0.035809 0.032644
11 0.216296 0.848966 0.042466 0.049195
11 0.306809 0.848966 0.043939 0.032644
11 0.374080 0.889770 0.055277 0.044138
11 0.313202 0.352759 0.035893 0.013793
11 0.333831 0.372299 0.033454 0.013793
