8 0.468980 0.160539 0.929976 0.306373
11 0.011311 0.166389 0.015968 0.066295
8 0.499987 0.522059 0.991990 0.306373
11 0.011311 0.536949 0.015968 0.168750
8 0.227409 0.861323 0.446833 0.261862
11 0.011311 0.867527 0.015968 0.070312
0 0.073207 0.160539 0.019960 0.036765
11 0.073207 0.199908 0.042344 0.057292
3 0.239744 0.160539 0.066534 0.098039
11 0.239744 0.163603 0.056202 0.062500
3 0.143270 0.160539 0.066534 0.098039
11 0.143270 0.163603 0.060051 0.062500
1 0.313043 0.160539 0.019960 0.036765
11 0.313043 0.190640 0.062104 0.028646
3 0.386230 0.160539 0.066534 0.098039
11 0.386230 0.163603 0.047733 0.062500
3 0.482703 0.160539 0.066534 0.098039
11 0.482703 0.163603 0.047733 0.062500
3 0.579177 0.160539 0.066534 0.098039
11 0.579177 0.166360 0.080838 0.093750
1 0.652531 0.160539 0.019960 0.036765
11 0.652531 0.190640 0.081159 0.028646
3 0.725718 0.160539 0.066534 0.098039
11 0.725718 0.160846 0.089307 0.031250
3 0.822192 0.160539 0.066534 0.098039
11 0.822192 0.163603 0.053892 0.062500
2 0.896635 0.160539 0.018629 0.034314
11 0.896635 0.198683 0.035992 0.057292
0 0.074651 0.520729 0.019960 0.036765
11 0.074651 0.560098 0.051518 0.057292
3 0.147838 0.520729 0.066534 0.098039
11 0.147838 0.523793 0.056202 0.062500
3 0.244311 0.520729 0.066534 0.098039
11 0.244311 0.521036 0.078529 0.031250
3 0.340785 0.520729 0.066534 0.098039
11 0.340785 0.521036 0.086228 0.031250
3 0.437259 0.520729 0.066534 0.098039
11 0.437259 0.523793 0.057742 0.062500
3 0.535654 0.520729 0.066534 0.098039
11 0.535654 0.523793 0.066210 0.062500
1 0.608871 0.521290 0.019960 0.036765
11 0.608871 0.560659 0.062104 0.057292
3 0.682058 0.521290 0.066534 0.098039
11 0.682058 0.521596 0.083918 0.031250
1 0.800941 0.469975 0.019960 0.036765
11 0.800941 0.509344 0.052930 0.057292
3 0.874128 0.469975 0.066534 0.098039
11 0.874128 0.470282 0.088537 0.031250
2 0.946650 0.469975 0.018629 0.034314
11 0.946650 0.508119 0.051518 0.057292
1 0.800941 0.592525 0.019960 0.036765
11 0.800941 0.622626 0.104448 0.028646
3 0.874128 0.592525 0.066534 0.098039
11 0.874128 0.592831 0.076989 0.031250
0 0.073207 0.889640 0.019960 0.036765
11 0.073207 0.929009 0.060693 0.057292
3 0.146394 0.889640 0.066534 0.098039
11 0.146394 0.892704 0.056972 0.062500
3 0.244789 0.889640 0.066534 0.098039
11 0.244789 0.892704 0.065441 0.062500
3 0.341263 0.889640 0.066534 0.098039
11 0.341263 0.892704 0.066980 0.062500
2 0.413785 0.889640 0.018629 0.034314
11 0.413785 0.927783 0.060693 0.057292
13 0.096595 0.160539 0.029478 0.012255
13 0.191507 0.160539 0.032601 0.012255
13 0.288037 0.160539 0.032713 0.012255
13 0.337993 0.160539 0.032601 0.012255
13 0.230440 0.355953 0.314240 0.297690
13 0.099601 0.520729 0.032601 0.012255
13 0.196075 0.520729 0.032601 0.012255
13 0.434466 0.160539 0.032601 0.012255
13 0.352418 0.340634 0.241053 0.267053
13 0.374596 0.340634 0.241053 0.267053
13 0.292548 0.520729 0.032601 0.012255
13 0.389022 0.520729 0.032601 0.012255
13 0.486457 0.520729 0.034523 0.012255
13 0.304431 0.720503 0.465109 0.306411
13 0.098157 0.889640 0.032601 0.012255
13 0.195592 0.889640 0.034523 0.012255
13 0.293026 0.889640 0.032601 0.012255
13 0.389500 0.889640 0.032601 0.012255
13 0.583906 0.521479 0.032631 0.012255
13 0.475067 0.690146 0.270269 0.305850
13 0.530940 0.160539 0.032601 0.012255
13 0.627498 0.160539 0.032769 0.012255
13 0.633821 0.521290 0.032601 0.012255
13 0.667294 0.325596 0.032188 0.298251
13 0.677481 0.160539 0.032601 0.012255
13 0.734234 0.521667 0.040480 0.012255
13 0.825891 0.469975 0.032601 0.012255
13 0.799923 0.315257 0.151071 0.216299
13 0.773955 0.160539 0.032601 0.012255
13 0.922365 0.469975 0.032601 0.012255
13 0.871390 0.160539 0.034523 0.012255
13 0.825891 0.592525 0.032601 0.012255
13 0.778872 0.483493 0.026840 0.031475
13 0.778872 0.569162 0.026840 0.051627
13 0.844311 0.605008 0.167665 0.123318
