8 0.500000 0.307813 0.990315 0.415625
8 0.500000 0.796875 0.990315 0.393750
8 0.500000 0.037500 0.990315 0.062500
0 0.089588 0.230208 0.024213 0.031250
3 0.178370 0.230208 0.080710 0.083333
1 0.422347 0.308333 0.024213 0.031250
3 0.511128 0.308333 0.080710 0.083333
1 0.357505 0.184216 0.024213 0.031250
3 0.446287 0.184216 0.080710 0.083333
1 0.591565 0.184657 0.024213 0.031250
2 0.679539 0.308333 0.022599 0.029167
3 0.680346 0.184657 0.080710 0.083333
2 0.798553 0.184657 0.022599 0.029167
0 0.089588 0.730208 0.024213 0.031250
3 0.178370 0.730208 0.080710 0.083333
4 0.271186 0.730208 0.032284 0.041667
3 0.422347 0.670533 0.080710 0.083333
3 0.357505 0.816984 0.080710 0.083333
3 0.474535 0.816984 0.080710 0.083333
3 0.591565 0.816984 0.080710 0.083333
2 0.679539 0.816984 0.022599 0.029167
2 0.510321 0.670533 0.022599 0.029167
13 0.089588 0.141667 0.008071 0.150000
13 0.119855 0.230208 0.039548 0.010417
13 0.133979 0.493229 0.092010 0.446875
13 0.119855 0.730208 0.039548 0.010417
13 0.236885 0.730535 0.039548 0.010417
13 0.326791 0.689954 0.113630 0.043008
13 0.422347 0.476412 0.008071 0.309075
13 0.452613 0.308333 0.039548 0.010417
13 0.511128 0.167708 0.008071 0.202083
13 0.357505 0.487579 0.008071 0.579643
13 0.416020 0.816984 0.039548 0.010417
13 0.533050 0.816984 0.039548 0.010417
13 0.387772 0.184216 0.039548 0.010417
13 0.533050 0.184750 0.096045 0.010417
13 0.591565 0.487800 0.008071 0.579202
13 0.650080 0.816984 0.039548 0.010417
13 0.480862 0.670533 0.039548 0.010417
13 0.294370 0.784013 0.048789 0.070109
13 0.236885 0.230535 0.039548 0.010417
13 0.308494 0.196796 0.077037 0.029326
13 0.340915 0.279687 0.141879 0.061458
13 0.609862 0.308333 0.119985 0.010417
13 0.446287 0.105650 0.008071 0.077966
13 0.621831 0.184657 0.039548 0.010417
13 0.753977 0.184657 0.069780 0.010417
11 0.016626 0.307813 0.011299 0.125053
11 0.178370 0.229792 0.065951 0.029583
11 0.423256 0.345938 0.070079 0.040000
11 0.510896 0.307917 0.064319 0.029583
11 0.357208 0.221979 0.070348 0.040000
11 0.447546 0.183958 0.071088 0.029583
11 0.592747 0.221979 0.070079 0.040000
11 0.681062 0.338021 0.062689 0.026250
11 0.681606 0.183958 0.069461 0.029583
11 0.799706 0.214063 0.062689 0.026250
11 0.016626 0.796875 0.011299 0.141715
11 0.091070 0.760938 0.062689 0.026250
11 0.179584 0.729792 0.063534 0.029583
11 0.300866 0.747812 0.039989 0.012500
11 0.422115 0.670417 0.050059 0.029583
11 0.358763 0.816250 0.057620 0.029583
11 0.474576 0.816250 0.067024 0.029583
11 0.592825 0.816250 0.069461 0.044583
11 0.681062 0.846354 0.062689 0.026250
11 0.511571 0.700521 0.062689 0.026250
11 0.260492 0.694687 0.010896 0.012500
11 0.260023 0.721771 0.021257 0.012500
11 0.500000 0.037083 0.039028 0.014583
