8 0.499890 0.393064 0.988275 0.378613
8 0.499890 0.810694 0.988275 0.361272
8 0.499890 0.052023 0.988275 0.086705
0 0.092042 0.393064 0.028763 0.043353
3 0.197507 0.393064 0.095877 0.115607
1 0.398849 0.277457 0.028763 0.043353
1 0.518696 0.480491 0.028763 0.043353
3 0.523490 0.277457 0.095877 0.115607
2 0.695110 0.277457 0.026846 0.040462
3 0.624161 0.480491 0.095877 0.115607
1 0.729626 0.480853 0.028763 0.043353
3 0.835091 0.480853 0.095877 0.115607
2 0.939597 0.480853 0.026846 0.040462
0 0.092042 0.810694 0.028763 0.043353
3 0.197507 0.810694 0.095877 0.115607
4 0.307766 0.810694 0.038351 0.057803
3 0.418025 0.719653 0.095877 0.115607
2 0.642378 0.719653 0.026846 0.040462
3 0.537872 0.862717 0.095877 0.115607
3 0.676894 0.862717 0.095877 0.115607
3 0.815916 0.862717 0.095877 0.115607
2 0.920422 0.862717 0.026846 0.040462
12 0.092042 0.233382 0.009588 0.281792
12 0.127996 0.393064 0.046980 0.014451
12 0.144775 0.619942 0.109300 0.343931
12 0.127996 0.810694 0.046980 0.014451
12 0.267018 0.811147 0.046980 0.014451
12 0.339166 0.750723 0.065676 0.067919
12 0.547459 0.719653 0.166826 0.014451
12 0.399089 0.851156 0.185523 0.028902
12 0.607383 0.862717 0.046980 0.014451
12 0.746405 0.862717 0.046980 0.014451
12 0.885427 0.862717 0.046980 0.014451
12 0.257430 0.393536 0.027804 0.014451
12 0.336769 0.320809 0.099233 0.092486
12 0.396692 0.451228 0.219080 0.064306
12 0.398849 0.480491 0.009588 0.368497
12 0.518696 0.653540 0.009588 0.308526
12 0.444391 0.277457 0.066155 0.014451
12 0.523490 0.157514 0.009588 0.130058
12 0.626558 0.277457 0.114094 0.014451
12 0.554650 0.480491 0.046980 0.014451
12 0.624161 0.259032 0.009588 0.333092
12 0.693672 0.480972 0.046980 0.014451
12 0.765580 0.480853 0.046980 0.014451
12 0.835091 0.259212 0.009588 0.333454
12 0.904602 0.480853 0.046980 0.014451
12 0.772771 0.653721 0.090125 0.308165
