8 0.500000 0.500000 0.991684 0.979675
9 0.510395 0.150215 0.970894 0.280106
9 0.510395 0.500000 0.970894 0.419463
9 0.510395 0.849785 0.970894 0.280106
3 0.605683 0.214765 0.069300 0.134228
0 0.073458 0.500000 0.020790 0.050336
3 0.193347 0.407718 0.069300 0.134228
4 0.273042 0.500000 0.027720 0.067114
3 0.359667 0.617450 0.069300 0.134228
3 0.460152 0.617450 0.069300 0.134228
3 0.560638 0.617450 0.069300 0.134228
3 0.359667 0.407718 0.069300 0.134228
3 0.460152 0.407718 0.069300 0.134228
4 0.539848 0.407718 0.027720 0.067114
4 0.654193 0.407718 0.027720 0.067114
5 0.128898 0.500000 0.027720 0.067114
4 0.713098 0.500000 0.027720 0.067114
5 0.772003 0.500000 0.027720 0.067114
3 0.193347 0.852349 0.069300 0.134228
3 0.851698 0.852349 0.069300 0.134228
2 0.927235 0.852349 0.019404 0.046980
13 0.099446 0.500391 0.033957 0.016779
13 0.243590 0.454279 0.033957 0.099832
13 0.409910 0.617450 0.033957 0.016779
13 0.510395 0.617450 0.033957 0.016779
13 0.409910 0.407718 0.033957 0.016779
13 0.510395 0.408245 0.033957 0.016779
13 0.647436 0.294463 0.016979 0.166107
13 0.143971 0.437081 0.032225 0.065436
13 0.143971 0.692953 0.032225 0.325503
13 0.654366 0.575503 0.120929 0.090604
13 0.690748 0.437500 0.048164 0.064597
13 0.742550 0.500839 0.033957 0.016779
13 0.500173 0.692953 0.547124 0.325503
13 0.801455 0.676594 0.033957 0.358221
13 0.901940 0.852349 0.033957 0.016779
13 0.299203 0.575503 0.054401 0.090604
13 0.299203 0.437081 0.054401 0.065436
13 0.555613 0.294463 0.033611 0.166107
13 0.597020 0.408557 0.089397 0.016779
11 0.014276 0.500000 0.009702 0.157253
11 0.035066 0.849832 0.009702 0.121448
11 0.035066 0.500000 0.009702 0.098476
11 0.035066 0.150168 0.009702 0.113593
11 0.606730 0.214094 0.050860 0.047651
11 0.074384 0.549497 0.054520 0.042282
11 0.193347 0.407047 0.040897 0.047651
11 0.306842 0.528356 0.049582 0.020134
11 0.360710 0.616779 0.044395 0.047651
11 0.460152 0.616779 0.039987 0.047651
11 0.560638 0.616779 0.046926 0.047651
11 0.360714 0.407047 0.047622 0.047651
11 0.460152 0.407047 0.057549 0.047651
11 0.585678 0.447148 0.047308 0.042282
11 0.193347 0.851678 0.039287 0.047651
11 0.851698 0.851678 0.045067 0.047651
11 0.928161 0.900168 0.054520 0.042282
11 0.263860 0.509899 0.009356 0.020134
11 0.263457 0.419295 0.018251 0.020134
11 0.530665 0.350503 0.009356 0.020134
11 0.568377 0.385738 0.018251 0.020134
