8 0.499868 0.198189 0.992014 0.382956
8 0.479373 0.532222 0.951024 0.240366
8 0.367761 0.853873 0.727799 0.279642
0 0.071429 0.146532 0.019305 0.033557
3 0.142214 0.146532 0.064350 0.089485
3 0.235521 0.146532 0.064350 0.089485
1 0.306306 0.146532 0.019305 0.033557
3 0.377091 0.146532 0.064350 0.089485
1 0.550837 0.146532 0.019305 0.033557
3 0.470399 0.146532 0.064350 0.089485
1 0.599099 0.146532 0.019305 0.033557
3 0.794459 0.101790 0.064350 0.089485
3 0.887767 0.101790 0.064350 0.089485
2 0.970778 0.101790 0.018018 0.031320
1 0.689189 0.101790 0.019305 0.033557
1 0.705277 0.265125 0.019305 0.033557
4 0.740669 0.101790 0.025740 0.044743
0 0.071429 0.551860 0.019305 0.033557
3 0.142214 0.551860 0.064350 0.089485
3 0.235521 0.551860 0.064350 0.089485
3 0.328829 0.551860 0.064350 0.089485
3 0.422136 0.551860 0.064350 0.089485
3 0.515444 0.551860 0.064350 0.089485
1 0.586229 0.551860 0.019305 0.033557
3 0.657014 0.551860 0.064350 0.089485
3 0.840412 0.462374 0.064350 0.089485
2 0.910553 0.462374 0.018018 0.031320
1 0.723996 0.462374 0.019305 0.033557
1 0.775344 0.596711 0.019305 0.033557
3 0.844164 0.608665 0.064350 0.089485
0 0.071429 0.865059 0.019305 0.033557
3 0.142214 0.865059 0.064350 0.089485
3 0.235521 0.865059 0.064350 0.089485
3 0.328829 0.865059 0.064350 0.089485
2 0.398970 0.865059 0.018018 0.031320
12 0.095560 0.146532 0.031532 0.011186
12 0.188867 0.146532 0.031532 0.011186
12 0.282175 0.146532 0.031532 0.011186
12 0.330438 0.146532 0.031532 0.011186
12 0.224260 0.363178 0.308237 0.348280
12 0.095560 0.551860 0.031532 0.011186
12 0.423745 0.146532 0.031532 0.011186
12 0.521879 0.146532 0.041184 0.011186
12 0.574968 0.146532 0.031532 0.011186
12 0.616795 0.146787 0.018662 0.011186
12 0.841113 0.101790 0.031532 0.011186
12 0.940856 0.101790 0.044402 0.011186
12 0.188867 0.551860 0.031532 0.011186
12 0.342235 0.349196 0.237452 0.320316
12 0.363685 0.349196 0.237452 0.320316
12 0.282175 0.551860 0.031532 0.011186
12 0.375483 0.551860 0.031532 0.011186
12 0.486486 0.335214 0.131274 0.348280
12 0.468790 0.551860 0.031532 0.011186
12 0.293436 0.722442 0.446589 0.256152
12 0.562098 0.551860 0.031532 0.011186
12 0.610360 0.551860 0.031532 0.011186
12 0.628057 0.335214 0.060489 0.348280
12 0.887066 0.462374 0.031532 0.011186
12 0.095560 0.865059 0.031532 0.011186
12 0.188867 0.865059 0.031532 0.011186
12 0.282175 0.865059 0.031532 0.011186
12 0.375483 0.865059 0.031532 0.011186
12 0.457529 0.694477 0.259974 0.256152
12 0.699997 0.552219 0.024189 0.011186
12 0.723996 0.504321 0.006435 0.054810
12 0.770943 0.462374 0.077163 0.011186
12 0.758691 0.304453 0.052660 0.320316
12 0.817435 0.282082 0.006435 0.275574
12 0.744844 0.585471 0.044269 0.026954
12 0.798493 0.602688 0.029567 0.016428
12 0.790354 0.558171 0.110194 0.015977
12 0.658784 0.112975 0.044080 0.026846
12 0.713320 0.102050 0.031532 0.011186
12 0.666828 0.217154 0.060167 0.100975
12 0.727960 0.194643 0.028636 0.145439
12 0.757912 0.102172 0.011319 0.011186
12 0.774720 0.422913 0.141461 0.286493
