8 0.282811 0.056667 0.505621 0.083333
8 0.282811 0.146667 0.505621 0.083333
8 0.282811 0.236667 0.505621 0.083333
0 0.060000 0.056667 0.010000 0.010000
3 0.096667 0.056667 0.033333 0.026667
3 0.145000 0.056667 0.033333 0.026667
1 0.181667 0.056667 0.010000 0.010000
3 0.218333 0.056667 0.033333 0.026667
3 0.266667 0.056667 0.033333 0.026667
3 0.315000 0.056667 0.033333 0.026667
1 0.351667 0.056667 0.010000 0.010000
3 0.388333 0.056667 0.033333 0.026667
3 0.436667 0.056667 0.033333 0.026667
2 0.473000 0.056667 0.009333 0.009333
0 0.060000 0.146667 0.010000 0.010000
3 0.096667 0.146667 0.033333 0.026667
3 0.145000 0.146667 0.033333 0.026667
3 0.193333 0.146667 0.033333 0.026667
3 0.241667 0.146667 0.033333 0.026667
3 0.290000 0.146667 0.033333 0.026667
1 0.326667 0.146667 0.010000 0.010000
3 0.363333 0.146667 0.033333 0.026667
1 0.448333 0.128167 0.010000 0.010000
3 0.485000 0.128167 0.033333 0.026667
2 0.521333 0.128167 0.009333 0.009333
1 0.448333 0.161500 0.010000 0.010000
3 0.485000 0.161500 0.033333 0.026667
4 0.400000 0.146667 0.013333 0.013333
0 0.060000 0.236667 0.010000 0.010000
3 0.096667 0.236667 0.033333 0.026667
3 0.145000 0.236667 0.033333 0.026667
3 0.193333 0.236667 0.033333 0.026667
2 0.229667 0.236667 0.009333 0.009333
