8 0.500000 0.130739 0.995307 0.249501
8 0.500000 0.546407 0.995307 0.332335
8 0.345913 0.869261 0.687133 0.249501
3 0.092296 0.060878 0.039108 0.079840
3 0.092296 0.185629 0.039108 0.079840
5 0.062964 0.130739 0.015643 0.039920
5 0.137270 0.130739 0.015643 0.039920
3 0.182245 0.130739 0.039108 0.079840
3 0.286664 0.130739 0.039108 0.079840
3 0.400078 0.130739 0.039108 0.079840
3 0.543997 0.130739 0.039108 0.079840
3 0.813551 0.135729 0.039108 0.079840
3 0.871138 0.135729 0.039108 0.079840
3 0.927845 0.135729 0.039108 0.079840
0 0.031678 0.130739 0.011732 0.029940
2 0.970473 0.135729 0.010950 0.027944
7 0.697399 0.135729 0.157998 0.159681
1 0.655847 0.185629 0.011732 0.029940
1 0.747360 0.080838 0.011732 0.029940
3 0.227610 0.475050 0.039108 0.079840
3 0.286664 0.475050 0.039108 0.079840
3 0.343371 0.475050 0.039108 0.079840
3 0.400078 0.475050 0.039108 0.079840
3 0.456785 0.475050 0.039108 0.079840
1 0.613219 0.475050 0.011732 0.029940
0 0.182245 0.475050 0.011732 0.029940
3 0.543997 0.475050 0.039108 0.079840
3 0.656238 0.475050 0.039108 0.079840
3 0.871138 0.425150 0.039108 0.079840
1 0.813551 0.425150 0.011732 0.029940
1 0.727513 0.475050 0.011732 0.029940
3 0.747360 0.554890 0.039108 0.079840
2 0.913766 0.425150 0.010950 0.027944
3 0.499804 0.869261 0.039108 0.079840
3 0.556512 0.869261 0.039108 0.079840
3 0.613219 0.869261 0.039108 0.079840
0 0.456785 0.869261 0.011732 0.029940
2 0.655847 0.869261 0.010950 0.027944
13 0.046343 0.130739 0.019163 0.009980
13 0.068000 0.085828 0.011048 0.053892
13 0.067951 0.168164 0.011146 0.038922
13 0.124658 0.085828 0.027180 0.053892
13 0.124658 0.168164 0.027180 0.038922
13 0.153891 0.131054 0.019163 0.009980
13 0.257137 0.475050 0.021510 0.009980
13 0.234454 0.130739 0.066875 0.009980
13 0.293182 0.302894 0.003911 0.268463
13 0.280146 0.302894 0.003911 0.268463
13 0.315018 0.475050 0.019163 0.009980
13 0.371725 0.475050 0.019163 0.009980
13 0.343371 0.130739 0.075870 0.009980
13 0.393560 0.302894 0.003911 0.268463
13 0.406596 0.302894 0.003911 0.268463
13 0.428432 0.475050 0.019163 0.009980
13 0.528158 0.869261 0.019163 0.009980
13 0.584865 0.869261 0.019163 0.009980
13 0.500391 0.475050 0.049668 0.009980
13 0.613219 0.659681 0.003911 0.343313
13 0.471451 0.869261 0.019163 0.009980
13 0.456785 0.684631 0.003911 0.343313
13 0.198084 0.475050 0.021510 0.009980
13 0.641572 0.869261 0.019163 0.009980
13 0.585452 0.475050 0.045366 0.009980
13 0.627884 0.475050 0.019163 0.009980
13 0.472038 0.130739 0.106375 0.009980
13 0.590976 0.131023 0.056414 0.009980
13 0.655847 0.317864 0.003911 0.238523
13 0.684591 0.475363 0.019163 0.009980
13 0.754546 0.440120 0.107841 0.033932
13 0.715340 0.475283 0.014177 0.009980
13 0.835501 0.425150 0.033731 0.009980
13 0.842345 0.135729 0.020043 0.009980
13 0.877656 0.280439 0.003911 0.213573
13 0.864620 0.280439 0.003911 0.213573
13 0.182245 0.315369 0.003911 0.293413
13 0.813551 0.292914 0.003911 0.238523
13 0.899492 0.425150 0.019163 0.009980
13 0.899492 0.135729 0.019163 0.009980
13 0.956199 0.135729 0.019163 0.009980
13 0.638199 0.168164 0.025127 0.038922
13 0.684200 0.095808 0.116152 0.033932
13 0.773367 0.100299 0.041846 0.042914
13 0.727924 0.167166 0.133987 0.040918
13 0.736068 0.495010 0.006942 0.043912
13 0.747360 0.305389 0.003911 0.423154
13 0.724384 0.554890 0.047517 0.125749
11 0.005241 0.130739 0.005475 0.025956
11 0.092296 0.060479 0.032604 0.013972
11 0.092884 0.185230 0.030474 0.028343
11 0.182245 0.130339 0.022044 0.028343
11 0.286664 0.130339 0.019697 0.013972
11 0.400078 0.130339 0.031957 0.013972
11 0.544585 0.130339 0.033334 0.028343
11 0.813909 0.135329 0.029081 0.028343
11 0.871334 0.135329 0.030389 0.013972
11 0.928041 0.135329 0.031430 0.013972
11 0.031491 0.160180 0.021528 0.025150
11 0.970378 0.157585 0.008021 0.011976
11 0.655240 0.148603 0.008955 0.011976
11 0.726920 0.102695 0.013871 0.011976
11 0.008056 0.546407 0.005475 0.065243
11 0.227610 0.474651 0.030517 0.042715
11 0.286664 0.474651 0.020996 0.013972
11 0.343961 0.474651 0.021656 0.028343
11 0.400668 0.474651 0.021919 0.028343
11 0.456785 0.474651 0.026087 0.028343
11 0.591804 0.500898 0.026783 0.011976
11 0.182721 0.504491 0.021290 0.025150
11 0.544585 0.474651 0.031604 0.028343
11 0.656238 0.474651 0.018913 0.028343
11 0.871334 0.424750 0.022571 0.028343
11 0.801149 0.450998 0.009808 0.011976
11 0.727999 0.447006 0.024632 0.011976
11 0.747360 0.554491 0.029605 0.013972
11 0.913745 0.447006 0.030853 0.011976
11 0.005241 0.869261 0.005475 0.027622
11 0.500329 0.868862 0.018784 0.028343
11 0.556512 0.868862 0.025433 0.028343
11 0.613741 0.868862 0.029478 0.042715
11 0.457262 0.898703 0.021290 0.025150
11 0.656021 0.891118 0.030853 0.011976
