8 0.500073 0.356495 0.989156 0.377644
8 0.500073 0.802115 0.989156 0.377644
8 0.500073 0.054381 0.989156 0.090634
0 0.081371 0.363329 0.027473 0.045317
3 0.182104 0.363329 0.091575 0.120846
1 0.405442 0.430518 0.027473 0.045317
1 0.500000 0.267769 0.027473 0.045317
3 0.626609 0.267570 0.091575 0.120846
3 0.711228 0.430518 0.091575 0.120846
2 0.811045 0.430518 0.025641 0.042296
0 0.081371 0.812905 0.027473 0.045317
3 0.182104 0.812905 0.091575 0.120846
4 0.367216 0.812905 0.036630 0.060423
3 0.770751 0.687383 0.091575 0.120846
3 0.500000 0.876205 0.091575 0.120846
3 0.632784 0.876205 0.091575 0.120846
2 0.923589 0.687383 0.025641 0.042296
4 0.261904 0.813229 0.036630 0.060423
13 0.081371 0.220184 0.009158 0.247015
13 0.115712 0.363329 0.044872 0.015106
13 0.131737 0.606999 0.104396 0.372536
13 0.115712 0.812905 0.044872 0.015106
13 0.235740 0.813626 0.019361 0.015106
13 0.254854 0.363793 0.057588 0.015106
13 0.588097 0.540069 0.368972 0.179826
13 0.410943 0.859660 0.090201 0.039131
13 0.346148 0.412231 0.094780 0.043423
13 0.393426 0.300443 0.189338 0.071391
13 0.500000 0.553105 0.009158 0.531397
13 0.566392 0.876205 0.044872 0.015106
13 0.547279 0.267695 0.070748 0.015106
13 0.626609 0.153423 0.009158 0.113492
13 0.777620 0.430518 0.044872 0.015106
13 0.711228 0.234897 0.009158 0.276440
13 0.472527 0.346039 0.311826 0.042133
13 0.863654 0.687383 0.097893 0.015106
13 0.542309 0.430518 0.249924 0.015106
13 0.314560 0.813824 0.072345 0.015106
13 0.481456 0.911902 0.441850 0.142964
13 0.546090 0.735038 0.361411 0.101352
11 0.018864 0.356495 0.012821 0.098730
11 0.083183 0.408610 0.071128 0.038066
11 0.183618 0.363444 0.074548 0.042900
11 0.405728 0.465106 0.073360 0.018127
11 0.499616 0.321903 0.079817 0.058006
11 0.627754 0.266767 0.065376 0.042900
11 0.711538 0.429909 0.056798 0.042900
11 0.812121 0.473565 0.071128 0.038066
11 0.018864 0.802115 0.012821 0.113860
11 0.082704 0.857251 0.068338 0.038066
11 0.182234 0.812085 0.076047 0.042900
11 0.404705 0.848187 0.052999 0.038066
11 0.771062 0.686707 0.074224 0.042900
11 0.500000 0.875529 0.076970 0.042900
11 0.632784 0.875529 0.076047 0.042900
11 0.925195 0.730363 0.068338 0.038066
11 0.354550 0.800453 0.024118 0.018127
11 0.354167 0.761178 0.012363 0.018127
11 0.500000 0.053776 0.044282 0.021148
