8 0.500093 0.500415 0.991225 0.978358
0 0.071695 0.131782 0.022405 0.056180
3 0.153846 0.131782 0.074683 0.149813
4 0.239731 0.131782 0.029873 0.074906
3 0.357306 0.131782 0.074683 0.149813
3 0.465596 0.131782 0.074683 0.149813
1 0.611631 0.131782 0.022405 0.056180
1 0.611631 0.600768 0.022405 0.056180
1 0.611631 0.366686 0.022405 0.056180
3 0.693782 0.131782 0.074683 0.149813
3 0.802072 0.131782 0.074683 0.149813
2 0.883476 0.131782 0.020911 0.052434
3 0.693782 0.600768 0.074683 0.149813
4 0.779667 0.600768 0.029873 0.074906
3 0.865552 0.823615 0.074683 0.149813
2 0.946956 0.823615 0.020911 0.052434
3 0.855339 0.366686 0.074683 0.149813
2 0.936743 0.366686 0.020911 0.052434
4 0.779667 0.366686 0.029873 0.074906
4 0.780040 0.823615 0.029873 0.074906
12 0.099701 0.131782 0.036594 0.018727
12 0.207991 0.132370 0.036594 0.018727
12 0.287316 0.132341 0.068284 0.018727
12 0.411451 0.131782 0.036594 0.018727
12 0.519822 0.132368 0.036756 0.018727
12 0.583504 0.132226 0.036837 0.018727
12 0.576222 0.385002 0.051400 0.439024
12 0.576222 0.268144 0.051400 0.205308
12 0.639637 0.131782 0.036594 0.018727
12 0.747927 0.131782 0.036594 0.018727
12 0.856217 0.131782 0.036594 0.018727
12 0.639637 0.600768 0.036594 0.018727
12 0.747927 0.601356 0.036594 0.018727
12 0.919697 0.823615 0.036594 0.018727
12 0.780040 0.483727 0.007468 0.166667
12 0.780225 0.712191 0.007468 0.155431
12 0.909484 0.366686 0.036594 0.018727
12 0.693782 0.367143 0.144884 0.018727
12 0.806300 0.367296 0.026381 0.018727
12 0.811594 0.824208 0.036221 0.018727
12 0.502604 0.496893 0.527987 0.662806
