8 0.500155 0.499851 0.992219 0.986631
9 0.510270 0.227520 0.971990 0.441968
9 0.510270 0.584670 0.971990 0.272331
9 0.510270 0.857001 0.971990 0.272331
0 0.074848 0.142702 0.020229 0.032680
3 0.204668 0.142702 0.067431 0.087146
4 0.282213 0.142702 0.026972 0.043573
3 0.359759 0.142702 0.067431 0.087146
3 0.359759 0.257081 0.067431 0.087146
3 0.457533 0.142702 0.067431 0.087146
3 0.555308 0.142702 0.067431 0.087146
4 0.528335 0.257393 0.026972 0.043573
3 0.450790 0.257393 0.067431 0.087146
4 0.676683 0.257393 0.026972 0.043573
5 0.127298 0.142702 0.026972 0.043573
4 0.733999 0.142702 0.026972 0.043573
3 0.605881 0.584670 0.067431 0.087146
3 0.204668 0.857001 0.067431 0.087146
3 0.829036 0.857001 0.067431 0.087146
5 0.760971 0.857001 0.026972 0.043573
2 0.902536 0.857001 0.018881 0.030501
13 0.099387 0.142954 0.031546 0.010893
13 0.253555 0.143043 0.033041 0.010893
13 0.310871 0.143046 0.033041 0.010893
13 0.304297 0.210784 0.046190 0.096950
13 0.408646 0.142702 0.033041 0.010893
13 0.506421 0.142702 0.033041 0.010893
13 0.405274 0.257237 0.026298 0.010893
13 0.499677 0.257735 0.033041 0.010893
13 0.550419 0.431925 0.046190 0.309848
13 0.658308 0.431925 0.040121 0.309848
13 0.602509 0.257938 0.124072 0.010893
13 0.155868 0.143047 0.032865 0.010893
13 0.149206 0.510745 0.046190 0.696870
13 0.492934 0.857283 0.511799 0.010893
13 0.784889 0.857356 0.023561 0.010893
13 0.654768 0.143004 0.134186 0.010893
13 0.877924 0.857001 0.033041 0.010893
13 0.754397 0.489230 0.016521 0.696326
13 0.712253 0.211213 0.046864 0.097807
11 0.013891 0.500000 0.009440 0.102094
11 0.034120 0.857298 0.009440 0.078848
11 0.034120 0.584967 0.009440 0.073749
11 0.034120 0.227669 0.009440 0.063934
11 0.075749 0.174837 0.053049 0.027451
11 0.204990 0.142266 0.039793 0.030937
11 0.303360 0.161111 0.026814 0.013072
11 0.361096 0.142266 0.043198 0.030937
11 0.361099 0.256645 0.046338 0.030937
11 0.458254 0.142266 0.039705 0.030937
11 0.555630 0.142266 0.043413 0.030937
11 0.573252 0.282680 0.046032 0.027451
11 0.451113 0.256645 0.055997 0.030937
11 0.607222 0.584532 0.049488 0.030937
11 0.204990 0.856863 0.038228 0.030937
11 0.828726 0.856863 0.043851 0.030937
11 0.903300 0.888344 0.050700 0.027451
11 0.309811 0.127342 0.015441 0.013072
11 0.273306 0.136057 0.015256 0.013072
11 0.519049 0.263508 0.009103 0.013072
11 0.555744 0.242810 0.017759 0.013072
