8 0.500000 0.509653 0.989520 0.965251
9 0.513100 0.187902 0.963319 0.321750
9 0.513100 0.509653 0.963319 0.321750
9 0.513100 0.831403 0.963319 0.321750
0 0.083843 0.187902 0.026201 0.038610
2 0.929258 0.097812 0.024454 0.036036
3 0.795633 0.097812 0.087336 0.102960
4 0.354585 0.187902 0.034934 0.051480
3 0.254148 0.187902 0.087336 0.102960
3 0.513537 0.097812 0.087336 0.102960
3 0.640175 0.258687 0.087336 0.102960
5 0.140611 0.187902 0.034934 0.051480
4 0.795633 0.187902 0.034934 0.051480
3 0.640175 0.097812 0.087336 0.102960
4 0.721397 0.258687 0.034934 0.051480
3 0.513537 0.258687 0.087336 0.102960
3 0.721397 0.458172 0.087336 0.102960
3 0.140611 0.921493 0.087336 0.102960
3 0.929258 0.921493 0.087336 0.102960
3 0.721397 0.738417 0.087336 0.102960
5 0.795633 0.921493 0.034934 0.051480
4 0.721397 0.873552 0.034934 0.051480
12 0.166812 0.097812 0.087336 0.064350
12 0.934498 0.039897 0.087336 0.064350
13 0.107737 0.133554 0.034307 0.075234
13 0.915379 0.075933 0.008734 0.012870
13 0.721645 0.345560 0.008734 0.127413
13 0.481223 0.921827 0.597380 0.012870
13 0.849345 0.921879 0.075983 0.012870
13 0.140838 0.541828 0.008734 0.661519
13 0.721397 0.598295 0.008734 0.182432
13 0.795912 0.155727 0.008734 0.018018
13 0.750000 0.910714 0.059825 0.027992
13 0.796070 0.554698 0.008734 0.687259
13 0.576856 0.097812 0.042795 0.012870
13 0.717904 0.097812 0.071616 0.012870
13 0.693886 0.259111 0.023581 0.012870
13 0.576856 0.258687 0.042795 0.012870
13 0.750000 0.210746 0.059825 0.049550
13 0.110044 0.188197 0.029694 0.012870
13 0.184279 0.188300 0.055895 0.012870
13 0.317467 0.188306 0.042795 0.012870
13 0.412227 0.236165 0.118777 0.050193
13 0.412227 0.129987 0.118777 0.069498
13 0.721834 0.819015 0.008734 0.062741
13 0.929258 0.492921 0.008734 0.759331
11 0.017991 0.509653 0.012227 0.031340
11 0.044192 0.831403 0.012227 0.093157
11 0.044192 0.509653 0.012227 0.087131
11 0.044192 0.187902 0.012227 0.075536
11 0.795633 0.097297 0.063218 0.018018
11 0.391164 0.168468 0.034730 0.015444
11 0.255464 0.187387 0.061176 0.055084
11 0.513537 0.097297 0.071087 0.036551
11 0.640175 0.258172 0.066416 0.055084
11 0.640175 0.097297 0.075739 0.036551
11 0.514856 0.258172 0.060016 0.036551
11 0.721397 0.457658 0.071657 0.036551
11 0.140611 0.920978 0.049512 0.036551
11 0.930573 0.920978 0.076788 0.036551
11 0.721397 0.738224 0.073704 0.036551
11 0.165611 0.092664 0.074454 0.036551
11 0.930677 0.025483 0.069214 0.018018
11 0.709853 0.268855 0.008352 0.015444
11 0.709518 0.201931 0.018163 0.015444
11 0.378053 0.275290 0.029468 0.015444
11 0.390785 0.080952 0.019999 0.015444
