8 0.269780 0.092341 0.449561 0.144682
0 0.083333 0.142000 0.010000 0.010000
3 0.125000 0.142000 0.033333 0.026667
4 0.163333 0.142000 0.013333 0.013333
3 0.201667 0.142000 0.033333 0.026667
3 0.421406 0.043000 0.033333 0.026667
3 0.250000 0.142000 0.033333 0.026667
1 0.308072 0.142000 0.010000 0.010000
3 0.344739 0.142000 0.033333 0.026667
3 0.393072 0.142000 0.033333 0.026667
2 0.469098 0.142000 0.009333 0.009333
1 0.308072 0.076000 0.010000 0.010000
3 0.344739 0.076000 0.033333 0.026667
4 0.383072 0.076000 0.013333 0.013333
3 0.421406 0.109000 0.033333 0.026667
2 0.457739 0.109000 0.009333 0.009333
1 0.308072 0.109000 0.010000 0.010000
2 0.457739 0.043000 0.009333 0.009333
4 0.383239 0.109000 0.013333 0.013333
4 0.383072 0.043333 0.013333 0.013333
