8 0.371520 0.056667 0.633040 0.083333
8 0.317185 0.146667 0.524370 0.083333
8 0.253833 0.236667 0.397667 0.083333
0 0.085000 0.056667 0.010000 0.010000
3 0.121667 0.056667 0.033333 0.026667
3 0.170000 0.056667 0.033333 0.026667
3 0.218333 0.056667 0.033333 0.026667
1 0.255000 0.056667 0.010000 0.010000
3 0.291667 0.056667 0.033333 0.026667
3 0.340000 0.056667 0.033333 0.026667
3 0.388333 0.056667 0.033333 0.026667
1 0.445000 0.036667 0.010000 0.010000
3 0.568333 0.036667 0.033333 0.026667
3 0.616667 0.036667 0.033333 0.026667
1 0.530000 0.069063 0.010000 0.010000
4 0.530000 0.036667 0.013333 0.013333
2 0.653000 0.036667 0.009333 0.009333
0 0.085000 0.146667 0.010000 0.010000
3 0.121667 0.146667 0.033333 0.026667
3 0.170000 0.146667 0.033333 0.026667
3 0.218333 0.145718 0.033333 0.026667
3 0.266667 0.145718 0.033333 0.026667
3 0.315000 0.145718 0.033333 0.026667
1 0.351667 0.145743 0.010000 0.010000
3 0.388333 0.145743 0.033333 0.026667
3 0.501667 0.127224 0.033333 0.026667
1 0.465000 0.127224 0.010000 0.010000
1 0.465000 0.168717 0.010000 0.010000
3 0.501667 0.168717 0.033333 0.026667
2 0.552763 0.127224 0.009333 0.009333
0 0.085000 0.236667 0.010000 0.010000
3 0.121667 0.236667 0.033333 0.026667
3 0.170000 0.236667 0.033333 0.026667
3 0.218333 0.236667 0.033333 0.026667
2 0.254667 0.236667 0.009333 0.009333
