8 0.454167 0.061667 0.848333 0.083333
8 0.454167 0.200500 0.848333 0.111000
8 0.322833 0.308333 0.585667 0.083333
3 0.106667 0.038333 0.033333 0.026667
3 0.106667 0.080000 0.033333 0.026667
5 0.081667 0.061667 0.013333 0.013333
5 0.145000 0.061667 0.013333 0.013333
3 0.183333 0.061667 0.033333 0.026667
3 0.272333 0.061667 0.033333 0.026667
3 0.369000 0.061667 0.033333 0.026667
3 0.491667 0.061667 0.033333 0.026667
3 0.721417 0.063333 0.033333 0.026667
3 0.770500 0.063333 0.033333 0.026667
3 0.818833 0.063333 0.033333 0.026667
0 0.055000 0.061667 0.010000 0.010000
2 0.855167 0.063333 0.009333 0.009333
7 0.622417 0.063333 0.134667 0.053333
1 0.587000 0.080000 0.010000 0.010000
1 0.665000 0.045000 0.010000 0.010000
3 0.222000 0.176667 0.033333 0.026667
3 0.272333 0.176667 0.033333 0.026667
3 0.320667 0.176667 0.033333 0.026667
3 0.369000 0.176667 0.033333 0.026667
3 0.417333 0.176667 0.033333 0.026667
1 0.550667 0.176667 0.010000 0.010000
0 0.183333 0.176667 0.010000 0.010000
3 0.491667 0.176667 0.033333 0.026667
3 0.587333 0.176667 0.033333 0.026667
3 0.770500 0.160000 0.033333 0.026667
1 0.721417 0.160000 0.010000 0.010000
1 0.648083 0.176667 0.010000 0.010000
3 0.665000 0.203333 0.033333 0.026667
2 0.806833 0.160000 0.009333 0.009333
3 0.454000 0.308333 0.033333 0.026667
3 0.502333 0.308333 0.033333 0.026667
3 0.550667 0.308333 0.033333 0.026667
0 0.417333 0.308333 0.010000 0.010000
2 0.587000 0.308333 0.009333 0.009333
