8 0.500080 0.053973 0.986678 0.089955
8 0.500080 0.353823 0.986678 0.374813
8 0.500080 0.803598 0.986678 0.374813
0 0.124719 0.353823 0.033708 0.044978
3 0.248315 0.353823 0.112360 0.119940
1 0.468539 0.271364 0.033708 0.044978
3 0.592135 0.271364 0.112360 0.119940
1 0.592135 0.455022 0.033708 0.044978
3 0.739326 0.455022 0.112360 0.119940
2 0.894382 0.271364 0.031461 0.041979
0 0.124719 0.803598 0.033708 0.044978
3 0.248315 0.803598 0.112360 0.119940
3 0.478652 0.698651 0.112360 0.119940
4 0.377528 0.803598 0.044944 0.059970
3 0.608989 0.886057 0.112360 0.119940
3 0.771910 0.886057 0.112360 0.119940
2 0.894382 0.698651 0.031461 0.041979
13 0.124719 0.215142 0.011236 0.238381
13 0.166854 0.353823 0.055056 0.014993
13 0.186517 0.597451 0.128090 0.373313
13 0.329775 0.354294 0.055056 0.014993
13 0.166854 0.803598 0.055056 0.014993
13 0.329775 0.804069 0.055056 0.014993
13 0.465449 0.859820 0.179213 0.058471
13 0.400281 0.736132 0.048876 0.080960
13 0.468539 0.466267 0.011236 0.350825
13 0.510674 0.271364 0.055056 0.014993
13 0.592135 0.155172 0.011236 0.118441
13 0.414888 0.297601 0.078090 0.058471
13 0.476685 0.419415 0.201685 0.077211
13 0.646067 0.455022 0.078652 0.014993
13 0.739326 0.247001 0.011236 0.302099
13 0.690449 0.886057 0.055056 0.014993
13 0.600562 0.651799 0.021348 0.354573
13 0.617312 0.404798 0.439118 0.106447
13 0.763483 0.271364 0.234831 0.014993
13 0.626452 0.844242 0.457398 0.089627
13 0.706742 0.698651 0.348315 0.014993
11 0.500000 0.053373 0.054332 0.020990
11 0.023146 0.353823 0.015730 0.097990
11 0.126782 0.398051 0.087272 0.037781
11 0.248315 0.353223 0.096695 0.020990
11 0.468329 0.315592 0.071489 0.037781
11 0.594005 0.270765 0.056970 0.042579
11 0.593504 0.500000 0.074649 0.037781
11 0.741019 0.455172 0.080214 0.042579
11 0.896445 0.314093 0.087272 0.037781
11 0.023146 0.803598 0.015730 0.113006
11 0.126194 0.847826 0.083848 0.037781
11 0.248315 0.802999 0.093307 0.042579
11 0.478652 0.698051 0.094064 0.020990
11 0.423525 0.838831 0.065028 0.037781
11 0.610682 0.885457 0.080214 0.042579
11 0.771910 0.885457 0.093307 0.042579
11 0.895857 0.741379 0.083848 0.037781
11 0.361987 0.791454 0.029592 0.017991
11 0.362640 0.752474 0.015169 0.017991
