8 0.499955 0.163342 0.992062 0.311721
8 0.499955 0.500000 0.992062 0.311721
8 0.499955 0.836658 0.992062 0.311721
0 0.062786 0.163342 0.019621 0.037406
3 0.134729 0.163342 0.065402 0.099751
3 0.229562 0.163342 0.065402 0.099751
1 0.301504 0.163342 0.019621 0.037406
3 0.373447 0.163342 0.065402 0.099751
3 0.468280 0.163342 0.065402 0.099751
3 0.563113 0.163342 0.065402 0.099751
1 0.635056 0.163342 0.019621 0.037406
3 0.706998 0.163342 0.065402 0.099751
3 0.801831 0.163342 0.065402 0.099751
2 0.873120 0.163342 0.018313 0.034913
0 0.062786 0.500000 0.019621 0.037406
3 0.134729 0.500000 0.065402 0.099751
3 0.229562 0.500000 0.065402 0.099751
3 0.324395 0.500000 0.065402 0.099751
3 0.419228 0.500000 0.065402 0.099751
3 0.514061 0.500000 0.065402 0.099751
1 0.586004 0.500000 0.019621 0.037406
3 0.657946 0.500000 0.065402 0.099751
1 0.824722 0.430798 0.019621 0.037406
3 0.896664 0.430798 0.065402 0.099751
2 0.967953 0.430798 0.018313 0.034913
1 0.824722 0.555486 0.019621 0.037406
3 0.896664 0.555486 0.065402 0.099751
4 0.729889 0.500000 0.026161 0.049875
0 0.062786 0.836658 0.019621 0.037406
3 0.134729 0.836658 0.065402 0.099751
3 0.229562 0.836658 0.065402 0.099751
3 0.324395 0.836658 0.065402 0.099751
2 0.395683 0.836658 0.018313 0.034913
12 0.087312 0.163342 0.032047 0.012469
12 0.182145 0.163342 0.032047 0.012469
12 0.276978 0.163342 0.032047 0.012469
12 0.326030 0.163342 0.032047 0.012469
12 0.087312 0.500000 0.032047 0.012469
12 0.218116 0.347257 0.313277 0.273067
12 0.182145 0.500000 0.032047 0.012469
12 0.420863 0.163342 0.032047 0.012469
12 0.343471 0.331671 0.230434 0.241895
12 0.362546 0.331671 0.235884 0.241895
12 0.276978 0.500000 0.032047 0.012469
12 0.371812 0.500000 0.032047 0.012469
12 0.515697 0.163342 0.032047 0.012469
12 0.491171 0.331671 0.146501 0.241895
12 0.466645 0.500000 0.032047 0.012469
12 0.087312 0.836658 0.032047 0.012469
12 0.288424 0.683915 0.453891 0.273067
12 0.182145 0.836658 0.032047 0.012469
12 0.276978 0.836658 0.032047 0.012469
12 0.371812 0.836658 0.032047 0.012469
12 0.561478 0.500000 0.032047 0.012469
12 0.455199 0.652743 0.264225 0.273067
12 0.610530 0.500000 0.032047 0.012469
12 0.610530 0.163342 0.032047 0.012469
12 0.646501 0.316085 0.025507 0.273067
12 0.659581 0.163342 0.032047 0.012469
12 0.754415 0.163342 0.032047 0.012469
12 0.849248 0.163342 0.032047 0.012469
12 0.703728 0.500395 0.028777 0.012469
12 0.849248 0.430798 0.032047 0.012469
12 0.944081 0.430798 0.032047 0.012469
12 0.801831 0.297070 0.192283 0.172693
12 0.849248 0.555486 0.032047 0.012469
12 0.793819 0.452618 0.044801 0.048628
12 0.793819 0.539900 0.044801 0.036160
12 0.835677 0.583853 0.213538 0.122818
12 0.751145 0.500317 0.018967 0.012469
