8 0.135869 0.083831 0.251738 0.111556
8 0.135869 0.015000 0.251738 0.020000
8 0.135869 0.196276 0.251738 0.083333
0 0.037732 0.097942 0.010000 0.010000
3 0.074399 0.097942 0.033333 0.026667
1 0.176667 0.097942 0.010000 0.010000
3 0.213333 0.097942 0.033333 0.026667
1 0.151667 0.065000 0.010000 0.010000
3 0.188333 0.065000 0.033333 0.026667
2 0.244834 0.097942 0.009333 0.009333
0 0.037732 0.196276 0.010000 0.010000
3 0.074399 0.196276 0.033333 0.026667
4 0.112732 0.196276 0.013333 0.013333
3 0.176667 0.173720 0.033333 0.026667
3 0.151065 0.221164 0.033333 0.026667
3 0.199399 0.221164 0.033333 0.026667
2 0.220501 0.173720 0.009333 0.009333
4 0.138333 0.173720 0.013333 0.013333
