8 0.500000 0.306738 0.990469 0.386525
8 0.500000 0.773050 0.990469 0.439716
8 0.500000 0.042553 0.990469 0.070922
0 0.088165 0.307329 0.023828 0.035461
3 0.177923 0.307329 0.079428 0.094563
1 0.358221 0.189125 0.023828 0.035461
3 0.445592 0.189125 0.079428 0.094563
2 0.562042 0.189125 0.022240 0.033097
1 0.445592 0.401891 0.023828 0.035461
3 0.532963 0.401891 0.079428 0.094563
1 0.650692 0.401891 0.023828 0.035461
3 0.738063 0.401891 0.079428 0.094563
2 0.824640 0.401891 0.022240 0.033097
0 0.088165 0.773050 0.023828 0.035461
3 0.175536 0.773050 0.079428 0.094563
4 0.266878 0.773050 0.031771 0.047281
3 0.358221 0.693884 0.079428 0.094563
3 0.446785 0.841638 0.079428 0.094563
3 0.561956 0.841638 0.079428 0.094563
3 0.677127 0.841638 0.079428 0.094563
2 0.763703 0.841638 0.022240 0.033097
2 0.512311 0.693884 0.022240 0.033097
12 0.088165 0.183806 0.007943 0.216312
12 0.119144 0.307329 0.041307 0.011820
12 0.133044 0.554965 0.092935 0.405437
12 0.117951 0.773050 0.038920 0.011820
12 0.233122 0.773421 0.038920 0.011820
12 0.235509 0.307700 0.038920 0.011820
12 0.358221 0.426729 0.007943 0.444475
12 0.388006 0.189125 0.038920 0.011820
12 0.445592 0.109929 0.007943 0.068558
12 0.518114 0.189125 0.068793 0.011820
12 0.292891 0.721646 0.054408 0.060253
12 0.337173 0.819164 0.142973 0.049676
12 0.307985 0.236407 0.079821 0.099291
12 0.351670 0.366430 0.167192 0.075650
12 0.446188 0.606989 0.007943 0.379463
12 0.504371 0.841638 0.038920 0.011820
12 0.619541 0.841638 0.038920 0.011820
12 0.734712 0.841638 0.038920 0.011820
12 0.475377 0.401891 0.038920 0.011820
12 0.605727 0.401891 0.069279 0.011820
12 0.663910 0.606989 0.029612 0.379463
12 0.680478 0.401891 0.038920 0.011820
12 0.738063 0.216312 0.007943 0.281324
12 0.795649 0.401891 0.038920 0.011820
12 0.449563 0.693884 0.106434 0.011820
12 0.532963 0.216312 0.007943 0.281324
