8 0.206167 0.025000 0.362333 0.020000
8 0.206167 0.091667 0.362333 0.083333
8 0.206167 0.181667 0.362333 0.083333
0 0.060000 0.091667 0.010000 0.010000
3 0.096667 0.091667 0.033333 0.026667
1 0.225226 0.109410 0.010000 0.010000
1 0.186006 0.073821 0.010000 0.010000
1 0.282673 0.074013 0.010000 0.010000
3 0.234340 0.074013 0.033333 0.026667
3 0.261893 0.109410 0.033333 0.026667
3 0.319340 0.074013 0.033333 0.026667
2 0.376248 0.074013 0.009333 0.009333
4 0.349914 0.074013 0.013333 0.013333
0 0.060000 0.181667 0.010000 0.010000
3 0.096667 0.181667 0.033333 0.026667
4 0.135000 0.181667 0.013333 0.013333
3 0.238484 0.161667 0.033333 0.026667
3 0.199340 0.203333 0.033333 0.026667
2 0.363489 0.161667 0.009333 0.009333
3 0.247673 0.203333 0.033333 0.026667
3 0.296006 0.203333 0.033333 0.026667
4 0.334340 0.161667 0.013333 0.013333
