8 0.500000 0.153756 0.992037 0.293427
11 0.011281 0.185503 0.015926 0.359796
8 0.486729 0.500000 0.965494 0.293427
11 0.011281 0.545158 0.015926 0.511796
8 0.226277 0.846244 0.444592 0.293427
11 0.011281 0.878840 0.015926 0.369417
0 0.053749 0.153756 0.019907 0.035211
11 0.053749 0.191461 0.042231 0.054871
3 0.126742 0.153756 0.066357 0.093897
11 0.126742 0.156690 0.056053 0.059859
3 0.222960 0.153756 0.066357 0.093897
11 0.222960 0.156690 0.056053 0.059859
3 0.319177 0.153756 0.066357 0.093897
11 0.319177 0.156690 0.056053 0.059859
1 0.402123 0.153756 0.019907 0.035211
11 0.402123 0.200337 0.105579 0.082306
3 0.475116 0.153756 0.066357 0.093897
11 0.475116 0.156690 0.054517 0.059859
1 0.548109 0.153756 0.019907 0.035211
11 0.548109 0.182585 0.088686 0.027435
3 0.634373 0.153756 0.066357 0.093897
11 0.634373 0.154049 0.078320 0.029930
3 0.810219 0.153756 0.066357 0.093897
11 0.810219 0.156690 0.053749 0.059859
2 0.909091 0.153756 0.018580 0.032864
11 0.909091 0.181411 0.071794 0.027435
1 0.720637 0.153756 0.019907 0.035211
11 0.720637 0.182585 0.073201 0.027435
0 0.053749 0.500000 0.019907 0.035211
11 0.053749 0.537705 0.051382 0.054871
3 0.126742 0.500000 0.066357 0.093897
11 0.126742 0.502934 0.056053 0.059859
3 0.222960 0.500000 0.066357 0.093897
11 0.222960 0.502934 0.066035 0.059859
3 0.319177 0.500000 0.066357 0.093897
11 0.319177 0.500293 0.085999 0.029930
3 0.415395 0.500000 0.066357 0.093897
11 0.415395 0.502934 0.091374 0.059859
1 0.488388 0.500000 0.019907 0.035211
11 0.488388 0.528829 0.068978 0.027435
3 0.561380 0.500000 0.066357 0.093897
11 0.561380 0.500293 0.089838 0.029930
1 0.634373 0.500000 0.019907 0.035211
3 0.866622 0.417840 0.066357 0.093897
11 0.866622 0.420775 0.057588 0.059859
1 0.776377 0.500273 0.019907 0.035211
11 0.776377 0.529103 0.075313 0.027435
3 0.866622 0.564554 0.066357 0.093897
11 0.866622 0.564847 0.057588 0.029930
1 0.747180 0.417840 0.019907 0.035211
11 0.747180 0.446670 0.071794 0.027435
2 0.938952 0.417840 0.018580 0.032864
11 0.938952 0.445496 0.071794 0.027435
0 0.053749 0.846244 0.019907 0.035211
11 0.053749 0.875073 0.095021 0.027435
3 0.126742 0.846244 0.066357 0.093897
11 0.126742 0.849178 0.056821 0.059859
3 0.241539 0.846244 0.066357 0.093897
11 0.241539 0.851819 0.063731 0.089789
3 0.337757 0.846244 0.066357 0.093897
11 0.337757 0.849178 0.064499 0.059859
2 0.415395 0.846244 0.018580 0.032864
11 0.415395 0.873900 0.071090 0.027435
13 0.078633 0.153756 0.032515 0.011737
13 0.174851 0.153756 0.032515 0.011737
13 0.078633 0.500000 0.032515 0.011737
13 0.174851 0.500000 0.032515 0.011737
13 0.271068 0.153756 0.032515 0.011737
13 0.271068 0.500000 0.032515 0.011737
13 0.372263 0.153756 0.042468 0.011737
13 0.367130 0.312207 0.064864 0.286385
13 0.367286 0.500000 0.032515 0.011737
13 0.078633 0.846244 0.032515 0.011737
13 0.184141 0.846244 0.051095 0.011737
13 0.463504 0.500000 0.032515 0.011737
13 0.513271 0.500000 0.032515 0.011737
13 0.609489 0.500000 0.032515 0.011737
13 0.427007 0.153756 0.032515 0.011737
13 0.523225 0.153756 0.032515 0.011737
13 0.579628 0.153756 0.045786 0.011737
13 0.552533 0.312207 0.011502 0.286385
13 0.804910 0.541216 0.059721 0.051370
13 0.871599 0.153756 0.059058 0.011737
13 0.659257 0.500273 0.032515 0.011737
13 0.733577 0.500425 0.068348 0.011737
13 0.914731 0.417840 0.032515 0.011737
13 0.689117 0.153756 0.045786 0.011737
13 0.753816 0.153756 0.049104 0.011737
13 0.793630 0.271127 0.148640 0.204225
13 0.712508 0.447183 0.052090 0.063380
13 0.795289 0.417840 0.078965 0.011737
13 0.712508 0.447183 0.052090 0.063380
13 0.138354 0.341549 0.171865 0.286385
13 0.250054 0.326878 0.089216 0.257042
13 0.279363 0.326878 0.081549 0.257042
13 0.289648 0.846244 0.032515 0.011737
13 0.414526 0.658451 0.150376 0.286385
13 0.388520 0.846244 0.037823 0.011737
13 0.940111 0.420775 0.083275 0.245305
13 0.805106 0.575704 0.237167 0.109155
13 0.690776 0.300469 0.115461 0.204225
13 0.234572 0.687793 0.364300 0.286385
