8 0.443232 0.151972 0.880342 0.290023
8 0.447059 0.500000 0.872689 0.290023
8 0.503827 0.848028 0.986224 0.290023
0 0.454592 0.151972 0.015306 0.034803
3 0.518367 0.151972 0.051020 0.092807
3 0.592347 0.151972 0.051020 0.092807
2 0.843878 0.151972 0.014286 0.032483
3 0.666381 0.151972 0.051020 0.092807
0 0.208336 0.500000 0.015306 0.034803
3 0.281633 0.500000 0.051020 0.092807
3 0.365816 0.500000 0.051020 0.092807
1 0.592347 0.500000 0.015306 0.034803
3 0.648469 0.500000 0.051020 0.092807
1 0.755102 0.562709 0.015306 0.034803
1 0.755102 0.437291 0.015306 0.034803
3 0.811224 0.437291 0.051020 0.092807
2 0.864286 0.562709 0.014286 0.032483
3 0.536224 0.500000 0.051020 0.092807
3 0.450000 0.500000 0.051020 0.092807
3 0.811224 0.562709 0.051020 0.092807
0 0.048980 0.848028 0.015306 0.034803
3 0.100000 0.848028 0.051020 0.092807
1 0.156122 0.848028 0.015306 0.034803
3 0.209694 0.848028 0.051020 0.092807
3 0.339796 0.848028 0.051020 0.092807
1 0.273469 0.848028 0.015306 0.034803
1 0.450000 0.848028 0.015306 0.034803
1 0.647959 0.848028 0.015306 0.034803
3 0.724490 0.848028 0.051020 0.092807
3 0.884694 0.848028 0.051020 0.092807
2 0.944117 0.848028 0.014286 0.032483
3 0.808673 0.848028 0.051020 0.092807
13 0.065561 0.848028 0.019898 0.011601
13 0.136990 0.848028 0.025000 0.011601
13 0.173980 0.848028 0.022449 0.011601
13 0.236056 0.500000 0.042174 0.011601
13 0.250510 0.848028 0.032653 0.011601
13 0.297704 0.848028 0.035204 0.011601
13 0.323724 0.500000 0.035204 0.011601
13 0.403827 0.848028 0.079082 0.011601
13 0.208336 0.659513 0.005102 0.288863
13 0.273469 0.688515 0.005102 0.288863
13 0.301190 0.674594 0.028233 0.261021
13 0.477551 0.151972 0.032653 0.011601
13 0.555357 0.151972 0.025000 0.011601
13 0.629364 0.151972 0.025055 0.011601
13 0.548980 0.848028 0.184694 0.011601
13 0.611480 0.500000 0.025000 0.011601
13 0.647959 0.688515 0.005102 0.288863
13 0.677296 0.848028 0.045408 0.011601
13 0.923589 0.848028 0.028811 0.011601
13 0.689031 0.500356 0.032143 0.011601
13 0.730995 0.542955 0.034949 0.044147
13 0.730995 0.457045 0.034949 0.044147
13 0.774235 0.437291 0.025000 0.011601
13 0.767857 0.492137 0.088776 0.021526
13 0.573214 0.500000 0.025000 0.011601
13 0.407908 0.500000 0.035204 0.011601
13 0.493112 0.500000 0.037245 0.011601
13 0.764313 0.151972 0.146884 0.011601
13 0.497924 0.311485 0.088706 0.288863
13 0.631394 0.340487 0.080135 0.288863
13 0.450000 0.688515 0.005102 0.288863
13 0.774235 0.562709 0.025000 0.011601
13 0.846939 0.562709 0.022449 0.011601
13 0.766582 0.848028 0.035204 0.011601
13 0.846684 0.848028 0.027041 0.011601
13 0.809949 0.705368 0.005102 0.197152
11 0.010510 0.151972 0.007143 0.032109
11 0.455214 0.186195 0.027774 0.029234
11 0.518367 0.151508 0.029268 0.032947
11 0.593116 0.151508 0.040840 0.049652
11 0.667096 0.151508 0.035914 0.032947
11 0.018163 0.500000 0.007143 0.075839
11 0.209295 0.534223 0.027774 0.029234
11 0.282400 0.499536 0.030293 0.032947
11 0.365816 0.499536 0.026034 0.032947
11 0.593204 0.534223 0.037428 0.029234
11 0.648469 0.499536 0.043394 0.032947
11 0.755174 0.604524 0.039939 0.044548
11 0.754903 0.463921 0.038377 0.013921
11 0.811224 0.436891 0.038623 0.016241
11 0.536994 0.499536 0.038807 0.049652
11 0.450000 0.499536 0.041179 0.032947
11 0.811224 0.562181 0.027063 0.032947
11 0.018163 0.848028 0.007143 0.030171
11 0.048932 0.874594 0.040721 0.013921
11 0.100000 0.847564 0.029439 0.032947
11 0.156378 0.882251 0.032143 0.029234
11 0.210462 0.847564 0.030293 0.032947
11 0.339796 0.847564 0.039487 0.016241
11 0.273321 0.889907 0.046641 0.044548
11 0.450155 0.874594 0.038066 0.013921
11 0.648035 0.889907 0.035866 0.044548
11 0.724490 0.847564 0.043735 0.049652
11 0.884694 0.847564 0.027902 0.032947
11 0.808673 0.847564 0.040856 0.049652
