8 0.500000 0.500000 0.990783 0.985384
9 0.511521 0.840438 0.967742 0.304507
9 0.511521 0.195493 0.967742 0.376370
9 0.511521 0.535932 0.967742 0.304507
3 0.284946 0.806334 0.076805 0.097442
3 0.795699 0.806334 0.076805 0.097442
2 0.951613 0.806334 0.021505 0.034105
0 0.069892 0.224117 0.023041 0.036541
3 0.315668 0.063337 0.076805 0.097442
5 0.112135 0.224117 0.030722 0.048721
3 0.481567 0.336176 0.076805 0.097442
3 0.566052 0.063337 0.076805 0.097442
3 0.788786 0.063337 0.076805 0.097442
4 0.623656 0.336176 0.030722 0.048721
4 0.314900 0.224117 0.030722 0.048721
4 0.758065 0.336176 0.030722 0.048721
4 0.877112 0.224117 0.030722 0.048721
3 0.188172 0.224117 0.076805 0.097442
3 0.623656 0.500609 0.076805 0.097442
5 0.877112 0.609013 0.030722 0.048721
13 0.089094 0.224117 0.018433 0.012180
13 0.179531 0.527406 0.137097 0.562728
13 0.887481 0.806334 0.109831 0.012180
13 0.440860 0.063337 0.176651 0.012180
13 0.562633 0.000000 0.007680 0.066171
13 0.677419 0.063337 0.149002 0.012180
13 0.564132 0.336529 0.091398 0.012180
13 0.623877 0.406212 0.007680 0.096224
13 0.611739 0.710353 0.503096 0.194398
13 0.809650 0.719245 0.109364 0.176614
13 0.690860 0.336785 0.106759 0.012180
13 0.710253 0.430573 0.099462 0.144945
13 0.852343 0.131547 0.053379 0.141291
13 0.810100 0.268271 0.106375 0.091962
13 0.877496 0.416565 0.007680 0.341048
13 0.138633 0.224516 0.025346 0.012180
13 0.315668 0.000000 0.007680 0.068210
13 0.265337 0.231426 0.079109 0.012180
13 0.314900 0.155907 0.007680 0.092570
13 0.377112 0.287255 0.135201 0.088096
11 0.010292 0.500000 0.010753 0.096122
11 0.038863 0.535932 0.010753 0.082462
11 0.038863 0.195493 0.010753 0.071488
11 0.038863 0.840438 0.010753 0.088164
11 0.284946 0.805847 0.043542 0.034592
11 0.795699 0.805847 0.049947 0.034592
11 0.070066 0.260049 0.067936 0.030694
11 0.316399 0.062850 0.036562 0.034592
11 0.482726 0.335688 0.052779 0.034592
11 0.567336 0.062850 0.049191 0.052132
11 0.788786 0.062850 0.049448 0.034592
11 0.669841 0.356760 0.069328 0.014616
11 0.355949 0.244702 0.060592 0.014616
11 0.189198 0.223630 0.047139 0.034592
11 0.623656 0.500122 0.053534 0.034592
11 0.303979 0.185018 0.007344 0.014616
