8 0.500000 0.500000 0.988690 0.984252
9 0.514138 0.171916 0.960415 0.328084
9 0.514138 0.828084 0.960415 0.328084
9 0.514138 0.500000 0.960415 0.328084
0 0.104618 0.171916 0.028275 0.039370
3 0.318332 0.171916 0.094251 0.104987
4 0.432611 0.171916 0.037700 0.052493
3 0.714185 0.250656 0.094251 0.104987
6 0.536758 0.250656 0.037700 0.052493
3 0.536758 0.086614 0.094251 0.104987
5 0.209943 0.171916 0.037700 0.052493
6 0.822573 0.250656 0.037700 0.052493
4 0.922479 0.250656 0.037700 0.052493
3 0.209943 0.828084 0.094251 0.104987
3 0.787936 0.828084 0.094251 0.104987
2 0.934967 0.828084 0.026390 0.036745
5 0.645146 0.828084 0.037700 0.052493
3 0.536758 0.500000 0.094251 0.104987
13 0.389609 0.172324 0.052074 0.013123
13 0.611334 0.251038 0.115221 0.013123
13 0.537229 0.362205 0.009425 0.175853
13 0.441682 0.828433 0.372997 0.013123
13 0.702403 0.828478 0.080584 0.013123
13 0.878417 0.828084 0.090481 0.013123
13 0.154925 0.172227 0.076107 0.013123
13 0.250000 0.172332 0.046183 0.013123
13 0.210189 0.486877 0.009425 0.582677
13 0.461357 0.116142 0.060320 0.064304
13 0.475259 0.224409 0.089067 0.057743
13 0.782516 0.251067 0.046183 0.013123
13 0.872526 0.251312 0.065975 0.013123
13 0.753417 0.155512 0.342837 0.143045
13 0.703118 0.386483 0.243623 0.224409
13 0.784284 0.539370 0.281103 0.530184
11 0.019416 0.500000 0.013195 0.056466
11 0.047691 0.500000 0.013195 0.088847
11 0.047691 0.828084 0.013195 0.094991
11 0.047691 0.171916 0.013195 0.077023
11 0.319827 0.171391 0.057846 0.037270
11 0.514454 0.202756 0.073206 0.033071
11 0.715843 0.250131 0.064768 0.037270
11 0.537229 0.086089 0.060679 0.056168
11 0.210179 0.827559 0.053432 0.037270
11 0.787936 0.827559 0.061292 0.037270
11 0.538653 0.499475 0.069171 0.037270
11 0.594324 0.225066 0.057640 0.033071
11 0.518011 0.189633 0.061469 0.033071
11 0.420152 0.129790 0.009013 0.015748
11 0.419791 0.165223 0.019601 0.015748
