8 0.302167 0.118333 0.564333 0.166667
8 0.302167 0.259000 0.564333 0.088000
9 0.307167 0.076667 0.554333 0.083333
9 0.307167 0.160000 0.554333 0.083333
3 0.096667 0.076667 0.033333 0.026667
0 0.060000 0.076667 0.010000 0.010000
3 0.286667 0.070000 0.033333 0.026667
3 0.536667 0.070000 0.033333 0.026667
2 0.569667 0.070000 0.009333 0.009333
1 0.435000 0.103333 0.010000 0.010000
3 0.435000 0.070000 0.033333 0.026667
0 0.096667 0.160000 0.010000 0.010000
3 0.141667 0.160000 0.033333 0.026667
1 0.286667 0.180000 0.010000 0.010000
3 0.286667 0.146667 0.033333 0.026667
1 0.435000 0.160000 0.010000 0.010000
1 0.536667 0.180000 0.010000 0.010000
3 0.536667 0.146667 0.033333 0.026667
2 0.569667 0.146667 0.009333 0.009333
10 0.109667 0.211167 0.029333 0.032333
0 0.141667 0.245667 0.010000 0.010000
3 0.198333 0.245667 0.033333 0.026667
4 0.241667 0.245667 0.013333 0.013333
3 0.293333 0.245667 0.033333 0.026667
1 0.393333 0.280000 0.010000 0.010000
2 0.343000 0.245667 0.009333 0.009333
3 0.490000 0.280000 0.033333 0.026667
5 0.435000 0.280000 0.013333 0.013333
3 0.536667 0.280000 0.033333 0.026667
2 0.569667 0.280000 0.009333 0.009333
10 0.143000 0.286500 0.029333 0.032333
