8 0.316333 0.130500 0.582667 0.221000
0 0.070000 0.061667 0.010000 0.010000
2 0.574000 0.061333 0.009333 0.009333
3 0.111667 0.061667 0.033333 0.026667
4 0.150000 0.061667 0.013333 0.013333
3 0.206333 0.061807 0.033333 0.026667
3 0.254667 0.061774 0.033333 0.026667
1 0.345000 0.162333 0.010000 0.010000
1 0.345000 0.118333 0.010000 0.010000
1 0.345000 0.061667 0.010000 0.010000
3 0.383000 0.061333 0.033333 0.026667
3 0.381667 0.118333 0.033333 0.026667
4 0.420000 0.118000 0.013333 0.013333
3 0.494000 0.118000 0.033333 0.026667
