8 0.500000 0.138889 0.994149 0.264444
8 0.500000 0.491667 0.994149 0.303333
8 0.500000 0.841667 0.994149 0.303333
0 0.046806 0.123333 0.014627 0.033333
3 0.100439 0.123333 0.048757 0.088889
3 0.171136 0.123333 0.048757 0.088889
1 0.224768 0.123333 0.014627 0.033333
3 0.278401 0.123333 0.048757 0.088889
3 0.419308 0.123333 0.048757 0.088889
3 0.612384 0.123333 0.048757 0.088889
1 0.702097 0.123333 0.014627 0.033333
3 0.780595 0.123333 0.048757 0.088889
1 0.829352 0.123333 0.014627 0.033333
1 0.902487 0.123333 0.014627 0.033333
3 0.956119 0.123333 0.048757 0.088889
2 0.956119 0.238889 0.013652 0.031111
1 0.332033 0.123333 0.014627 0.033333
1 0.375914 0.123333 0.014627 0.033333
1 0.463676 0.123333 0.014627 0.033333
3 0.278401 0.478889 0.048757 0.088889
3 0.349098 0.478889 0.048757 0.088889
3 0.419308 0.478889 0.048757 0.088889
3 0.490005 0.478889 0.048757 0.088889
3 0.560702 0.478889 0.048757 0.088889
3 0.702097 0.478889 0.048757 0.088889
1 0.829352 0.478889 0.014627 0.033333
1 0.904437 0.478889 0.014627 0.033333
1 0.829352 0.573333 0.014627 0.033333
3 0.890297 0.573333 0.048757 0.088889
0 0.224768 0.478889 0.014627 0.033333
2 0.940517 0.478889 0.013652 0.031111
1 0.614334 0.478889 0.014627 0.033333
3 0.560702 0.842222 0.048757 0.088889
3 0.631399 0.842222 0.048757 0.088889
3 0.702097 0.842222 0.048757 0.088889
2 0.755241 0.842222 0.013652 0.031111
0 0.490005 0.842222 0.014627 0.033333
12 0.065090 0.123333 0.023891 0.011111
12 0.135787 0.123333 0.023891 0.011111
12 0.206485 0.123333 0.023891 0.011111
12 0.243052 0.123333 0.023891 0.011111
12 0.313749 0.478889 0.023891 0.011111
12 0.384203 0.464074 0.023403 0.011111
12 0.385422 0.316852 0.020965 0.358148
12 0.443225 0.287222 0.038693 0.298889
12 0.454656 0.478889 0.023891 0.011111
12 0.665773 0.123333 0.059971 0.011111
12 0.539005 0.278889 0.099951 0.315556
12 0.525353 0.478889 0.023891 0.011111
12 0.596051 0.842222 0.023891 0.011111
12 0.666748 0.842222 0.023891 0.011111
12 0.702097 0.660556 0.004876 0.278889
12 0.702097 0.287222 0.004876 0.298889
12 0.732813 0.123333 0.048757 0.011111
12 0.813506 0.123333 0.019015 0.011111
12 0.829352 0.301111 0.004876 0.326667
12 0.866894 0.478889 0.062409 0.011111
12 0.903462 0.301111 0.004876 0.326667
12 0.865919 0.123333 0.060458 0.011111
12 0.748659 0.479217 0.046319 0.011111
12 0.806192 0.479154 0.033642 0.011111
12 0.801438 0.537222 0.043150 0.076667
12 0.851292 0.573333 0.031204 0.011111
12 0.920770 0.123333 0.023891 0.011111
12 0.868235 0.568889 0.176743 0.140000
12 0.278401 0.301111 0.109215 0.326667
12 0.243052 0.478889 0.023891 0.011111
12 0.922721 0.478889 0.023891 0.011111
12 0.737445 0.842222 0.023891 0.011111
12 0.516821 0.842222 0.040956 0.011111
12 0.956119 0.195556 0.004876 0.060000
12 0.516836 0.674444 0.055612 0.306667
12 0.313749 0.123333 0.023891 0.011111
12 0.596051 0.478889 0.023891 0.011111
12 0.649683 0.478889 0.058020 0.011111
12 0.389078 0.123333 0.013652 0.011111
12 0.450024 0.123333 0.014627 0.011111
