8 0.500000 0.123737 0.990559 0.235354
8 0.500000 0.413131 0.990559 0.252525
8 0.500000 0.789394 0.990559 0.409091
0 0.097561 0.367677 0.023603 0.030303
3 0.184107 0.367677 0.078678 0.080808
1 0.642014 0.367677 0.023603 0.030303
3 0.728560 0.367677 0.078678 0.080808
3 0.298190 0.367677 0.078678 0.080808
1 0.444532 0.443434 0.023603 0.030303
3 0.531078 0.443434 0.078678 0.080808
2 0.814319 0.367677 0.022030 0.028283
0 0.097561 0.791919 0.023603 0.030303
4 0.307632 0.791919 0.031471 0.040404
3 0.217152 0.791919 0.078678 0.080808
4 0.708891 0.791919 0.031471 0.040404
3 0.398899 0.669697 0.078678 0.080808
3 0.571204 0.667677 0.078678 0.080808
3 0.799371 0.791919 0.078678 0.080808
2 0.885130 0.791919 0.022030 0.028283
13 0.097561 0.296970 0.007868 0.115152
13 0.127065 0.367677 0.038552 0.010101
13 0.671518 0.367677 0.038552 0.010101
13 0.728560 0.284343 0.007868 0.089899
13 0.333792 0.720707 0.054681 0.106061
13 0.659913 0.719697 0.101888 0.108081
13 0.508261 0.792424 0.372935 0.010101
13 0.143588 0.791919 0.071597 0.010101
13 0.274194 0.792236 0.038552 0.010101
13 0.485051 0.668687 0.096774 0.010101
13 0.241149 0.367677 0.038552 0.010101
13 0.197876 0.592424 0.203777 0.372727
13 0.742329 0.792239 0.038552 0.010101
13 0.856412 0.791919 0.038552 0.010101
13 0.720692 0.567172 0.160504 0.372727
13 0.421715 0.543939 0.048780 0.174747
13 0.522423 0.367926 0.218725 0.010101
13 0.416011 0.415657 0.036585 0.059596
13 0.360346 0.367987 0.048780 0.010101
13 0.474036 0.443434 0.038552 0.010101
13 0.531078 0.322222 0.007868 0.165657
13 0.600315 0.405556 0.062943 0.079798
13 0.785602 0.367677 0.038552 0.010101
11 0.016208 0.123737 0.011015 0.167093
11 0.016208 0.413131 0.011015 0.115893
11 0.039811 0.413131 0.011015 0.124637
11 0.098938 0.397475 0.062549 0.025455
11 0.184107 0.367273 0.044877 0.028687
11 0.641664 0.390808 0.063815 0.012121
11 0.728560 0.367273 0.063771 0.028687
11 0.298190 0.367273 0.067709 0.014141
11 0.445491 0.473232 0.052272 0.025455
11 0.531078 0.443030 0.058271 0.043232
11 0.814268 0.396465 0.039236 0.025455
11 0.016208 0.789394 0.011015 0.125316
11 0.039811 0.789394 0.011015 0.076136
11 0.097696 0.815051 0.064787 0.012121
11 0.381804 0.815657 0.064946 0.025455
11 0.217152 0.791515 0.065337 0.028687
11 0.400084 0.669293 0.056169 0.028687
11 0.571204 0.667273 0.065337 0.028687
11 0.800680 0.791515 0.039892 0.028687
11 0.885078 0.820707 0.039236 0.025455
11 0.296863 0.746364 0.017801 0.012121
11 0.334235 0.778687 0.009146 0.012121
