8 0.499918 0.142237 0.990016 0.271444
8 0.499918 0.505239 0.990016 0.356840
8 0.499918 0.866178 0.990016 0.253529
3 0.163666 0.142237 0.081833 0.086862
3 0.324284 0.142237 0.081833 0.086862
3 0.555974 0.142237 0.081833 0.086862
1 0.737970 0.199240 0.024550 0.032573
1 0.737970 0.085233 0.024550 0.032573
3 0.866612 0.142237 0.081833 0.086862
2 0.955810 0.142237 0.022913 0.030402
0 0.074059 0.142237 0.024550 0.032573
1 0.253682 0.142237 0.024550 0.032573
3 0.442942 0.142237 0.081833 0.086862
0 0.073650 0.504886 0.024550 0.032573
3 0.163666 0.504886 0.081833 0.086862
3 0.284124 0.504886 0.081833 0.086862
3 0.402782 0.504886 0.081833 0.086862
3 0.582815 0.504886 0.081833 0.086862
1 0.750164 0.609121 0.024550 0.032573
2 0.955810 0.406352 0.022913 0.030402
3 0.866612 0.609121 0.081833 0.086862
3 0.866612 0.406352 0.081833 0.086862
1 0.750164 0.406352 0.024550 0.032573
1 0.492799 0.504886 0.024550 0.032573
0 0.073650 0.866450 0.024550 0.032573
3 0.169804 0.866450 0.081833 0.086862
3 0.492799 0.866450 0.081833 0.086862
2 0.955810 0.866450 0.022913 0.030402
3 0.324284 0.866450 0.081833 0.086862
12 0.104542 0.142237 0.039689 0.010858
12 0.223895 0.504886 0.041899 0.010858
12 0.343453 0.504886 0.040098 0.010858
12 0.107406 0.866450 0.046236 0.010858
12 0.238216 0.699240 0.332406 0.306189
12 0.462111 0.504886 0.040098 0.010858
12 0.104337 0.504886 0.040098 0.010858
12 0.784927 0.121878 0.084809 0.045060
12 0.925941 0.142237 0.040098 0.010858
12 0.794067 0.609121 0.066530 0.010858
12 0.617686 0.142574 0.044865 0.010858
12 0.690477 0.181596 0.073711 0.039631
12 0.690477 0.102877 0.073711 0.039631
12 0.739034 0.866450 0.413912 0.010858
12 0.247044 0.866450 0.075921 0.010858
12 0.408541 0.866450 0.089955 0.010858
12 0.222995 0.142237 0.040098 0.010858
12 0.274662 0.142237 0.020683 0.010858
12 0.785210 0.162595 0.084244 0.045060
12 0.383613 0.142237 0.040098 0.010858
12 0.499458 0.142237 0.034472 0.010858
12 0.198967 0.337134 0.253908 0.307275
12 0.286255 0.323561 0.275730 0.280130
12 0.320353 0.323561 0.289369 0.280130
12 0.660393 0.338491 0.158429 0.250271
12 0.646031 0.505220 0.047872 0.010858
12 0.711497 0.567861 0.056056 0.086862
12 0.925941 0.406352 0.040098 0.010858
12 0.866612 0.274294 0.008183 0.181596
12 0.711497 0.444761 0.056056 0.081162
12 0.794067 0.406352 0.066530 0.010858
12 0.783838 0.535559 0.168822 0.064604
12 0.523486 0.504886 0.040098 0.010858
12 0.492799 0.672096 0.008183 0.306189
12 0.420049 0.323561 0.275123 0.280130
