8 0.500000 0.500000 0.989565 0.979522
9 0.513043 0.850683 0.963478 0.278157
9 0.513043 0.500000 0.963478 0.423208
9 0.513043 0.149317 0.963478 0.278157
3 0.131304 0.851536 0.086957 0.136519
5 0.700870 0.851536 0.034783 0.068259
3 0.796522 0.851536 0.086957 0.136519
2 0.891304 0.851536 0.024348 0.047782
4 0.205217 0.500000 0.034783 0.068259
3 0.313913 0.428328 0.086957 0.136519
3 0.313913 0.599456 0.086957 0.136519
4 0.540000 0.428753 0.034783 0.068259
5 0.131304 0.500000 0.034783 0.068259
3 0.440000 0.598976 0.086957 0.136519
4 0.613913 0.428328 0.034783 0.068259
4 0.674782 0.500000 0.034783 0.068259
0 0.070435 0.428328 0.026087 0.051195
3 0.574782 0.599456 0.086957 0.136519
3 0.440000 0.428753 0.086957 0.136519
3 0.540000 0.150171 0.086957 0.136519
13 0.376957 0.428540 0.042609 0.017065
13 0.540243 0.306527 0.008696 0.183020
13 0.168261 0.500853 0.042609 0.017065
13 0.131543 0.658703 0.008696 0.255973
13 0.429130 0.851982 0.512174 0.017065
13 0.735652 0.852081 0.038261 0.017065
13 0.376957 0.599216 0.042609 0.017065
13 0.238043 0.566793 0.068261 0.072152
13 0.576957 0.429396 0.042609 0.017065
13 0.598913 0.272184 0.034348 0.250853
13 0.507391 0.599216 0.051304 0.017065
13 0.696739 0.659130 0.012609 0.323379
13 0.107609 0.447099 0.051739 0.044369
13 0.646956 0.566793 0.060870 0.072152
13 0.503043 0.429289 0.042609 0.017065
13 0.859565 0.851536 0.042609 0.017065
13 0.238043 0.447099 0.068261 0.044369
13 0.653261 0.447526 0.047391 0.043515
11 0.017913 0.500000 0.012174 0.159936
11 0.044000 0.149317 0.012174 0.115531
11 0.044000 0.500000 0.012174 0.100156
11 0.044000 0.850683 0.012174 0.054088
11 0.131304 0.850853 0.049297 0.048464
11 0.797687 0.850853 0.057323 0.048464
11 0.245985 0.496416 0.034579 0.020478
11 0.315226 0.427645 0.059755 0.048464
11 0.314932 0.598294 0.066440 0.073038
11 0.562724 0.487201 0.059361 0.043003
11 0.440000 0.598294 0.050175 0.048464
11 0.574783 0.598294 0.055983 0.048464
11 0.440000 0.427645 0.072211 0.048464
11 0.541314 0.149488 0.063818 0.048464
11 0.563315 0.371843 0.010109 0.020478
11 0.193625 0.484471 0.022032 0.020478
11 0.574185 0.405973 0.019674 0.020478
11 0.193247 0.419625 0.021277 0.020478
