8 0.443232 0.151972 0.880342 0.290023
11 0.008673 0.157845 0.012245 0.066560
8 0.447059 0.500000 0.872689 0.290023
11 0.016327 0.514095 0.012245 0.159745
8 0.503827 0.848028 0.986224 0.290023
11 0.016327 0.853565 0.012245 0.062757
0 0.454592 0.151972 0.015306 0.034803
11 0.454592 0.180467 0.073059 0.027117
3 0.518367 0.151972 0.051020 0.092807
11 0.518367 0.154872 0.043688 0.059165
3 0.592347 0.151972 0.051020 0.092807
11 0.592347 0.157483 0.057857 0.088747
2 0.843878 0.151972 0.014286 0.032483
3 0.666381 0.151972 0.051020 0.092807
11 0.666381 0.154872 0.051363 0.059165
0 0.208336 0.500000 0.015306 0.034803
11 0.208336 0.528495 0.073059 0.027117
3 0.281633 0.500000 0.051020 0.092807
11 0.281633 0.502900 0.043098 0.059165
3 0.365816 0.500000 0.051020 0.092807
11 0.365816 0.500290 0.066122 0.029582
1 0.592347 0.500000 0.015306 0.034803
11 0.592347 0.537268 0.054118 0.054234
3 0.648469 0.500000 0.051020 0.092807
11 0.648469 0.502900 0.064942 0.059165
1 0.755102 0.562709 0.015306 0.034803
11 0.755102 0.599977 0.074142 0.054234
1 0.755102 0.437291 0.015306 0.034803
11 0.755102 0.465786 0.057906 0.027117
3 0.811224 0.437291 0.051020 0.092807
11 0.811224 0.437581 0.059038 0.029582
2 0.864286 0.562709 0.014286 0.032483
3 0.536224 0.500000 0.051020 0.092807
11 0.536224 0.502900 0.067894 0.059165
3 0.450000 0.500000 0.051020 0.092807
11 0.450000 0.502900 0.060219 0.059165
3 0.811224 0.562709 0.051020 0.092807
11 0.811224 0.562999 0.067894 0.029582
0 0.048980 0.848028 0.015306 0.034803
11 0.048980 0.876523 0.062777 0.027117
3 0.100000 0.848028 0.051020 0.092807
11 0.100000 0.850928 0.043098 0.059165
1 0.156122 0.848028 0.015306 0.034803
11 0.156122 0.885296 0.047624 0.054234
3 0.209694 0.848028 0.051020 0.092807
11 0.209694 0.850928 0.043098 0.059165
3 0.339796 0.848028 0.051020 0.092807
11 0.339796 0.848318 0.059628 0.029582
1 0.273469 0.848028 0.015306 0.034803
11 0.273469 0.885296 0.084965 0.054234
1 0.450000 0.848028 0.015306 0.034803
11 0.450000 0.876523 0.056283 0.027117
1 0.647959 0.848028 0.015306 0.034803
11 0.647959 0.885296 0.080636 0.054234
3 0.724490 0.848028 0.051020 0.092807
11 0.724490 0.853538 0.064351 0.088747
3 0.884694 0.848028 0.051020 0.092807
11 0.884694 0.848318 0.069074 0.029582
2 0.944117 0.848028 0.014286 0.032483
3 0.808673 0.848028 0.051020 0.092807
11 0.808673 0.853538 0.061990 0.088747
13 0.065561 0.848028 0.019898 0.011601
13 0.136990 0.848028 0.025000 0.011601
13 0.173980 0.848028 0.022449 0.011601
13 0.236056 0.500000 0.042174 0.011601
13 0.250510 0.848028 0.032653 0.011601
13 0.297704 0.848028 0.035204 0.011601
13 0.323724 0.500000 0.035204 0.011601
13 0.403827 0.848028 0.079082 0.011601
13 0.208336 0.659513 0.005102 0.288863
13 0.273469 0.688515 0.005102 0.288863
13 0.301190 0.674594 0.028233 0.261021
13 0.477551 0.151972 0.032653 0.011601
13 0.555357 0.151972 0.025000 0.011601
13 0.629364 0.151972 0.025055 0.011601
13 0.548980 0.848028 0.184694 0.011601
13 0.611480 0.500000 0.025000 0.011601
13 0.647959 0.688515 0.005102 0.288863
13 0.677296 0.848028 0.045408 0.011601
13 0.923589 0.848028 0.028811 0.011601
13 0.689031 0.500356 0.032143 0.011601
13 0.730995 0.542955 0.034949 0.044147
13 0.730995 0.457045 0.034949 0.044147
13 0.774235 0.437291 0.025000 0.011601
13 0.767857 0.492137 0.088776 0.021526
13 0.573214 0.500000 0.025000 0.011601
13 0.407908 0.500000 0.035204 0.011601
13 0.493112 0.500000 0.037245 0.011601
13 0.764313 0.151972 0.146884 0.011601
13 0.497924 0.311485 0.088706 0.288863
13 0.631394 0.340487 0.080135 0.288863
13 0.450000 0.688515 0.005102 0.288863
13 0.774235 0.562709 0.025000 0.011601
13 0.846939 0.562709 0.022449 0.011601
13 0.766582 0.848028 0.035204 0.011601
13 0.846684 0.848028 0.027041 0.011601
13 0.809949 0.705368 0.005102 0.197152
