8 0.499943 0.500000 0.991609 0.978417
9 0.510287 0.528777 0.970919 0.237410
9 0.510287 0.818345 0.970919 0.341727
9 0.510287 0.210432 0.970919 0.399281
3 0.500000 0.497602 0.068966 0.071942
5 0.828966 0.764388 0.027586 0.071942
0 0.048966 0.223022 0.020690 0.053957
3 0.152414 0.209532 0.068966 0.080935
4 0.231724 0.223022 0.027586 0.071942
3 0.342069 0.183453 0.068966 0.071942
3 0.342069 0.296763 0.068966 0.071942
4 0.770345 0.232014 0.027586 0.071942
3 0.869052 0.231115 0.068966 0.080935
2 0.948276 0.232014 0.019310 0.050360
4 0.558103 0.295863 0.027586 0.071942
3 0.626250 0.296763 0.068966 0.071942
3 0.473103 0.147482 0.068966 0.071942
4 0.421379 0.296763 0.027586 0.071942
3 0.595862 0.147482 0.060690 0.071942
5 0.092069 0.223022 0.027586 0.071942
13 0.202414 0.216727 0.033793 0.021583
13 0.581832 0.296763 0.022629 0.017986
13 0.921078 0.231706 0.037845 0.017986
13 0.407586 0.165468 0.064828 0.043165
13 0.276552 0.203687 0.064828 0.047662
13 0.269828 0.277878 0.078276 0.044964
13 0.392069 0.297327 0.033793 0.017986
13 0.443621 0.415168 0.046552 0.172062
13 0.522155 0.379197 0.047069 0.172062
13 0.489741 0.297214 0.111897 0.017986
13 0.536552 0.147482 0.060690 0.017986
13 0.708642 0.264838 0.098578 0.071043
13 0.792931 0.516637 0.047241 0.504496
13 0.809353 0.232207 0.053190 0.017986
13 0.068793 0.223432 0.021724 0.017986
11 0.014207 0.500000 0.009655 0.114556
11 0.034897 0.210432 0.009655 0.105560
11 0.034897 0.818345 0.009655 0.130185
11 0.034897 0.528777 0.009655 0.121765
11 0.501042 0.497482 0.050614 0.051079
11 0.049095 0.276079 0.036121 0.045324
11 0.153335 0.208813 0.042328 0.051079
11 0.253023 0.253417 0.027425 0.021583
11 0.342069 0.182734 0.057283 0.076978
11 0.342069 0.296043 0.055205 0.076978
11 0.868966 0.230396 0.059124 0.051079
11 0.627248 0.296043 0.047392 0.051079
11 0.473103 0.146763 0.039794 0.051079
11 0.466988 0.339029 0.047080 0.045324
11 0.595862 0.146763 0.044401 0.051079
11 0.581250 0.271403 0.008017 0.021583
11 0.268758 0.226439 0.018895 0.021583
11 0.241595 0.275000 0.015603 0.021583
11 0.412284 0.309173 0.008017 0.021583
11 0.448491 0.271403 0.015603 0.021583
