0 0.013663 0.284343 0.019519 0.048077
11 0.013663 0.323706 0.024844 0.037460
3 0.086234 0.284343 0.083279 0.128205
11 0.086234 0.288349 0.115940 0.081731
4 0.174718 0.284343 0.026025 0.064103
11 0.176670 0.206218 0.149066 0.040865
4 0.312476 0.284343 0.026025 0.064103
11 0.310524 0.219038 0.080556 0.040865
3 0.312151 0.869119 0.132075 0.105769
11 0.312151 0.873125 0.151324 0.081731
3 0.399813 0.284744 0.067973 0.117788
11 0.399813 0.288750 0.051194 0.081731
3 0.711735 0.284343 0.067973 0.128205
11 0.711735 0.291955 0.062487 0.122596
4 0.547316 0.869119 0.026025 0.064103
11 0.547967 0.782981 0.212306 0.040865
3 0.628798 0.869119 0.067973 0.105769
11 0.628798 0.873125 0.069263 0.081731
4 0.711581 0.869119 0.026025 0.064103
5 0.476090 0.284343 0.026025 0.064103
3 0.552367 0.284343 0.067973 0.128205
11 0.552366 0.288349 0.075286 0.081731
3 0.552367 0.476651 0.067973 0.128205
11 0.552366 0.480657 0.075286 0.081731
3 0.552367 0.660946 0.067973 0.128205
11 0.552366 0.664952 0.075286 0.081731
5 0.628643 0.285144 0.026025 0.064103
4 0.783227 0.284343 0.026025 0.064103
3 0.907165 0.285144 0.083279 0.105769
11 0.907165 0.289151 0.073027 0.081731
5 0.257174 0.285144 0.026025 0.064103
3 0.423367 0.073958 0.120364 0.128205
11 0.423367 0.074359 0.085073 0.040865
5 0.838530 0.284918 0.026025 0.064103
2 0.226117 0.476651 0.018217 0.044872
11 0.226117 0.514411 0.024154 0.037460
2 0.987191 0.285144 0.018217 0.044872
11 0.987191 0.322905 0.024154 0.037460
13 0.034008 0.284343 0.023774 0.016026
13 0.144789 0.284871 0.036435 0.016026
13 0.215946 0.285542 0.059034 0.016026
11 0.196465 0.266535 0.014865 0.041010
13 0.312488 0.566314 0.006506 0.506250
11 0.303623 0.292026 0.015656 0.078924
13 0.345658 0.284993 0.042941 0.016026
11 0.334167 0.266222 0.014849 0.040934
13 0.456246 0.869609 0.158718 0.016026
13 0.577570 0.869624 0.037085 0.016026
11 0.568711 0.850893 0.014363 0.041002
13 0.680676 0.868323 0.038386 0.016026
13 0.448439 0.284998 0.031880 0.016026
13 0.503741 0.284856 0.031880 0.016026
13 0.494633 0.488670 0.050098 0.350962
13 0.499838 0.396522 0.039688 0.166667
13 0.600992 0.285360 0.031880 0.016026
13 0.609775 0.489071 0.049447 0.350160
13 0.604570 0.396923 0.039037 0.165865
13 0.757968 0.284859 0.027096 0.016026
13 0.284825 0.285550 0.031880 0.016026
13 0.310342 0.163526 0.108289 0.185545
13 0.810878 0.285429 0.031880 0.016026
13 0.858534 0.285554 0.016586 0.016026
13 0.661201 0.163413 0.357906 0.185319
13 0.963443 0.285144 0.031880 0.016026
13 0.754479 0.593586 0.062374 0.560795
13 0.196025 0.396522 0.044567 0.166667
11 0.165934 0.291984 0.015615 0.078812
13 0.629774 0.945777 0.166867 0.095625
11 0.538533 0.877146 0.015615 0.076185
13 0.659702 0.285152 0.038695 0.016026
