8 0.500000 0.500000 0.992857 0.982906
11 0.010119 0.518956 0.014286 0.214835
11 0.027976 0.521635 0.014286 0.245192
0 0.092857 0.377493 0.017857 0.042735
11 0.092857 0.412482 0.111122 0.033298
3 0.158333 0.377493 0.059524 0.113960
11 0.158333 0.381054 0.052347 0.072650
4 0.233929 0.377493 0.023810 0.056980
11 0.235119 0.305199 0.121224 0.036325
3 0.314286 0.377493 0.059524 0.113960
11 0.314286 0.384259 0.073699 0.108974
3 0.412500 0.377493 0.059524 0.113960
11 0.412500 0.381054 0.068878 0.072650
3 0.822619 0.827635 0.059524 0.113960
11 0.822619 0.831197 0.044082 0.072650
2 0.917262 0.827635 0.016667 0.039886
11 0.917262 0.861200 0.095338 0.033298
1 0.541667 0.528490 0.017857 0.042735
11 0.541667 0.563479 0.078922 0.033298
1 0.541667 0.235043 0.017857 0.042735
11 0.541667 0.270032 0.131958 0.033298
3 0.626190 0.528490 0.059524 0.113960
11 0.626190 0.528846 0.075077 0.036325
4 0.721429 0.827635 0.023810 0.056980
1 0.541667 0.377493 0.017857 0.042735
11 0.541667 0.412482 0.120593 0.033298
3 0.626190 0.377493 0.059524 0.113960
11 0.626190 0.381054 0.066811 0.072650
4 0.720833 0.377493 0.023810 0.056980
11 0.720833 0.332265 0.136378 0.036325
3 0.819048 0.377493 0.059524 0.113960
11 0.819048 0.387464 0.073699 0.145299
2 0.917262 0.377493 0.016667 0.039886
11 0.917262 0.411058 0.120593 0.033298
13 0.880655 0.827635 0.058929 0.014245
13 0.205060 0.377931 0.036310 0.014245
13 0.115179 0.377493 0.029167 0.014245
13 0.363393 0.377493 0.041071 0.014245
13 0.265179 0.377930 0.041071 0.014245
11 0.253737 0.361305 0.013598 0.036446
13 0.455655 0.377940 0.029167 0.014245
13 0.506994 0.467236 0.053869 0.128205
13 0.506994 0.292023 0.053869 0.119658
13 0.471875 0.617165 0.477679 0.428063
11 0.225893 0.384285 0.014286 0.070055
13 0.763095 0.828056 0.061905 0.014245
13 0.512798 0.377833 0.042262 0.014245
13 0.573512 0.377493 0.048214 0.014245
13 0.682440 0.377915 0.055357 0.014245
13 0.761012 0.377915 0.058929 0.014245
11 0.744329 0.361317 0.020940 0.036538
13 0.573512 0.528490 0.048214 0.014245
13 0.721428 0.602564 0.005952 0.398860
11 0.736669 0.389818 0.014306 0.032807
13 0.684821 0.277778 0.270833 0.091168
13 0.688839 0.663818 0.068155 0.276353
13 0.878869 0.377493 0.062500 0.014245
