8 0.500000 0.153756 0.992037 0.293427
8 0.486729 0.500000 0.965494 0.293427
8 0.226277 0.846244 0.444592 0.293427
0 0.053749 0.153756 0.019907 0.035211
3 0.126742 0.153756 0.066357 0.093897
3 0.222960 0.153756 0.066357 0.093897
3 0.319177 0.153756 0.066357 0.093897
1 0.402123 0.153756 0.019907 0.035211
3 0.475116 0.153756 0.066357 0.093897
1 0.548109 0.153756 0.019907 0.035211
3 0.634373 0.153756 0.066357 0.093897
3 0.810219 0.153756 0.066357 0.093897
2 0.909091 0.153756 0.018580 0.032864
1 0.720637 0.153756 0.019907 0.035211
0 0.053749 0.500000 0.019907 0.035211
3 0.126742 0.500000 0.066357 0.093897
3 0.222960 0.500000 0.066357 0.093897
3 0.319177 0.500000 0.066357 0.093897
3 0.415395 0.500000 0.066357 0.093897
1 0.488388 0.500000 0.019907 0.035211
3 0.561380 0.500000 0.066357 0.093897
1 0.634373 0.500000 0.019907 0.035211
3 0.866622 0.417840 0.066357 0.093897
1 0.776377 0.500273 0.019907 0.035211
3 0.866622 0.564554 0.066357 0.093897
1 0.747180 0.417840 0.019907 0.035211
2 0.938952 0.417840 0.018580 0.032864
0 0.053749 0.846244 0.019907 0.035211
3 0.126742 0.846244 0.066357 0.093897
3 0.241539 0.846244 0.066357 0.093897
3 0.337757 0.846244 0.066357 0.093897
2 0.415395 0.846244 0.018580 0.032864
13 0.078633 0.153756 0.032515 0.011737
13 0.174851 0.153756 0.032515 0.011737
13 0.078633 0.500000 0.032515 0.011737
13 0.174851 0.500000 0.032515 0.011737
13 0.271068 0.153756 0.032515 0.011737
13 0.271068 0.500000 0.032515 0.011737
13 0.372263 0.153756 0.042468 0.011737
13 0.367130 0.312207 0.064864 0.286385
13 0.367286 0.500000 0.032515 0.011737
13 0.078633 0.846244 0.032515 0.011737
13 0.184141 0.846244 0.051095 0.011737
13 0.463504 0.500000 0.032515 0.011737
13 0.513271 0.500000 0.032515 0.011737
13 0.609489 0.500000 0.032515 0.011737
13 0.427007 0.153756 0.032515 0.011737
13 0.523225 0.153756 0.032515 0.011737
13 0.579628 0.153756 0.045786 0.011737
13 0.552533 0.312207 0.011502 0.286385
13 0.804910 0.541216 0.059721 0.051370
13 0.871599 0.153756 0.059058 0.011737
13 0.659257 0.500273 0.032515 0.011737
13 0.733577 0.500425 0.068348 0.011737
13 0.914731 0.417840 0.032515 0.011737
13 0.689117 0.153756 0.045786 0.011737
13 0.753816 0.153756 0.049104 0.011737
13 0.793630 0.271127 0.148640 0.204225
13 0.712508 0.447183 0.052090 0.063380
13 0.795289 0.417840 0.078965 0.011737
13 0.712508 0.447183 0.052090 0.063380
13 0.138354 0.341549 0.171865 0.286385
13 0.250054 0.326878 0.089216 0.257042
13 0.279363 0.326878 0.081549 0.257042
13 0.289648 0.846244 0.032515 0.011737
13 0.414526 0.658451 0.150376 0.286385
13 0.388520 0.846244 0.037823 0.011737
13 0.940111 0.420775 0.083275 0.245305
13 0.805106 0.575704 0.237167 0.109155
13 0.690776 0.300469 0.115461 0.204225
13 0.234572 0.687793 0.364300 0.286385
11 0.013670 0.153756 0.009290 0.166758
11 0.053643 0.188380 0.027657 0.029577
11 0.126742 0.153286 0.038289 0.033333
11 0.223958 0.153286 0.039399 0.033333
11 0.320176 0.153286 0.039399 0.033333
11 0.402403 0.211620 0.049664 0.076056
11 0.476114 0.153286 0.039171 0.033333
11 0.549083 0.188380 0.047072 0.029577
11 0.634373 0.153286 0.052900 0.016432
11 0.810219 0.153286 0.036289 0.033333
11 0.908844 0.179460 0.047284 0.014085
11 0.720435 0.180634 0.048700 0.014085
11 0.013670 0.500000 0.009290 0.236062
11 0.053542 0.534624 0.034091 0.029577
11 0.127740 0.499531 0.039399 0.033333
11 0.222960 0.499531 0.044922 0.033333
11 0.319177 0.499531 0.033860 0.033333
11 0.416395 0.499531 0.050473 0.050235
11 0.488548 0.526878 0.045444 0.014085
11 0.561380 0.499531 0.032091 0.033333
11 0.866622 0.417371 0.038297 0.033333
11 0.776118 0.526878 0.049913 0.014085
11 0.866622 0.564085 0.037395 0.016432
11 0.747135 0.444718 0.047687 0.014085
11 0.938917 0.443545 0.047708 0.014085
11 0.013670 0.846244 0.009290 0.171453
11 0.054558 0.880869 0.036123 0.029577
11 0.126742 0.845775 0.038066 0.033333
11 0.242539 0.845775 0.045143 0.050235
11 0.338530 0.845775 0.044926 0.033333
11 0.415553 0.871948 0.048093 0.014085
