8 0.493021 0.056604 0.977562 0.094340
8 0.493021 0.364593 0.977562 0.380129
8 0.501719 0.800006 0.988869 0.380129
3 0.183419 0.364780 0.070671 0.125786
1 0.422995 0.364780 0.021201 0.047170
4 0.479532 0.364780 0.028269 0.062893
3 0.791363 0.364780 0.070671 0.125786
2 0.868395 0.364780 0.019788 0.044025
1 0.628857 0.457547 0.021201 0.047170
4 0.710091 0.364780 0.028269 0.062893
3 0.551119 0.457547 0.070671 0.125786
0 0.089008 0.364780 0.021201 0.047170
0 0.164564 0.806482 0.021201 0.047170
3 0.264202 0.806482 0.070671 0.125786
4 0.345474 0.806482 0.028269 0.062893
3 0.412612 0.704281 0.070671 0.125786
3 0.412612 0.916545 0.070671 0.125786
2 0.503778 0.704281 0.019788 0.044025
3 0.529220 0.916545 0.070671 0.125786
3 0.628857 0.916545 0.070671 0.125786
2 0.720241 0.916545 0.019788 0.044025
13 0.202016 0.806482 0.056528 0.015723
13 0.315439 0.806976 0.034629 0.015723
13 0.361552 0.739659 0.034276 0.077044
13 0.361552 0.877237 0.034276 0.084906
13 0.164564 0.605285 0.007067 0.361514
13 0.315575 0.364780 0.196466 0.015723
13 0.470916 0.704281 0.048763 0.015723
13 0.470916 0.916545 0.048763 0.015723
13 0.422995 0.514876 0.007067 0.259313
13 0.449497 0.365146 0.034629 0.015723
13 0.791363 0.202830 0.007067 0.204403
13 0.842600 0.364780 0.034629 0.015723
13 0.579038 0.916545 0.031793 0.015723
13 0.628857 0.667392 0.007067 0.378809
13 0.740126 0.365278 0.034629 0.015723
13 0.602356 0.457547 0.034629 0.015723
13 0.687270 0.916545 0.048981 0.015723
13 0.674951 0.426887 0.073813 0.067610
13 0.551119 0.249214 0.007067 0.297170
13 0.123846 0.364780 0.051302 0.015723
13 0.089008 0.222484 0.007067 0.243711
13 0.490919 0.621009 0.138675 0.471577
13 0.595165 0.301101 0.233386 0.070755
13 0.497834 0.426887 0.038724 0.067610
11 0.492933 0.055975 0.116442 0.022013
11 0.014558 0.364780 0.009894 0.180400
11 0.035760 0.364780 0.009894 0.169384
11 0.183746 0.364151 0.056570 0.067296
11 0.422300 0.301101 0.064388 0.039623
11 0.520666 0.330975 0.040625 0.039623
11 0.791519 0.364151 0.032531 0.067296
11 0.869142 0.409591 0.054892 0.039623
11 0.641282 0.419969 0.061363 0.060377
11 0.551237 0.456918 0.055160 0.067296
11 0.089045 0.421541 0.063603 0.060377
11 0.469832 0.312736 0.008216 0.018868
11 0.470186 0.356761 0.015989 0.018868
11 0.017385 0.800314 0.009894 0.195067
11 0.164663 0.863365 0.063603 0.060377
11 0.265375 0.805975 0.053743 0.044654
11 0.381360 0.804245 0.031979 0.039623
11 0.413902 0.703774 0.034894 0.067296
11 0.412721 0.916038 0.055160 0.067296
11 0.503672 0.749214 0.051866 0.039623
11 0.530393 0.916038 0.053743 0.044654
11 0.630039 0.916038 0.041961 0.067296
11 0.719926 0.961478 0.051866 0.039623
11 0.336263 0.754560 0.008216 0.018868
11 0.335910 0.798585 0.015989 0.018868
