8 0.420139 0.357027 0.830474 0.403877
11 0.013889 0.392312 0.019608 0.399890
8 0.500000 0.806947 0.990196 0.366721
11 0.013889 0.845269 0.019608 0.434318
8 0.398284 0.058158 0.705065 0.096931
11 0.398284 0.059370 0.345063 0.068659
11 0.038399 0.394181 0.019608 0.421077
0 0.078431 0.357027 0.024510 0.048465
3 0.168301 0.357027 0.081699 0.129241
11 0.168301 0.361066 0.108718 0.082391
1 0.514706 0.486268 0.024510 0.048465
11 0.523693 0.440327 0.104858 0.037763
1 0.422794 0.243942 0.024510 0.048465
11 0.423611 0.201232 0.137789 0.037763
3 0.676062 0.235864 0.081699 0.129241
11 0.676062 0.236268 0.110609 0.041195
3 0.542279 0.235864 0.081699 0.129241
11 0.542279 0.239903 0.102101 0.082391
2 0.794526 0.235864 0.022876 0.045234
11 0.794526 0.273930 0.105725 0.037763
0 0.078431 0.807754 0.024510 0.048465
3 0.168301 0.807754 0.081699 0.129241
11 0.168301 0.808158 0.101155 0.041195
4 0.371732 0.807754 0.032680 0.064620
11 0.313725 0.776252 0.104937 0.082391
3 0.512255 0.728595 0.081699 0.129241
11 0.512255 0.732633 0.108718 0.082391
3 0.465686 0.890145 0.081699 0.129241
11 0.465686 0.894184 0.086029 0.082391
3 0.676062 0.890145 0.081699 0.129241
11 0.676062 0.890549 0.101155 0.041195
3 0.794526 0.890145 0.081699 0.129241
11 0.794526 0.894184 0.108718 0.082391
2 0.953023 0.728595 0.022876 0.045234
11 0.953023 0.766660 0.105725 0.037763
4 0.888480 0.728595 0.032680 0.064620
13 0.078431 0.219709 0.008170 0.232633
13 0.109069 0.357027 0.040033 0.016155
13 0.123366 0.602585 0.093137 0.368336
13 0.109069 0.807754 0.040033 0.016155
13 0.437296 0.437803 0.133578 0.103393
13 0.391340 0.284330 0.041667 0.087237
13 0.601511 0.393376 0.152369 0.192246
13 0.282271 0.808206 0.149510 0.016155
13 0.398489 0.865105 0.055964 0.056543
11 0.360703 0.815457 0.019608 0.079448
13 0.421773 0.752019 0.102533 0.053312
11 0.360703 0.757068 0.019608 0.037076
13 0.735294 0.890145 0.040033 0.016155
13 0.542279 0.138934 0.008170 0.071082
13 0.750000 0.235864 0.069444 0.016155
13 0.676062 0.138934 0.008170 0.071082
13 0.468239 0.243942 0.069649 0.016155
13 0.656183 0.668013 0.281997 0.321486
13 0.514706 0.587237 0.008170 0.159935
13 0.712623 0.729024 0.322304 0.016155
13 0.570874 0.890145 0.131944 0.016155
13 0.282271 0.357027 0.149510 0.016155
13 0.434028 0.546850 0.025735 0.563813
13 0.465176 0.329160 0.157475 0.063813
13 0.923203 0.728970 0.040033 0.016155
13 0.862132 0.825525 0.056781 0.135703
