8 0.500367 0.499450 0.992303 0.984252
11 0.011415 0.524507 0.015707 0.283971
9 0.510184 0.827534 0.972669 0.328084
11 0.031048 0.845188 0.015707 0.200070
9 0.510184 0.499450 0.972669 0.328084
11 0.031048 0.514066 0.015707 0.165650
9 0.510184 0.171366 0.972669 0.328084
11 0.031048 0.188070 0.015707 0.189314
3 0.701966 0.762982 0.065445 0.104987
11 0.701966 0.763311 0.085574 0.033465
5 0.777228 0.762982 0.026178 0.052493
3 0.864556 0.762982 0.065445 0.104987
11 0.864556 0.766263 0.064370 0.066929
2 0.934689 0.762982 0.018325 0.036745
11 0.934689 0.793904 0.127730 0.030676
0 0.070421 0.434898 0.019634 0.039370
11 0.070421 0.467133 0.095103 0.030676
3 0.191495 0.434898 0.065445 0.104987
11 0.191495 0.438179 0.059069 0.066929
3 0.286390 0.434898 0.065445 0.104987
11 0.286390 0.435227 0.079516 0.033465
4 0.361652 0.434898 0.026178 0.052493
3 0.466364 0.546447 0.065445 0.104987
11 0.466364 0.549728 0.068156 0.066929
3 0.561259 0.546447 0.065445 0.104987
11 0.561259 0.549728 0.062855 0.066929
3 0.701966 0.546447 0.065445 0.104987
11 0.701966 0.549728 0.064370 0.066929
3 0.466364 0.399678 0.065445 0.104987
11 0.466364 0.405912 0.085574 0.100394
6 0.541626 0.395528 0.026178 0.052493
11 0.601181 0.327615 0.134798 0.033465
6 0.682333 0.395965 0.026178 0.052493
5 0.122777 0.434898 0.026178 0.052493
4 0.777228 0.546447 0.026178 0.052493
3 0.616887 0.117863 0.065445 0.104987
11 0.616887 0.121144 0.069671 0.066929
13 0.094963 0.435204 0.032068 0.013123
13 0.238942 0.434898 0.032068 0.013123
13 0.333838 0.435310 0.032068 0.013123
13 0.397810 0.503796 0.074280 0.090551
11 0.352817 0.440207 0.015707 0.070993
13 0.513811 0.546447 0.032068 0.013123
13 0.631612 0.546447 0.077880 0.013123
13 0.397810 0.404165 0.074280 0.014223
13 0.513811 0.397931 0.032068 0.013123
13 0.563059 0.243572 0.044830 0.256668
13 0.666135 0.243790 0.035668 0.257105
13 0.611979 0.396526 0.117147 0.013123
11 0.570815 0.380925 0.032592 0.033690
13 0.147319 0.435322 0.025524 0.013123
13 0.396174 0.612064 0.548757 0.307087
13 0.749413 0.763394 0.032068 0.013123
13 0.749413 0.546859 0.032068 0.013123
13 0.736488 0.458411 0.084751 0.128829
13 0.777555 0.654715 0.006545 0.169291
13 0.811075 0.763386 0.044135 0.013123
13 0.911402 0.762982 0.030865 0.013123
