8 0.500114 0.128810 0.994194 0.245821
8 0.500114 0.511631 0.994194 0.384361
8 0.500114 0.870970 0.994194 0.245821
0 0.047551 0.107746 0.015083 0.029499
3 0.118588 0.107746 0.050277 0.078663
3 0.191489 0.107746 0.050277 0.078663
3 0.264390 0.107746 0.050277 0.078663
3 0.385792 0.108031 0.050277 0.078663
3 0.476375 0.108457 0.050277 0.078663
3 0.701003 0.109166 0.050277 0.078663
3 0.803120 0.109159 0.050277 0.078663
2 0.947676 0.109159 0.014077 0.027532
1 0.319991 0.108457 0.015083 0.029499
1 0.628004 0.109166 0.015083 0.029499
3 0.549312 0.109166 0.050277 0.078663
0 0.063893 0.443948 0.015083 0.029499
3 0.191489 0.443948 0.050277 0.078663
3 0.402887 0.444892 0.050277 0.078663
1 0.562238 0.445174 0.015083 0.029499
1 0.628004 0.444704 0.015083 0.029499
3 0.701003 0.444704 0.050277 0.078663
3 0.880228 0.444892 0.050277 0.078663
2 0.947676 0.444892 0.014077 0.027532
1 0.825118 0.543220 0.015083 0.029499
1 0.825118 0.445174 0.015083 0.029499
3 0.294696 0.443948 0.050277 0.078663
3 0.857365 0.641548 0.050277 0.078663
3 0.478873 0.445173 0.050277 0.078663
0 0.385792 0.870970 0.015083 0.029499
3 0.446163 0.870970 0.050277 0.078663
3 0.507793 0.870970 0.050277 0.078663
3 0.569423 0.870970 0.050277 0.078663
2 0.635012 0.870970 0.014077 0.027532
13 0.074271 0.107746 0.040369 0.009833
13 0.155039 0.107746 0.024635 0.009833
13 0.227940 0.107746 0.024635 0.009833
13 0.300989 0.108694 0.024932 0.009833
13 0.344093 0.108580 0.035133 0.009833
13 0.655705 0.109170 0.042330 0.009833
13 0.752061 0.109162 0.053852 0.009833
13 0.884448 0.109159 0.114390 0.009833
13 0.118893 0.443948 0.096927 0.009833
13 0.440880 0.445032 0.027721 0.009833
13 0.595121 0.445172 0.052695 0.009833
13 0.655705 0.444704 0.042330 0.009833
13 0.740061 0.445134 0.029852 0.009833
13 0.843875 0.445269 0.024441 0.009833
13 0.923002 0.444892 0.037282 0.009833
13 0.795834 0.445533 0.045496 0.009833
13 0.790932 0.503993 0.055300 0.082768
13 0.407179 0.870970 0.029702 0.009833
13 0.476978 0.870970 0.013364 0.009833
13 0.538608 0.870970 0.013364 0.009833
13 0.611267 0.870970 0.035424 0.009833
13 0.474015 0.658072 0.178457 0.400231
13 0.597674 0.645546 0.058217 0.376119
13 0.348791 0.444420 0.059925 0.009833
13 0.243093 0.443948 0.054942 0.009833
13 0.399916 0.276828 0.162173 0.262013
13 0.386067 0.277452 0.158212 0.258264
13 0.431083 0.108244 0.042318 0.009833
13 0.216044 0.287339 0.291230 0.302500
13 0.661829 0.264644 0.063244 0.285390
13 0.845012 0.572718 0.026716 0.062930
13 0.796204 0.553053 0.074056 0.180888
13 0.796799 0.277029 0.154166 0.260996
13 0.512844 0.108811 0.024672 0.009833
13 0.597457 0.109166 0.048023 0.009833
13 0.482330 0.277029 0.126176 0.260996
13 0.529354 0.445360 0.052696 0.009833
11 0.010357 0.128810 0.007039 0.103963
11 0.021820 0.128810 0.007039 0.025573
11 0.056442 0.152901 0.027414 0.024779
11 0.119327 0.107768 0.031195 0.027925
11 0.191554 0.107768 0.029010 0.027925
11 0.265211 0.107768 0.026835 0.042085
11 0.386378 0.107768 0.029852 0.027925
11 0.477379 0.107768 0.029184 0.027925
11 0.700855 0.108751 0.040081 0.013766
11 0.802916 0.108751 0.027495 0.027925
11 0.947526 0.130678 0.035825 0.011799
11 0.324590 0.153294 0.032790 0.011799
11 0.627836 0.131662 0.026914 0.011799
11 0.549522 0.108751 0.040260 0.042085
11 0.010357 0.511799 0.007039 0.123650
11 0.025440 0.511799 0.007039 0.064280
11 0.063757 0.472468 0.031988 0.024779
11 0.192394 0.443068 0.040913 0.056244
11 0.402715 0.444051 0.041094 0.056244
11 0.564835 0.400098 0.037664 0.011799
11 0.628005 0.473451 0.032279 0.024779
11 0.701691 0.444051 0.030519 0.042085
11 0.881014 0.444051 0.041250 0.027925
11 0.947559 0.472468 0.036898 0.024779
11 0.825026 0.565290 0.041203 0.011799
11 0.824983 0.474435 0.031061 0.024779
11 0.294620 0.443068 0.040405 0.013766
11 0.857215 0.640708 0.038060 0.013766
11 0.478888 0.445034 0.030853 0.042085
11 0.010357 0.871190 0.007039 0.105922
11 0.021820 0.871190 0.007039 0.027215
11 0.386029 0.900197 0.031988 0.024779
11 0.445953 0.870796 0.028841 0.027925
11 0.508551 0.870796 0.040245 0.042085
11 0.570392 0.870796 0.035390 0.027925
11 0.634839 0.899213 0.036898 0.024779
