8 0.275500 0.056667 0.531000 0.083333
8 0.275500 0.180333 0.531000 0.110667
8 0.275500 0.305000 0.531000 0.090000
0 0.035000 0.056667 0.010000 0.010000
3 0.071667 0.056667 0.033333 0.026667
3 0.145000 0.056667 0.033333 0.026667
3 0.201333 0.056667 0.033333 0.026667
3 0.250500 0.056667 0.033333 0.026667
1 0.359250 0.056667 0.010000 0.010000
3 0.414667 0.056667 0.033333 0.026667
3 0.469667 0.056667 0.033333 0.026667
2 0.512667 0.056667 0.009333 0.009333
1 0.108333 0.056667 0.010000 0.010000
0 0.035000 0.186667 0.010000 0.010000
3 0.071667 0.186667 0.033333 0.026667
3 0.120000 0.186667 0.033333 0.026667
3 0.178000 0.186667 0.033333 0.026667
3 0.250500 0.186667 0.033333 0.026667
3 0.310917 0.186667 0.033333 0.026667
3 0.359250 0.186667 0.033333 0.026667
3 0.464250 0.186667 0.033333 0.026667
2 0.525583 0.186667 0.009333 0.009333
1 0.402583 0.170000 0.010000 0.010000
3 0.402583 0.145000 0.033333 0.026667
0 0.035000 0.305000 0.010000 0.010000
3 0.071667 0.305000 0.033333 0.026667
3 0.120000 0.305000 0.033333 0.026667
3 0.168333 0.305000 0.033333 0.026667
3 0.359250 0.305000 0.033333 0.026667
2 0.402583 0.305000 0.009333 0.009333
