8 0.500000 0.500000 0.990346 0.989314
11 0.013677 0.509789 0.019308 0.110940
9 0.512068 0.883348 0.966211 0.222618
11 0.037812 0.895327 0.019308 0.135756
9 0.512068 0.660730 0.966211 0.222618
11 0.037812 0.672065 0.019308 0.128457
9 0.512068 0.277382 0.966211 0.544078
11 0.037812 0.287300 0.019308 0.112400
3 0.189863 0.847729 0.080451 0.071238
11 0.189863 0.849955 0.066096 0.045414
3 0.841512 0.855744 0.080451 0.071238
11 0.841512 0.857970 0.090300 0.045414
2 0.929204 0.855744 0.022526 0.024933
5 0.699115 0.847729 0.032180 0.035619
3 0.512470 0.625111 0.080451 0.071238
11 0.512470 0.627337 0.085645 0.045414
4 0.767498 0.714159 0.032180 0.035619
0 0.053097 0.045414 0.024135 0.026714
11 0.053097 0.074020 0.049494 0.041630
3 0.257442 0.045414 0.080451 0.071238
11 0.257442 0.047640 0.099609 0.045414
4 0.349960 0.045414 0.032180 0.035619
5 0.117458 0.045414 0.032180 0.035619
3 0.558327 0.045414 0.080451 0.071238
11 0.558327 0.049644 0.076336 0.068121
3 0.418343 0.343722 0.080451 0.071238
11 0.418343 0.345948 0.076336 0.045414
5 0.418343 0.045414 0.032180 0.035619
3 0.558327 0.138914 0.080451 0.071238
11 0.558327 0.143143 0.076336 0.068121
3 0.558327 0.232413 0.080451 0.071238
11 0.558327 0.236643 0.076336 0.068121
5 0.650845 0.156723 0.032180 0.035619
3 0.767498 0.156723 0.080451 0.071238
11 0.767498 0.160953 0.079129 0.068121
4 0.512470 0.343722 0.032180 0.035619
13 0.315768 0.045694 0.039421 0.008905
13 0.082060 0.045976 0.037007 0.008905
13 0.175382 0.045414 0.086887 0.008905
13 0.139726 0.437667 0.049037 0.752449
13 0.384151 0.045859 0.039421 0.008905
13 0.476267 0.045604 0.086887 0.008905
13 0.472672 0.100736 0.094076 0.078588
13 0.473108 0.146607 0.093205 0.170329
13 0.620530 0.093004 0.047174 0.095381
13 0.616653 0.146256 0.039421 0.017622
13 0.618541 0.201825 0.043196 0.058147
13 0.697104 0.156993 0.063556 0.008905
13 0.767705 0.444346 0.008045 0.507569
13 0.364240 0.203473 0.030973 0.284061
13 0.477474 0.344001 0.041030 0.008905
13 0.512684 0.475512 0.008045 0.231523
13 0.640080 0.528940 0.233724 0.338379
13 0.652051 0.670984 0.201931 0.078381
13 0.724327 0.773457 0.057381 0.116488
13 0.899839 0.855744 0.039421 0.008905
13 0.456557 0.847962 0.456154 0.008905
13 0.758246 0.851959 0.089300 0.011131
