8 0.500247 0.488105 0.994045 0.782942
11 0.008681 0.523599 0.011905 0.402257
8 0.155792 0.039631 0.305135 0.065147
11 0.155792 0.040445 0.043048 0.046145
8 0.579491 0.039631 0.358780 0.065147
11 0.579491 0.040445 0.063138 0.046145
8 0.461373 0.961010 0.317437 0.065147
11 0.461373 0.961824 0.088010 0.046145
9 0.507687 0.275516 0.979164 0.357763
11 0.023562 0.287609 0.011905 0.137052
9 0.507687 0.560692 0.979164 0.212590
11 0.023562 0.581737 0.011905 0.238506
9 0.507687 0.773282 0.979164 0.212590
11 0.023562 0.790557 0.011905 0.195789
0 0.051587 0.232356 0.014881 0.032573
11 0.054067 0.279180 0.046827 0.050760
4 0.227382 0.232356 0.019841 0.043431
11 0.231350 0.182953 0.061416 0.055375
3 0.432840 0.232356 0.049603 0.086862
11 0.432840 0.235071 0.039031 0.055375
3 0.596530 0.232356 0.049603 0.086862
11 0.596530 0.235071 0.041901 0.055375
3 0.735667 0.232356 0.049603 0.086862
11 0.735667 0.235071 0.048788 0.055375
1 0.662998 0.232356 0.014881 0.032573
11 0.662998 0.259026 0.091550 0.025380
3 0.283557 0.362106 0.049603 0.086862
11 0.283557 0.364821 0.047066 0.055375
4 0.432840 0.362106 0.019841 0.043431
11 0.432840 0.326547 0.102168 0.027687
4 0.735667 0.362649 0.019841 0.043431
5 0.104415 0.232356 0.019841 0.043431
3 0.360915 0.362387 0.049603 0.086862
11 0.360915 0.365102 0.052806 0.055375
3 0.169840 0.232899 0.049603 0.086862
11 0.169840 0.235613 0.044770 0.055375
3 0.496083 0.546688 0.049603 0.086862
11 0.496083 0.549403 0.052806 0.055375
1 0.662998 0.546688 0.014881 0.032573
11 0.662998 0.573358 0.113122 0.025380
3 0.169840 0.773393 0.049603 0.086862
11 0.169840 0.773665 0.052232 0.027687
3 0.887089 0.773393 0.049603 0.086862
11 0.887089 0.776107 0.048788 0.055375
2 0.960386 0.773393 0.013889 0.030402
11 0.960386 0.798977 0.081553 0.025380
5 0.811064 0.773393 0.019841 0.043431
11 0.806600 0.835554 0.145791 0.027687
1 0.662998 0.773810 0.014881 0.032573
11 0.662998 0.800480 0.065242 0.025380
12 0.512701 0.148208 0.049603 0.054289
11 0.507294 0.149837 0.052232 0.055375
12 0.169840 0.148208 0.049603 0.054289
11 0.165964 0.149837 0.056824 0.055375
13 0.051587 0.144137 0.004960 0.148208
13 0.472770 0.171095 0.032242 0.050765
13 0.441107 0.130565 0.004960 0.121064
13 0.424572 0.130565 0.004960 0.121064
13 0.514685 0.232356 0.116071 0.010858
13 0.638445 0.232356 0.036210 0.010858
13 0.734873 0.130565 0.004960 0.121064
13 0.690652 0.232356 0.042411 0.010858
13 0.322670 0.232648 0.172720 0.010858
11 0.243738 0.220100 0.010934 0.027715
13 0.243193 0.308089 0.033110 0.112378
11 0.220685 0.237794 0.011905 0.051617
13 0.452185 0.465255 0.040178 0.167210
11 0.426143 0.371733 0.011905 0.023139
13 0.786021 0.492017 0.053088 0.523665
13 0.778580 0.557435 0.067969 0.392828
13 0.076761 0.232614 0.037450 0.010858
13 0.124850 0.513732 0.042360 0.523665
13 0.425100 0.773609 0.462901 0.010858
13 0.841636 0.773720 0.043287 0.010858
13 0.932666 0.773393 0.043535 0.010858
13 0.504350 0.759278 0.004960 0.342660
13 0.487816 0.759278 0.004960 0.342660
13 0.588221 0.546688 0.136657 0.010858
13 0.584253 0.362920 0.284970 0.010858
11 0.452280 0.349930 0.017054 0.027730
13 0.322236 0.362247 0.029739 0.010858
13 0.404318 0.362545 0.039186 0.010858
13 0.129687 0.232899 0.032687 0.010858
13 0.206051 0.232899 0.024804 0.010858
13 0.703053 0.465527 0.067212 0.166667
13 0.735791 0.773872 0.132689 0.010858
13 0.155533 0.182410 0.005984 0.018458
