8 0.500000 0.500000 0.987903 0.984887
9 0.515121 0.520151 0.957661 0.314861
9 0.515121 0.185139 0.957661 0.355164
9 0.515121 0.835013 0.957661 0.314861
3 0.539315 0.471033 0.100806 0.100756
4 0.828629 0.471033 0.040323 0.050378
0 0.081653 0.105793 0.030242 0.037783
3 0.265121 0.105793 0.100806 0.100756
4 0.416331 0.105793 0.040323 0.050378
3 0.532258 0.105793 0.100806 0.100756
3 0.678427 0.105793 0.100806 0.100756
3 0.824597 0.105793 0.100806 0.100756
3 0.265121 0.293451 0.100806 0.100756
4 0.539315 0.293451 0.040323 0.050378
5 0.149194 0.105793 0.040323 0.050378
3 0.411290 0.293451 0.100806 0.100756
3 0.149194 0.759446 0.100806 0.100756
5 0.602823 0.759446 0.040323 0.050378
3 0.718750 0.759446 0.100806 0.100756
2 0.866935 0.759446 0.028226 0.035264
13 0.355847 0.106170 0.084677 0.012594
13 0.605343 0.105793 0.049395 0.012594
13 0.751512 0.105793 0.049395 0.012594
13 0.112903 0.106083 0.036290 0.012594
13 0.391129 0.759781 0.387097 0.012594
13 0.459173 0.106192 0.049395 0.012594
13 0.340978 0.187028 0.155746 0.117128
13 0.645665 0.759845 0.049395 0.012594
13 0.699093 0.471380 0.222782 0.012594
13 0.716230 0.615239 0.229839 0.243073
13 0.149456 0.420025 0.010081 0.583123
13 0.192036 0.105793 0.049395 0.012594
13 0.694304 0.369962 0.273690 0.156801
13 0.810988 0.759446 0.087702 0.012594
13 0.883065 0.288728 0.072581 0.370907
13 0.539603 0.369647 0.010081 0.107053
13 0.338206 0.293451 0.049395 0.012594
13 0.490423 0.293839 0.061492 0.012594
11 0.020766 0.500000 0.014113 0.125581
11 0.051008 0.835013 0.014113 0.091162
11 0.051008 0.185139 0.014113 0.073919
11 0.051008 0.520151 0.014113 0.085266
11 0.540837 0.470529 0.073982 0.035768
11 0.093561 0.056045 0.076235 0.031738
11 0.265121 0.105290 0.081704 0.035768
11 0.417221 0.062846 0.040086 0.015113
11 0.533775 0.105290 0.089119 0.053904
11 0.678427 0.105290 0.058167 0.035768
11 0.824597 0.105290 0.064900 0.035768
11 0.266643 0.292947 0.069273 0.035768
11 0.539984 0.250504 0.071903 0.015113
11 0.411290 0.292947 0.083713 0.053904
11 0.149194 0.758942 0.057149 0.035768
11 0.718750 0.758942 0.065556 0.053904
11 0.905747 0.810453 0.079640 0.031738
11 0.457106 0.088035 0.023083 0.015113
11 0.402533 0.098111 0.022807 0.015113
11 0.613573 0.276952 0.081984 0.015113
11 0.525721 0.239169 0.055475 0.015113
