8 0.499997 0.500000 0.994845 0.985612
11 0.007293 0.517690 0.010296 0.200488
9 0.506432 0.842926 0.981975 0.299760
11 0.020163 0.849690 0.010296 0.076657
9 0.506432 0.200240 0.981975 0.386091
11 0.020163 0.213594 0.010296 0.151349
9 0.506432 0.543165 0.981975 0.299760
11 0.020163 0.558428 0.010296 0.172970
3 0.333333 0.842926 0.042900 0.095923
11 0.333333 0.843225 0.056095 0.030576
3 0.904762 0.842926 0.042900 0.095923
11 0.904762 0.848621 0.042195 0.091727
2 0.966531 0.842926 0.012012 0.033573
11 0.966531 0.811226 0.093740 0.028028
4 0.862712 0.842926 0.017160 0.047962
0 0.052338 0.211031 0.012870 0.035971
11 0.052338 0.178132 0.077813 0.028028
4 0.198198 0.211031 0.017160 0.047962
11 0.226298 0.211331 0.052124 0.030576
3 0.303947 0.115108 0.049335 0.095923
11 0.303947 0.120803 0.056591 0.091727
3 0.304161 0.321343 0.048906 0.095923
11 0.304161 0.327038 0.049145 0.091727
1 0.366795 0.321343 0.012870 0.035971
11 0.366795 0.350794 0.059156 0.028028
3 0.422565 0.321343 0.042900 0.095923
11 0.422565 0.324341 0.036238 0.061151
3 0.484770 0.321343 0.042900 0.095923
11 0.484770 0.324341 0.042195 0.061151
5 0.534106 0.205036 0.017160 0.047962
4 0.631060 0.205036 0.017160 0.047962
11 0.631060 0.165767 0.045670 0.030576
5 0.102102 0.211031 0.017160 0.047962
3 0.151437 0.211031 0.042900 0.095923
11 0.151437 0.214029 0.038224 0.061151
3 0.583441 0.205036 0.042900 0.095923
11 0.583441 0.210731 0.053116 0.091727
5 0.810382 0.205036 0.017160 0.047962
3 0.721150 0.543165 0.042900 0.095923
11 0.721150 0.546163 0.045670 0.061151
13 0.076148 0.211031 0.036465 0.011990
13 0.344487 0.321343 0.033462 0.011990
13 0.387173 0.321343 0.029601 0.011990
13 0.453668 0.321343 0.021021 0.011990
13 0.431145 0.148082 0.206778 0.070743
13 0.520270 0.275180 0.029816 0.097122
13 0.604458 0.842926 0.501065 0.011990
13 0.665487 0.386091 0.070142 0.318945
11 0.660863 0.528501 0.039217 0.030576
13 0.720721 0.205635 0.163878 0.011990
11 0.706835 0.190372 0.058577 0.030576
13 0.943368 0.842926 0.036029 0.011990
13 0.207529 0.538969 0.210425 0.612710
13 0.120335 0.211411 0.021021 0.011990
13 0.181253 0.211234 0.018447 0.011990
13 0.552338 0.205416 0.021021 0.011990
13 0.613685 0.205242 0.019305 0.011990
13 0.776598 0.386091 0.069713 0.318945
13 0.604458 0.843233 0.501065 0.011990
13 0.877302 0.842926 0.013736 0.011990
13 0.841314 0.512290 0.046419 0.618106
13 0.239083 0.278177 0.082966 0.091127
11 0.234852 0.306679 0.045174 0.030576
13 0.238367 0.151079 0.083541 0.076739
11 0.243562 0.101392 0.044181 0.030576
