0 0.018822 0.294014 0.018215 0.052817
3 0.161749 0.294014 0.060716 0.140845
4 0.229509 0.294014 0.024287 0.070423
3 0.347906 0.294014 0.060716 0.140845
1 0.417730 0.294014 0.018215 0.052817
3 0.484518 0.294014 0.060716 0.140845
2 0.972162 0.294420 0.017001 0.049296
3 0.347906 0.522887 0.060716 0.140845
4 0.417730 0.522887 0.024287 0.070423
3 0.487554 0.707746 0.060716 0.140845
5 0.077413 0.294420 0.024287 0.070423
3 0.347906 0.919014 0.060716 0.140845
5 0.595628 0.294327 0.024287 0.070423
3 0.665452 0.294327 0.060716 0.140845
4 0.738616 0.294171 0.024287 0.070423
3 0.812113 0.080810 0.060716 0.140845
3 0.808440 0.522887 0.060716 0.140845
4 0.540586 0.523768 0.024287 0.070423
4 0.887276 0.294014 0.024287 0.070423
4 0.540586 0.294014 0.024287 0.070423
12 0.279600 0.294523 0.078324 0.017606
12 0.393443 0.294014 0.032787 0.017606
12 0.440498 0.294014 0.029751 0.017606
12 0.273680 0.426056 0.090164 0.200704
12 0.391925 0.523440 0.029751 0.017606
12 0.197632 0.624323 0.242259 0.596425
12 0.487098 0.624276 0.220097 0.596518
12 0.621433 0.294885 0.029751 0.017606
12 0.711141 0.294778 0.033091 0.017606
12 0.479158 0.524206 0.100998 0.017606
12 0.437614 0.632923 0.041591 0.156690
12 0.204736 0.294570 0.027687 0.017606
12 0.046600 0.294621 0.039769 0.017606
12 0.110474 0.294799 0.044262 0.017606
12 0.760337 0.169885 0.045264 0.185192
12 0.758500 0.426135 0.041591 0.200547
12 0.529401 0.633363 0.025406 0.155810
12 0.931541 0.294648 0.066671 0.017606
12 0.865025 0.169806 0.047537 0.185035
12 0.863189 0.426056 0.051210 0.200704
12 0.521659 0.294594 0.015995 0.017606
12 0.540889 0.408891 0.006072 0.166373
12 0.568107 0.295049 0.033185 0.017606
