8 0.500000 0.500000 0.990676 0.981955
11 0.013209 0.528276 0.018648 0.320462
9 0.511655 0.559398 0.967366 0.258647
11 0.036519 0.578539 0.018648 0.216928
9 0.511655 0.219549 0.967366 0.421053
11 0.036519 0.236297 0.018648 0.189812
9 0.511655 0.839850 0.967366 0.302256
11 0.036519 0.860078 0.018648 0.229253
3 0.638695 0.566917 0.077700 0.120301
11 0.638695 0.570677 0.079121 0.076692
4 0.728050 0.566917 0.031080 0.060150
0 0.091686 0.139850 0.023310 0.045113
11 0.091686 0.188158 0.103846 0.070301
4 0.296814 0.139850 0.031080 0.060150
11 0.271173 0.093609 0.077323 0.038346
3 0.417249 0.139850 0.077700 0.120301
11 0.417249 0.143609 0.090809 0.076692
3 0.417249 0.290226 0.077700 0.120301
11 0.417249 0.293985 0.073726 0.076692
3 0.627040 0.139850 0.077700 0.120301
11 0.627040 0.150376 0.094406 0.153383
5 0.506605 0.290226 0.031080 0.060150
4 0.572650 0.290226 0.031080 0.060150
11 0.610778 0.318421 0.089910 0.038346
1 0.506605 0.139850 0.023310 0.045113
11 0.506605 0.188158 0.078297 0.070301
3 0.177156 0.139850 0.077700 0.120301
11 0.177156 0.143609 0.052148 0.076692
3 0.638695 0.858647 0.077700 0.120301
11 0.638695 0.859023 0.101598 0.038346
5 0.728050 0.858647 0.031080 0.060150
3 0.883450 0.858647 0.077700 0.120301
11 0.883450 0.865789 0.076424 0.115038
2 0.960373 0.858647 0.021756 0.042105
11 0.958042 0.923496 0.075000 0.070301
4 0.794095 0.858647 0.031080 0.060150
13 0.345377 0.140300 0.069153 0.015038
11 0.342394 0.108647 0.096204 0.038346
13 0.337801 0.230075 0.084305 0.126316
11 0.329104 0.266541 0.078222 0.038346
13 0.473582 0.290698 0.038073 0.015038
13 0.553419 0.589474 0.095960 0.544361
13 0.695027 0.859119 0.038073 0.015038
13 0.539627 0.290977 0.038073 0.015038
13 0.586441 0.443609 0.029915 0.252632
11 0.561461 0.438559 0.017716 0.038346
13 0.761072 0.859398 0.038073 0.015038
13 0.730186 0.484211 0.131702 0.694737
13 0.827117 0.859123 0.038073 0.015038
13 0.935897 0.858647 0.030303 0.015038
13 0.475524 0.139850 0.041958 0.015038
13 0.553225 0.139850 0.073038 0.015038
13 0.695027 0.567389 0.038073 0.015038
13 0.658897 0.411654 0.144522 0.247368
11 0.608943 0.275487 0.027306 0.038346
13 0.728438 0.712782 0.007770 0.237594
13 0.120824 0.139850 0.038073 0.015038
13 0.248640 0.140297 0.068376 0.015038
