0 0.038191 0.283802 0.023383 0.062500
11 0.038191 0.350729 0.104170 0.097396
4 0.166797 0.283333 0.031177 0.083333
11 0.213941 0.283854 0.082975 0.053125
3 0.383612 0.470833 0.077942 0.166667
11 0.383612 0.476042 0.073956 0.106250
3 0.383612 0.095833 0.077942 0.166667
11 0.383612 0.101042 0.073956 0.106250
3 0.578468 0.095833 0.077942 0.166667
11 0.578468 0.105729 0.094700 0.159375
3 0.578468 0.616667 0.077942 0.166667
11 0.578468 0.621875 0.082975 0.106250
4 0.489700 0.470833 0.031177 0.083333
11 0.495156 0.376042 0.082975 0.106250
5 0.100545 0.283802 0.031177 0.083333
3 0.489700 0.904142 0.077942 0.166667
11 0.489700 0.904662 0.101915 0.053125
5 0.794540 0.304167 0.031177 0.083333
3 0.884174 0.304167 0.077942 0.166667
11 0.884174 0.314063 0.076662 0.159375
2 0.969131 0.304167 0.021824 0.058333
11 0.969131 0.369010 0.079368 0.097396
4 0.662038 0.470833 0.031177 0.083333
4 0.728289 0.304167 0.031177 0.083333
1 0.276607 0.095833 0.023383 0.062500
11 0.276607 0.147005 0.088462 0.048698
1 0.276607 0.470833 0.023383 0.062500
11 0.276607 0.522005 0.071927 0.048698
13 0.067420 0.284287 0.038192 0.020833
13 0.481040 0.095833 0.120031 0.020833
13 0.448347 0.471467 0.054646 0.020833
13 0.133671 0.284612 0.038192 0.020833
13 0.275832 0.614805 0.352911 0.587006
13 0.661800 0.624987 0.269377 0.566642
13 0.827666 0.304826 0.038192 0.020833
13 0.940682 0.304167 0.038192 0.020833
13 0.673059 0.179167 0.114357 0.175000
13 0.639933 0.564583 0.048106 0.112500
13 0.575869 0.471875 0.144279 0.020833
11 0.520543 0.447396 0.027391 0.053125
13 0.761415 0.305208 0.038192 0.020833
13 0.514793 0.564583 0.052525 0.112500
11 0.500144 0.533019 0.017771 0.053125
13 0.703153 0.408854 0.054170 0.134375
13 0.216051 0.168750 0.100847 0.154167
11 0.200072 0.127962 0.083877 0.053125
13 0.216051 0.397917 0.100847 0.154167
11 0.200390 0.438379 0.082073 0.053125
13 0.316470 0.095833 0.059460 0.020833
13 0.316470 0.470833 0.059460 0.020833
