8 0.500149 0.499692 0.992941 0.980184
11 0.010423 0.517281 0.014715 0.199337
9 0.509346 0.624358 0.974548 0.197263
11 0.028817 0.644724 0.014715 0.230811
9 0.509346 0.267663 0.974548 0.516127
11 0.028817 0.285483 0.014715 0.201960
9 0.509346 0.856387 0.974548 0.266794
11 0.028817 0.877910 0.014715 0.243926
3 0.534028 0.624927 0.061312 0.128000
11 0.534028 0.628927 0.065271 0.081600
0 0.057020 0.224128 0.018394 0.048000
11 0.057020 0.287628 0.047475 0.112200
3 0.126438 0.224128 0.061312 0.128000
11 0.126438 0.228128 0.055339 0.081600
4 0.228338 0.224128 0.024525 0.064000
11 0.259844 0.267328 0.075204 0.081600
3 0.357609 0.130064 0.061312 0.128000
11 0.357609 0.137664 0.073075 0.122400
3 0.529381 0.130064 0.061312 0.128000
11 0.529381 0.134064 0.051791 0.081600
3 0.668915 0.130064 0.061312 0.128000
11 0.668915 0.134064 0.060305 0.081600
3 0.356223 0.364000 0.061312 0.128000
11 0.356223 0.371600 0.065271 0.122400
4 0.478847 0.364000 0.024525 0.064000
11 0.524779 0.420400 0.118481 0.122400
4 0.592275 0.364231 0.024525 0.064000
5 0.184549 0.224128 0.024525 0.064000
3 0.662783 0.364000 0.061312 0.128000
11 0.662783 0.371600 0.073785 0.122400
4 0.773145 0.364000 0.024525 0.064000
3 0.837523 0.855654 0.061312 0.128000
11 0.837523 0.863254 0.060305 0.122400
2 0.922747 0.855654 0.017167 0.044800
11 0.922747 0.917554 0.061783 0.112200
5 0.773145 0.855654 0.024525 0.064000
3 0.531833 0.855654 0.061312 0.128000
11 0.531833 0.859654 0.050372 0.081600
13 0.443495 0.130064 0.112912 0.016000
13 0.535561 0.364915 0.091355 0.016000
11 0.502876 0.346053 0.021080 0.040859
13 0.578633 0.510579 0.030349 0.235096
13 0.491263 0.510463 0.026671 0.235327
11 0.470570 0.378186 0.014715 0.034097
13 0.891171 0.855654 0.048437 0.016000
13 0.661686 0.856083 0.200846 0.016000
13 0.277799 0.161096 0.100760 0.068464
13 0.343017 0.555891 0.318774 0.605926
13 0.599148 0.130064 0.080674 0.016000
13 0.618332 0.364653 0.030043 0.016000
13 0.796137 0.855654 0.023912 0.016000
13 0.736511 0.231032 0.076333 0.208336
13 0.727161 0.364465 0.069896 0.016000
13 0.773452 0.609827 0.006131 0.434054
13 0.276953 0.310064 0.099681 0.114272
11 0.219755 0.204767 0.014715 0.257040
13 0.426732 0.364000 0.082158 0.016000
13 0.081000 0.224128 0.032018 0.016000
13 0.164691 0.224652 0.017645 0.016000
13 0.206444 0.224928 0.021717 0.016000
