8 0.500000 0.500000 0.991078 0.983516
9 0.511152 0.239011 0.968773 0.461538
9 0.511152 0.865385 0.968773 0.252747
9 0.511152 0.604396 0.968773 0.269231
0 0.082528 0.179945 0.022305 0.041209
4 0.268401 0.179945 0.029740 0.054945
3 0.353903 0.179945 0.074349 0.109890
1 0.435688 0.179945 0.022305 0.041209
3 0.517472 0.179945 0.074349 0.109890
3 0.625279 0.179945 0.074349 0.109890
3 0.353903 0.317308 0.074349 0.109890
5 0.127138 0.179945 0.029740 0.054945
4 0.788848 0.317308 0.029740 0.054945
3 0.197770 0.179945 0.074349 0.109890
3 0.461710 0.317308 0.074349 0.109890
4 0.576952 0.317308 0.029740 0.054945
4 0.710781 0.317308 0.029740 0.054945
3 0.127138 0.851648 0.074349 0.109890
2 0.951673 0.851974 0.020818 0.038462
3 0.855762 0.851648 0.074349 0.109890
5 0.788848 0.851974 0.029740 0.054945
3 0.576952 0.555632 0.074349 0.109890
13 0.407807 0.179945 0.036431 0.013736
13 0.463569 0.179945 0.036431 0.013736
13 0.571375 0.179945 0.036431 0.013736
13 0.300000 0.180380 0.036431 0.013736
13 0.577160 0.422734 0.007435 0.161401
13 0.102974 0.180257 0.021561 0.013736
13 0.662639 0.450206 0.100000 0.216346
13 0.127331 0.502060 0.007435 0.594780
13 0.151301 0.180399 0.021561 0.013736
13 0.244238 0.180395 0.021561 0.013736
13 0.292751 0.262363 0.050929 0.115385
13 0.407807 0.317308 0.036431 0.013736
13 0.530483 0.317716 0.066171 0.013736
13 0.469145 0.851816 0.612639 0.013736
13 0.811152 0.852327 0.017844 0.013736
13 0.917100 0.851856 0.051301 0.013736
13 0.643866 0.317995 0.107063 0.013736
13 0.789219 0.584641 0.007435 0.485215
13 0.725836 0.234890 0.129740 0.115385
13 0.749814 0.317995 0.051301 0.013736
11 0.015316 0.500000 0.010409 0.128740
11 0.037621 0.604396 0.010409 0.092996
11 0.037621 0.865385 0.010409 0.099427
11 0.037621 0.239011 0.010409 0.080620
11 0.082948 0.229533 0.038015 0.052747
11 0.269139 0.133104 0.055007 0.016484
11 0.355023 0.179396 0.041427 0.039011
11 0.436687 0.220467 0.049582 0.034615
11 0.518715 0.179396 0.047618 0.058791
11 0.625279 0.179396 0.047867 0.039011
11 0.354032 0.316758 0.060509 0.058791
11 0.197770 0.179396 0.043876 0.039011
11 0.461710 0.316758 0.061742 0.039011
11 0.577405 0.263049 0.048490 0.034615
11 0.127138 0.851099 0.042150 0.039011
11 0.856758 0.851099 0.049013 0.039011
11 0.578075 0.555769 0.054566 0.039011
11 0.292774 0.160577 0.007110 0.016484
11 0.567124 0.328159 0.007110 0.016484
11 0.258289 0.174313 0.015462 0.016484
11 0.606244 0.299313 0.015462 0.016484
