8 0.288234 0.191387 0.566730 0.267893
9 0.293234 0.284419 0.556730 0.081829
9 0.293234 0.119563 0.556730 0.124245
9 0.293234 0.212595 0.556730 0.061820
3 0.388399 0.284504 0.033333 0.026667
0 0.145066 0.130890 0.010000 0.010000
5 0.171732 0.130890 0.013333 0.013333
3 0.210066 0.130890 0.033333 0.026667
4 0.251732 0.130890 0.013333 0.013333
3 0.306732 0.130890 0.033333 0.026667
3 0.251732 0.165890 0.033333 0.026667
4 0.345066 0.130890 0.013333 0.013333
4 0.388399 0.130890 0.013333 0.013333
3 0.317566 0.165890 0.033333 0.026667
3 0.441732 0.130890 0.033333 0.026667
3 0.171732 0.212676 0.033333 0.026667
3 0.518995 0.212676 0.033333 0.026667
2 0.553851 0.212685 0.009333 0.009333
11 0.470662 0.276020 0.033333 0.016667
11 0.290066 0.112938 0.033333 0.016667
11 0.284566 0.149169 0.044333 0.016667
11 0.241732 0.105890 0.033333 0.016667
11 0.421732 0.105890 0.033333 0.016667
11 0.415225 0.137556 0.033333 0.016667
11 0.415225 0.167556 0.033333 0.016667
