8 0.500118 0.500000 0.993346 0.984252
9 0.508684 0.500000 0.976213 0.328084
9 0.508684 0.171916 0.976213 0.328084
9 0.508684 0.828084 0.976213 0.328084
3 0.539607 0.500000 0.057110 0.104987
0 0.057257 0.085089 0.017133 0.039370
3 0.163233 0.085089 0.057110 0.104987
4 0.273401 0.085089 0.022844 0.052493
3 0.391120 0.085089 0.057110 0.104987
3 0.473930 0.085089 0.057110 0.104987
3 0.556740 0.085089 0.057110 0.104987
3 0.391120 0.222885 0.057110 0.104987
3 0.473930 0.222885 0.057110 0.104987
4 0.539607 0.222885 0.022844 0.052493
4 0.634151 0.222885 0.022844 0.052493
4 0.682694 0.085089 0.022844 0.052493
5 0.224857 0.085455 0.022844 0.052493
5 0.726492 0.085455 0.022844 0.052493
3 0.224857 0.828084 0.057110 0.104987
3 0.804566 0.828084 0.057110 0.104987
2 0.913848 0.828084 0.015991 0.036745
13 0.432525 0.085089 0.027984 0.013123
13 0.515335 0.085089 0.027984 0.013123
13 0.432525 0.222885 0.027984 0.013123
13 0.515335 0.223296 0.027984 0.013123
13 0.539764 0.348319 0.005711 0.203625
13 0.601299 0.374566 0.068558 0.256118
13 0.628284 0.085461 0.088261 0.013123
13 0.664276 0.167438 0.039692 0.117454
13 0.704593 0.085926 0.023238 0.013123
13 0.869487 0.828084 0.075016 0.013123
13 0.202611 0.085739 0.023932 0.013123
13 0.249129 0.085931 0.027984 0.013123
13 0.225005 0.443646 0.005711 0.669138
13 0.756963 0.457098 0.040381 0.747222
13 0.490095 0.469893 0.475650 0.721631
13 0.318126 0.167110 0.091163 0.116798
13 0.323694 0.085466 0.080027 0.013123
13 0.586879 0.223541 0.073984 0.013123
13 0.100250 0.085089 0.071138 0.013123
11 0.011765 0.500000 0.007995 0.122996
11 0.024786 0.828084 0.007995 0.094991
11 0.028898 0.171916 0.007995 0.077023
11 0.028898 0.500000 0.007995 0.088847
11 0.540554 0.499475 0.041914 0.037270
11 0.070375 0.042651 0.050516 0.033071
11 0.163335 0.084777 0.048196 0.037270
11 0.273554 0.039239 0.042253 0.015748
11 0.392065 0.084777 0.031821 0.037270
11 0.474970 0.084777 0.036577 0.056168
11 0.556825 0.084777 0.034864 0.037270
11 0.392067 0.222572 0.039245 0.037270
11 0.474015 0.222572 0.047426 0.037270
11 0.560327 0.180446 0.038987 0.033071
11 0.225014 0.827559 0.032377 0.037270
11 0.804683 0.827559 0.037139 0.056168
11 0.914134 0.874147 0.046429 0.050394
11 0.546991 0.296457 0.005461 0.015748
11 0.317131 0.204593 0.042601 0.015748
11 0.323418 0.068110 0.042610 0.015748
11 0.581039 0.205906 0.011877 0.015748
