8 0.274500 0.231833 0.549000 0.276333
9 0.279500 0.245000 0.539000 0.083333
9 0.279500 0.148500 0.539000 0.109667
9 0.279500 0.328333 0.539000 0.083333
3 0.299000 0.245000 0.033333 0.026667
1 0.354000 0.245000 0.010000 0.010000
0 0.050000 0.161667 0.010000 0.010000
3 0.100000 0.161667 0.033333 0.026667
4 0.151667 0.161667 0.013333 0.013333
4 0.299000 0.161667 0.013333 0.013333
3 0.354000 0.161667 0.033333 0.026667
5 0.216667 0.161833 0.013333 0.013333
3 0.151667 0.113333 0.033333 0.026667
3 0.251333 0.113333 0.033333 0.026667
3 0.409000 0.113333 0.033333 0.026667
3 0.260667 0.161833 0.033333 0.026667
3 0.216667 0.328333 0.033333 0.026667
1 0.299000 0.328333 0.010000 0.010000
3 0.461667 0.328333 0.033333 0.026667
2 0.512333 0.328333 0.009333 0.009333
4 0.409000 0.328333 0.013333 0.013333
