8 0.500000 0.508813 0.990276 0.968273
9 0.512156 0.470035 0.965964 0.272620
9 0.512156 0.179201 0.965964 0.309048
9 0.512156 0.799647 0.965964 0.386604
3 0.665316 0.470035 0.081037 0.094007
0 0.065640 0.171563 0.024311 0.035253
3 0.215559 0.171563 0.081037 0.094007
4 0.312804 0.171563 0.032415 0.047004
3 0.446515 0.230317 0.081037 0.094007
3 0.446515 0.089307 0.081037 0.094007
3 0.713938 0.230317 0.081037 0.094007
4 0.543760 0.089307 0.032415 0.047004
5 0.130470 0.171563 0.032415 0.047004
3 0.312804 0.688602 0.081037 0.094007
2 0.952188 0.688602 0.022690 0.032902
5 0.774716 0.688602 0.032415 0.047004
13 0.276337 0.171929 0.043760 0.011751
13 0.359603 0.212691 0.096029 0.039953
13 0.359603 0.118684 0.096029 0.063455
13 0.507293 0.089672 0.043760 0.011751
13 0.095941 0.171563 0.039531 0.011751
13 0.160859 0.171942 0.031605 0.011751
13 0.201580 0.441833 0.144652 0.498237
13 0.580227 0.230317 0.189627 0.011751
13 0.612642 0.266438 0.108590 0.317888
11 0.016694 0.508813 0.011345 0.028615
11 0.041005 0.799647 0.011345 0.085056
11 0.041005 0.179201 0.011345 0.068968
11 0.041005 0.470035 0.011345 0.079555
11 0.666540 0.469565 0.059195 0.050294
11 0.065881 0.206228 0.052345 0.029612
11 0.216642 0.171093 0.049737 0.033373
11 0.447738 0.229847 0.063538 0.050294
11 0.447739 0.088837 0.055688 0.033373
11 0.713938 0.229847 0.052172 0.033373
11 0.312804 0.688132 0.045941 0.033373
11 0.303105 0.071093 0.063260 0.029612
11 0.303105 0.025264 0.063260 0.029612
11 0.614370 0.021739 0.055321 0.029612
