8 0.500147 0.500000 0.986971 0.987421
9 0.514841 0.237945 0.957582 0.463312
9 0.514841 0.600629 0.957582 0.262055
9 0.514841 0.862683 0.957582 0.262055
0 0.056622 0.116352 0.029389 0.031447
4 0.364224 0.116352 0.039185 0.041929
3 0.533209 0.116352 0.097962 0.083857
3 0.675255 0.116352 0.097962 0.083857
3 0.817300 0.116352 0.097962 0.083857
4 0.533209 0.385744 0.039185 0.041929
3 0.364224 0.296646 0.097962 0.083857
3 0.277772 0.116352 0.097962 0.083857
3 0.533209 0.296646 0.097962 0.083857
5 0.165116 0.116352 0.039185 0.041929
3 0.533209 0.558700 0.097962 0.083857
4 0.740400 0.558700 0.039185 0.041929
4 0.878380 0.558700 0.039185 0.041929
3 0.364224 0.820755 0.097962 0.083857
3 0.718064 0.930818 0.097962 0.083857
5 0.718064 0.820755 0.039185 0.041929
2 0.878380 0.930818 0.027429 0.029350
12 0.604232 0.116352 0.048002 0.010482
12 0.746277 0.116352 0.048002 0.010482
12 0.533485 0.461740 0.009796 0.114256
12 0.434022 0.116661 0.104330 0.010482
12 0.364498 0.196017 0.009796 0.121593
12 0.335693 0.116701 0.021797 0.010482
12 0.651499 0.558999 0.142535 0.010482
12 0.448717 0.296646 0.074941 0.010482
12 0.533510 0.351677 0.009796 0.030398
12 0.108420 0.116600 0.078125 0.010482
12 0.206750 0.116684 0.048002 0.010482
12 0.872575 0.327044 0.016507 0.425577
12 0.809390 0.559224 0.102714 0.010482
12 0.555839 0.821038 0.289185 0.010482
12 0.718357 0.865304 0.009796 0.051363
12 0.808263 0.700472 0.145131 0.245807
12 0.240424 0.479036 0.153556 0.687631
12 0.815855 0.930818 0.101538 0.010482
12 0.646846 0.462002 0.192006 0.155660
