8 0.500000 0.500000 0.991579 0.991209
11 0.011930 0.503073 0.016842 0.034827
9 0.510526 0.133700 0.970526 0.258608
11 0.032982 0.141859 0.016842 0.092473
9 0.510526 0.812454 0.970526 0.366300
11 0.032982 0.822309 0.016842 0.111688
9 0.510526 0.446154 0.970526 0.366300
11 0.032982 0.455585 0.016842 0.106884
3 0.351579 0.057143 0.070175 0.058608
11 0.351579 0.058974 0.055218 0.037363
0 0.063860 0.059341 0.021053 0.021978
11 0.063860 0.077335 0.145895 0.017125
2 0.950877 0.069597 0.019649 0.020513
11 0.950877 0.086859 0.100489 0.017125
4 0.165614 0.059341 0.028070 0.029304
11 0.221704 0.073077 0.146165 0.018681
3 0.165263 0.157875 0.062456 0.043223
11 0.165263 0.159707 0.066586 0.037363
1 0.510877 0.059341 0.021053 0.021978
11 0.495439 0.079533 0.101977 0.017125
4 0.165614 0.227106 0.028070 0.029304
11 0.222787 0.240842 0.149414 0.018681
3 0.618246 0.059341 0.070175 0.058608
11 0.618246 0.061172 0.069023 0.037363
4 0.698947 0.059341 0.028070 0.029304
3 0.407719 0.720879 0.070175 0.058608
11 0.407719 0.721062 0.064962 0.018681
3 0.165614 0.384615 0.070175 0.058608
11 0.165614 0.386447 0.074707 0.037363
13 0.112982 0.059341 0.080000 0.007326
13 0.165806 0.298535 0.007018 0.116484
13 0.552281 0.059341 0.064561 0.007326
13 0.797193 0.063004 0.290526 0.010256
13 0.451228 0.229304 0.501754 0.312088
13 0.165640 0.105128 0.007018 0.065201
13 0.165442 0.195604 0.007018 0.035165
13 0.248070 0.058242 0.139649 0.007326
13 0.443509 0.058613 0.116491 0.007326
13 0.669123 0.059571 0.034386 0.007326
