8 0.499963 0.499963 0.991706 0.985503
9 0.510237 0.842474 0.971158 0.300481
9 0.510237 0.157452 0.971158 0.300481
9 0.510237 0.403828 0.971158 0.192271
9 0.510237 0.596098 0.971158 0.192271
0 0.080569 0.085337 0.020548 0.036058
3 0.155911 0.085337 0.068493 0.096154
4 0.234678 0.085337 0.027397 0.048077
3 0.398383 0.085337 0.068493 0.096154
3 0.398383 0.190407 0.068493 0.096154
4 0.477151 0.190407 0.027397 0.048077
4 0.679890 0.190407 0.027397 0.048077
3 0.501654 0.085337 0.068493 0.096154
3 0.600969 0.085337 0.068493 0.096154
5 0.795724 0.190407 0.027397 0.048077
5 0.205568 0.085714 0.027397 0.048077
3 0.555918 0.409856 0.068493 0.096154
3 0.398383 0.617248 0.068493 0.096154
3 0.853944 0.617248 0.068493 0.096154
2 0.928601 0.617248 0.019178 0.033654
13 0.106254 0.085337 0.033562 0.012019
13 0.191014 0.086023 0.006849 0.012019
13 0.306257 0.085675 0.118500 0.012019
13 0.448041 0.190785 0.033562 0.012019
13 0.635199 0.312151 0.092808 0.200218
13 0.499582 0.312151 0.046918 0.200218
13 0.578520 0.191008 0.178082 0.012019
13 0.450019 0.085337 0.037517 0.012019
13 0.551311 0.085337 0.033562 0.012019
13 0.737807 0.191008 0.091177 0.012019
13 0.614348 0.415847 0.366177 0.407610
13 0.903601 0.617248 0.033562 0.012019
13 0.831683 0.379789 0.047260 0.383572
13 0.220123 0.086131 0.006849 0.012019
13 0.285024 0.363500 0.160966 0.512304
13 0.300449 0.151055 0.130116 0.083513
13 0.643864 0.162211 0.047396 0.062402
11 0.014110 0.500000 0.009589 0.051716
11 0.034658 0.596154 0.009589 0.106633
11 0.029726 0.403846 0.009589 0.101001
11 0.034658 0.157452 0.009589 0.070543
11 0.081635 0.128726 0.035873 0.046154
11 0.156164 0.084856 0.040208 0.034135
11 0.258995 0.113582 0.031689 0.030288
11 0.398630 0.084856 0.036101 0.051442
11 0.399664 0.189423 0.047068 0.068750
11 0.508637 0.218149 0.044670 0.030288
11 0.501370 0.084856 0.039521 0.034135
11 0.600685 0.084856 0.044096 0.034135
11 0.556164 0.409375 0.048198 0.034135
11 0.398630 0.617308 0.038830 0.034135
11 0.854110 0.617308 0.044542 0.051442
11 0.928361 0.659976 0.047132 0.046154
11 0.257384 0.068389 0.006550 0.014423
11 0.467658 0.199399 0.006550 0.014423
11 0.503698 0.174159 0.014244 0.014423
