8 0.500000 0.500000 0.992767 0.985731
11 0.010247 0.540761 0.014467 0.461963
9 0.509042 0.546968 0.974684 0.297265
11 0.028330 0.562103 0.014467 0.171530
9 0.509042 0.202735 0.974684 0.391201
11 0.028330 0.215978 0.014467 0.150089
9 0.509042 0.844233 0.974684 0.297265
11 0.028330 0.860228 0.014467 0.181277
3 0.544304 0.546968 0.060277 0.095125
11 0.544304 0.549941 0.064169 0.060642
1 0.643761 0.546968 0.018083 0.035672
11 0.644967 0.588065 0.127874 0.027794
0 0.094033 0.249703 0.018083 0.035672
11 0.094033 0.278909 0.125316 0.027794
3 0.184448 0.249703 0.060277 0.095125
11 0.184448 0.252675 0.080212 0.060642
4 0.277878 0.249703 0.024111 0.047562
11 0.277878 0.289239 0.123456 0.030321
4 0.544304 0.249703 0.024111 0.047562
11 0.562990 0.214328 0.124154 0.030321
3 0.643761 0.249703 0.060277 0.095125
11 0.643761 0.252675 0.057195 0.060642
5 0.395419 0.250297 0.024111 0.047562
3 0.277878 0.077289 0.060277 0.095125
11 0.277878 0.080262 0.047430 0.060642
3 0.458107 0.077289 0.060277 0.095125
11 0.458107 0.080262 0.050917 0.060642
3 0.743219 0.077289 0.060277 0.095125
11 0.743219 0.080262 0.059287 0.060642
3 0.474985 0.250297 0.060277 0.095125
11 0.474985 0.253270 0.064169 0.060642
3 0.395419 0.844233 0.060277 0.095125
11 0.395419 0.844530 0.078817 0.030321
1 0.544304 0.844233 0.018083 0.035672
11 0.544304 0.873439 0.079282 0.027794
3 0.838457 0.844233 0.060277 0.095125
11 0.838457 0.849881 0.059287 0.090963
2 0.930078 0.844233 0.016878 0.033294
11 0.930078 0.872250 0.115726 0.027794
4 0.743219 0.844233 0.024111 0.047562
13 0.128692 0.249703 0.053647 0.011891
13 0.240205 0.250056 0.053647 0.011891
13 0.544467 0.386445 0.006028 0.230678
11 0.535855 0.372974 0.013278 0.030321
13 0.584991 0.250297 0.059675 0.011891
11 0.578457 0.268954 0.020718 0.030321
13 0.336649 0.250593 0.095841 0.011891
11 0.333218 0.268954 0.062077 0.030321
13 0.395576 0.535375 0.006028 0.527348
13 0.643761 0.413199 0.006028 0.236623
13 0.604581 0.546968 0.062688 0.011891
13 0.480410 0.844233 0.112116 0.011891
13 0.642254 0.844233 0.180229 0.011891
13 0.278049 0.175386 0.006028 0.105826
11 0.303857 0.182050 0.063472 0.030321
13 0.600663 0.077289 0.227245 0.011891
13 0.367993 0.077289 0.122363 0.011891
13 0.895118 0.844233 0.055455 0.011891
13 0.781796 0.844233 0.055455 0.011891
13 0.708710 0.535077 0.072031 0.575505
13 0.743374 0.472652 0.006028 0.700357
13 0.426160 0.250663 0.039783 0.011891
13 0.518686 0.250297 0.029536 0.011891
