8 0.218969 0.171410 0.414605 0.074764
8 0.218969 0.250444 0.414605 0.020000
8 0.218969 0.067434 0.414605 0.074764
3 0.068333 0.172111 0.033333 0.026667
2 0.238333 0.152111 0.009333 0.009333
4 0.106667 0.172111 0.013333 0.013333
2 0.291667 0.194111 0.009333 0.009333
4 0.338085 0.172111 0.013333 0.013333
11 0.265000 0.118778 0.033333 0.016667
11 0.328000 0.118778 0.033333 0.016667
0 0.061667 0.088778 0.010000 0.010000
3 0.109752 0.088778 0.033333 0.026667
4 0.148085 0.088778 0.013333 0.013333
3 0.186419 0.088778 0.033333 0.026667
3 0.185703 0.053420 0.033333 0.026667
4 0.338085 0.074052 0.013333 0.013333
3 0.376419 0.074052 0.033333 0.026667
0 0.291667 0.053420 0.010000 0.010000
0 0.238333 0.088778 0.010000 0.010000
