8 0.216333 0.150000 0.432667 0.250000
9 0.221333 0.233333 0.422667 0.083333
9 0.221333 0.066667 0.422667 0.083333
9 0.221333 0.150000 0.422667 0.083333
3 0.110000 0.210000 0.033333 0.026667
3 0.376667 0.210000 0.033333 0.026667
2 0.413000 0.210000 0.009333 0.009333
0 0.025000 0.066667 0.010000 0.010000
3 0.076667 0.066667 0.033333 0.026667
3 0.176667 0.066667 0.033333 0.026667
4 0.133333 0.066757 0.013333 0.013333
7 0.225000 0.066667 0.033333 0.026667
3 0.225000 0.066667 0.033333 0.026667
3 0.273333 0.066667 0.033333 0.026667
3 0.176667 0.093333 0.033333 0.026667
4 0.206667 0.093333 0.013333 0.013333
4 0.263333 0.093333 0.013333 0.013333
4 0.311667 0.071667 0.013333 0.013333
5 0.110000 0.066757 0.013333 0.013333
5 0.340000 0.071667 0.013333 0.013333
3 0.206667 0.168333 0.033333 0.026667
