8 0.500000 0.500000 0.987879 0.988142
11 0.017172 0.502716 0.024242 0.030777
9 0.515152 0.870553 0.957576 0.247036
11 0.047475 0.878271 0.024242 0.087472
9 0.515152 0.129447 0.957576 0.247036
11 0.047475 0.137165 0.024242 0.087472
9 0.515152 0.376482 0.957576 0.247036
11 0.047475 0.382056 0.024242 0.063174
9 0.515152 0.623518 0.957576 0.247036
11 0.047475 0.634523 0.024242 0.124728
3 0.359596 0.845850 0.101010 0.079051
11 0.359596 0.848320 0.107532 0.050395
3 0.359596 0.045455 0.101010 0.079051
11 0.359596 0.047925 0.109870 0.050395
3 0.359596 0.129447 0.101010 0.079051
11 0.359596 0.131917 0.109870 0.050395
3 0.359596 0.208498 0.101010 0.079051
11 0.359596 0.210968 0.104026 0.050395
3 0.405051 0.376482 0.101010 0.079051
11 0.405051 0.376729 0.132078 0.025198
3 0.551515 0.376482 0.101010 0.079051
11 0.551515 0.378953 0.125065 0.050395
0 0.081818 0.583992 0.030303 0.029644
11 0.081818 0.608263 0.144643 0.023098
3 0.192929 0.583992 0.101010 0.079051
11 0.192929 0.586462 0.091169 0.050395
3 0.485859 0.583992 0.101010 0.079051
11 0.485859 0.584239 0.139091 0.025198
4 0.253535 0.583992 0.040404 0.039526
3 0.339394 0.583992 0.101010 0.079051
11 0.339394 0.586462 0.079481 0.050395
3 0.339394 0.682806 0.101010 0.079051
11 0.339394 0.685277 0.095844 0.050395
3 0.632323 0.583992 0.101010 0.079051
11 0.632323 0.584239 0.127403 0.025198
13 0.119697 0.583992 0.049495 0.009881
13 0.248485 0.583992 0.014141 0.009881
13 0.412626 0.599884 0.049495 0.018622
13 0.271465 0.643281 0.038889 0.083004
13 0.281313 0.583992 0.019192 0.009881
13 0.224242 0.476285 0.260606 0.201581
13 0.270804 0.335328 0.076961 0.422229
13 0.339394 0.583992 0.010101 0.009881
13 0.273078 0.294960 0.085549 0.502964
13 0.273232 0.378123 0.075758 0.343202
13 0.447980 0.294960 0.079798 0.502964
13 0.447980 0.336957 0.079798 0.418972
13 0.447980 0.376482 0.079798 0.339921
13 0.559091 0.583992 0.049495 0.009881
13 0.478283 0.376482 0.049495 0.009881
13 0.468507 0.549407 0.161256 0.270751
13 0.455556 0.611166 0.094949 0.473320
