8 0.500000 0.522367 0.991820 0.944082
11 0.011588 0.526276 0.016360 0.044305
9 0.510225 0.172880 0.971370 0.245107
9 0.510225 0.644921 0.971370 0.232992
11 0.032038 0.650178 0.016360 0.059583
9 0.510225 0.877912 0.971370 0.232992
11 0.032038 0.889775 0.016360 0.134443
9 0.510225 0.411929 0.971370 0.232992
11 0.032038 0.422174 0.016360 0.116110
0 0.044990 0.173346 0.020450 0.027959
11 0.044990 0.196237 0.083151 0.021785
3 0.249083 0.127549 0.068166 0.074557
11 0.249083 0.131976 0.082822 0.071295
4 0.351118 0.127549 0.027267 0.037279
5 0.351118 0.220550 0.027267 0.037279
3 0.521271 0.127549 0.068166 0.074557
11 0.521271 0.129879 0.064680 0.047530
4 0.754773 0.127549 0.027267 0.037279
5 0.160586 0.174181 0.027267 0.037279
5 0.590099 0.220550 0.027267 0.037279
3 0.692886 0.220550 0.068166 0.074557
11 0.692886 0.222880 0.057581 0.047530
3 0.160586 0.644921 0.068166 0.074557
11 0.160586 0.645154 0.057581 0.023765
3 0.874027 0.644921 0.068166 0.074557
11 0.874027 0.647251 0.063103 0.047530
4 0.804175 0.644921 0.027267 0.037279
2 0.948328 0.644921 0.019087 0.026095
11 0.948328 0.666880 0.057844 0.021785
3 0.754773 0.931173 0.068166 0.074557
11 0.754773 0.933503 0.072568 0.047530
3 0.500341 0.353215 0.068166 0.074557
11 0.500341 0.353448 0.058370 0.023765
3 0.412940 0.430568 0.068166 0.074557
11 0.412940 0.430801 0.058370 0.023765
3 0.510566 0.486486 0.068166 0.074557
11 0.510566 0.486719 0.058370 0.023765
3 0.692886 0.458376 0.068166 0.074557
11 0.692886 0.462803 0.067046 0.071295
2 0.948328 0.458376 0.019087 0.026095
13 0.310325 0.127828 0.057045 0.009320
13 0.408858 0.296202 0.117526 0.117754
13 0.365158 0.334879 0.030125 0.195107
13 0.413971 0.362838 0.127751 0.251025
13 0.425970 0.127810 0.125164 0.009320
11 0.393561 0.116973 0.070226 0.024038
13 0.648247 0.127802 0.188512 0.009320
13 0.101084 0.173751 0.094465 0.009320
13 0.187793 0.141545 0.057140 0.031721
13 0.160764 0.400231 0.006817 0.418550
13 0.351459 0.174049 0.006817 0.059450
11 0.384643 0.208007 0.084400 0.047530
13 0.562432 0.296202 0.058743 0.117754
13 0.518732 0.334879 0.146143 0.195107
13 0.567544 0.362838 0.048518 0.251025
13 0.631268 0.220830 0.057797 0.009320
13 0.692886 0.339463 0.006817 0.166997
13 0.754947 0.520041 0.006817 0.751434
11 0.745531 0.097174 0.016416 0.282649
13 0.492606 0.644921 0.598599 0.009320
13 0.828876 0.644921 0.024862 0.009320
13 0.796686 0.797366 0.018386 0.271341
13 0.786291 0.377148 0.038496 0.501994
11 0.808566 0.117064 0.104119 0.023765
13 0.923448 0.644921 0.033401 0.009320
13 0.832877 0.458376 0.214543 0.009320
