8 0.499617 0.500126 0.992406 0.987354
9 0.508814 0.817425 0.974012 0.352756
9 0.508814 0.500126 0.974012 0.281842
9 0.508814 0.182827 0.974012 0.352756
3 0.143824 0.750124 0.061312 0.086768
3 0.852575 0.750124 0.061312 0.086768
2 0.928430 0.750124 0.017167 0.030369
5 0.719193 0.750124 0.024525 0.043384
3 0.593976 0.468018 0.061312 0.086768
0 0.095434 0.128160 0.018394 0.032538
3 0.217882 0.128160 0.061312 0.086768
4 0.338564 0.128160 0.024525 0.043384
3 0.416171 0.128160 0.061312 0.086768
3 0.505073 0.128160 0.061312 0.086768
3 0.593976 0.128160 0.061312 0.086768
3 0.593976 0.252281 0.061312 0.086768
6 0.338564 0.252043 0.024525 0.043384
6 0.667078 0.252043 0.024525 0.043384
4 0.719193 0.252043 0.024525 0.043384
5 0.143824 0.128160 0.024525 0.043384
13 0.118096 0.128413 0.029383 0.010846
13 0.368170 0.128497 0.037141 0.010846
13 0.460622 0.128160 0.030043 0.010846
13 0.549524 0.128160 0.030043 0.010846
13 0.451095 0.370877 0.226902 0.198621
13 0.646095 0.370877 0.045379 0.198621
13 0.639724 0.252596 0.032636 0.010846
13 0.901539 0.750124 0.039068 0.010846
13 0.457073 0.252445 0.214946 0.010846
13 0.338870 0.190102 0.006131 0.084837
13 0.693136 0.252586 0.030043 0.010846
13 0.672066 0.179256 0.097321 0.106529
13 0.440705 0.750569 0.534904 0.010846
13 0.719500 0.501084 0.006131 0.459035
13 0.776687 0.750433 0.092916 0.010846
13 0.287419 0.128472 0.080216 0.010846
13 0.171656 0.128500 0.033592 0.010846
13 0.143982 0.428296 0.006131 0.561226
11 0.012630 0.500000 0.008584 0.085592
11 0.031024 0.182755 0.008584 0.063657
11 0.031024 0.500000 0.008584 0.073429
11 0.031024 0.817245 0.008584 0.095856
11 0.144083 0.750108 0.034759 0.030803
11 0.853774 0.750108 0.045610 0.030803
11 0.929261 0.781453 0.054721 0.027332
11 0.595040 0.468113 0.044997 0.030803
11 0.096035 0.167137 0.036337 0.041649
11 0.217658 0.127549 0.045602 0.015184
11 0.338304 0.089913 0.043867 0.013015
11 0.417233 0.127549 0.049912 0.046421
11 0.505212 0.127549 0.035378 0.030803
11 0.594114 0.127549 0.037429 0.030803
11 0.595040 0.252278 0.042133 0.030803
11 0.358542 0.113774 0.005863 0.013015
11 0.445499 0.466486 0.053476 0.041649
11 0.408228 0.244577 0.054961 0.027332
11 0.330103 0.123536 0.012751 0.013015
