8 0.499985 0.500151 0.990229 0.987481
9 0.512160 0.217415 0.965878 0.422009
9 0.512160 0.577608 0.965878 0.298378
9 0.512160 0.860344 0.965878 0.267094
0 0.094156 0.054487 0.024351 0.032051
4 0.167208 0.139957 0.032468 0.042735
3 0.333036 0.081197 0.081169 0.085470
3 0.167208 0.257479 0.081169 0.085470
4 0.512175 0.139957 0.032468 0.042735
5 0.094156 0.139957 0.032468 0.042735
5 0.581169 0.139957 0.032468 0.042735
3 0.300625 0.257479 0.081169 0.085470
2 0.871002 0.139957 0.022727 0.029915
3 0.430268 0.257479 0.081169 0.085470
3 0.362013 0.594017 0.081169 0.085470
4 0.276786 0.497863 0.032468 0.042735
4 0.447240 0.497863 0.032468 0.042735
3 0.215909 0.860344 0.081169 0.085470
3 0.770580 0.860344 0.081169 0.085470
13 0.230032 0.099893 0.128084 0.041667
13 0.443101 0.099893 0.142208 0.041667
13 0.130682 0.140491 0.043831 0.010684
13 0.134943 0.510834 0.084010 0.703293
13 0.425122 0.556624 0.048295 0.079060
13 0.362013 0.498397 0.141234 0.010684
13 0.299310 0.556624 0.047484 0.079060
13 0.546672 0.140491 0.039773 0.010684
13 0.419034 0.510834 0.328328 0.703293
13 0.233916 0.257479 0.055495 0.010684
13 0.663699 0.500418 0.135840 0.724126
13 0.835402 0.500151 0.051721 0.724660
13 0.094345 0.094551 0.008117 0.052350
13 0.365446 0.257479 0.051721 0.010684
13 0.491717 0.209402 0.044976 0.100427
13 0.167449 0.188034 0.008117 0.057692
13 0.522524 0.329861 0.121347 0.341346
13 0.177354 0.329594 0.169643 0.340812
11 0.016721 0.500000 0.011364 0.076608
11 0.035227 0.860043 0.011364 0.077332
11 0.041071 0.577457 0.011364 0.072330
11 0.041071 0.217415 0.011364 0.062704
11 0.094226 0.078953 0.019622 0.012821
11 0.204450 0.137714 0.032277 0.012821
11 0.334018 0.080769 0.055778 0.030342
11 0.167980 0.257051 0.038639 0.030342
11 0.300325 0.257051 0.046835 0.030342
11 0.430195 0.257051 0.067132 0.014957
11 0.363239 0.593590 0.059570 0.030342
11 0.278136 0.450748 0.057896 0.012821
11 0.215909 0.859615 0.046016 0.030342
11 0.770292 0.859615 0.052785 0.045726
11 0.234350 0.066132 0.053115 0.012821
11 0.308765 0.483868 0.016881 0.012821
11 0.266056 0.506303 0.007762 0.012821
11 0.204431 0.183654 0.056590 0.012821
