8 0.499841 0.500133 0.991037 0.984329
9 0.510648 0.863360 0.969424 0.257875
9 0.510648 0.262344 0.969424 0.508752
9 0.510648 0.625571 0.969424 0.217703
3 0.186780 0.863240 0.072046 0.106242
3 0.788984 0.863240 0.072046 0.106242
5 0.677169 0.863240 0.028818 0.053121
2 0.919964 0.863240 0.020173 0.037185
1 0.385656 0.863240 0.021614 0.039841
1 0.677169 0.772271 0.021614 0.039841
0 0.094020 0.329920 0.021614 0.039841
4 0.280411 0.329920 0.028818 0.053121
3 0.280411 0.098141 0.072046 0.106242
3 0.385656 0.329920 0.072046 0.106242
4 0.545944 0.329920 0.028818 0.053121
3 0.463091 0.098141 0.072046 0.106242
3 0.677169 0.098141 0.072046 0.106242
5 0.186780 0.329920 0.028818 0.053121
4 0.677169 0.329920 0.028818 0.053121
1 0.677169 0.223679 0.021614 0.039841
1 0.481988 0.330274 0.021614 0.039841
3 0.545944 0.625618 0.072046 0.106242
4 0.677169 0.625618 0.028818 0.053121
1 0.619531 0.625989 0.021614 0.039841
12 0.374071 0.183838 0.072046 0.066401
12 0.875288 0.098141 0.072046 0.066401
13 0.322226 0.330322 0.057695 0.013280
13 0.280611 0.227311 0.007205 0.157410
13 0.446430 0.330143 0.052385 0.013280
13 0.371751 0.098141 0.113516 0.013280
13 0.570130 0.098141 0.144914 0.013280
13 0.138599 0.330238 0.070425 0.013280
13 0.233595 0.330584 0.067695 0.013280
13 0.186969 0.583300 0.007205 0.458951
13 0.611556 0.330584 0.105288 0.013280
13 0.677169 0.177510 0.007205 0.057809
13 0.546141 0.464489 0.007205 0.221328
13 0.677529 0.477769 0.007205 0.247888
13 0.595346 0.625867 0.029639 0.013280
13 0.298826 0.863240 0.154928 0.013280
13 0.677341 0.702264 0.007205 0.105485
13 0.722269 0.863638 0.064265 0.013280
13 0.867442 0.863240 0.087752 0.013280
13 0.529611 0.863568 0.269179 0.013280
13 0.677334 0.814436 0.007205 0.049801
13 0.677336 0.273479 0.007205 0.065073
13 0.512165 0.330420 0.041621 0.013280
13 0.646549 0.626125 0.035303 0.013280
13 0.327241 0.165844 0.024496 0.036560
13 0.808995 0.100863 0.063422 0.013280
11 0.036455 0.625498 0.010086 0.089909
11 0.036455 0.262284 0.010086 0.077943
11 0.036455 0.863214 0.010086 0.096126
11 0.186599 0.862683 0.040844 0.037716
11 0.788905 0.862683 0.046852 0.037716
11 0.919670 0.901062 0.056919 0.033466
11 0.385607 0.893625 0.052194 0.015936
11 0.719877 0.771448 0.056470 0.015936
11 0.093823 0.368526 0.063727 0.033466
11 0.280254 0.370385 0.053303 0.015936
11 0.281346 0.097742 0.056489 0.056839
11 0.386534 0.328818 0.049509 0.037716
11 0.551248 0.282205 0.049183 0.033466
11 0.464461 0.097742 0.054789 0.056839
11 0.678322 0.097742 0.057446 0.056839
11 0.738200 0.231740 0.035477 0.033466
11 0.483064 0.369854 0.045378 0.033466
11 0.547198 0.624967 0.052875 0.037716
11 0.620480 0.581009 0.055082 0.033466
11 0.374066 0.187517 0.063693 0.056839
11 0.871544 0.092961 0.054327 0.037716
11 0.308644 0.311952 0.014983 0.015936
11 0.270736 0.205710 0.006889 0.015936
11 0.574495 0.311952 0.014983 0.015936
11 0.535865 0.442098 0.006889 0.015936
