8 0.500000 0.500000 0.989111 0.981595
9 0.513612 0.225268 0.961887 0.432131
9 0.513612 0.570653 0.961887 0.258638
9 0.513612 0.845384 0.961887 0.290826
0 0.105263 0.225460 0.027223 0.046012
4 0.318512 0.225460 0.036298 0.061350
3 0.454628 0.131902 0.090744 0.122699
3 0.454628 0.346626 0.090744 0.122699
4 0.568058 0.346626 0.036298 0.061350
3 0.749546 0.131902 0.109800 0.122699
5 0.186933 0.225460 0.036298 0.061350
1 0.590744 0.131902 0.027223 0.046012
3 0.568058 0.599693 0.090744 0.122699
4 0.750000 0.599693 0.036298 0.061350
3 0.186933 0.845677 0.090744 0.122699
3 0.826679 0.845677 0.090744 0.122699
5 0.749546 0.845677 0.036298 0.061350
2 0.943739 0.845677 0.025408 0.042945
13 0.524955 0.347099 0.053539 0.015337
13 0.143829 0.225460 0.053539 0.015337
13 0.252722 0.225845 0.098911 0.015337
13 0.187171 0.520231 0.009074 0.534327
13 0.481851 0.845677 0.502722 0.015337
13 0.774501 0.846199 0.017241 0.015337
13 0.901543 0.845677 0.062613 0.015337
13 0.538566 0.131902 0.080762 0.015337
13 0.649501 0.131902 0.093920 0.015337
13 0.749788 0.381135 0.009074 0.381902
13 0.672641 0.599693 0.122051 0.015337
13 0.750000 0.722685 0.009074 0.190769
13 0.668103 0.458206 0.167423 0.227761
13 0.568313 0.457822 0.009074 0.167178
13 0.364111 0.163344 0.093920 0.069018
13 0.364111 0.301380 0.093920 0.096626
11 0.045917 0.845092 0.012704 0.048612
11 0.045917 0.571319 0.012704 0.117140
11 0.045917 0.225460 0.012704 0.084383
11 0.105320 0.260583 0.065449 0.018405
11 0.355329 0.251380 0.050040 0.018405
11 0.454628 0.131288 0.073235 0.065644
11 0.455998 0.346012 0.062358 0.043558
11 0.641681 0.382669 0.061947 0.038650
11 0.751365 0.131288 0.099592 0.043558
11 0.591478 0.177147 0.046840 0.038650
11 0.569429 0.599080 0.066598 0.043558
11 0.186933 0.844479 0.051444 0.043558
11 0.826679 0.844479 0.059012 0.043558
11 0.945029 0.888804 0.051582 0.038650
11 0.603810 0.326534 0.018872 0.018405
11 0.556063 0.358742 0.008677 0.018405
11 0.436756 0.110276 0.067704 0.018405
11 0.346777 0.367331 0.043827 0.038650
