8 0.500042 0.499748 0.994228 0.987111
11 0.008297 0.517959 0.011713 0.206391
9 0.507363 0.777807 0.979587 0.430992
11 0.022938 0.785868 0.011713 0.091353
9 0.514684 0.639463 0.964945 0.154303
11 0.037579 0.653345 0.011713 0.157331
9 0.514684 0.854959 0.964945 0.276689
11 0.037579 0.868094 0.011713 0.148872
9 0.507363 0.284252 0.979587 0.556119
11 0.022938 0.295745 0.011713 0.130263
3 0.479841 0.651073 0.048804 0.082559
11 0.479841 0.653653 0.051956 0.052632
3 0.204187 0.798067 0.048804 0.082559
11 0.204187 0.798325 0.063815 0.026316
5 0.747955 0.798067 0.019522 0.041280
3 0.804080 0.798067 0.048804 0.082559
11 0.804080 0.802969 0.048003 0.078947
1 0.874132 0.798067 0.014641 0.030960
11 0.874132 0.823415 0.062121 0.024123
0 0.074558 0.165540 0.014641 0.030960
11 0.074558 0.190888 0.101464 0.024123
3 0.148250 0.165540 0.048804 0.082559
11 0.148250 0.168120 0.044049 0.052632
4 0.260109 0.165540 0.019522 0.041280
11 0.260109 0.131742 0.057038 0.026316
3 0.419615 0.165810 0.048804 0.082559
11 0.419615 0.168390 0.041790 0.052632
5 0.351383 0.165810 0.019522 0.041280
3 0.419615 0.264705 0.048804 0.082559
11 0.419615 0.267285 0.041790 0.052632
3 0.419615 0.378026 0.048804 0.082559
11 0.419615 0.380606 0.041790 0.052632
3 0.419615 0.488324 0.048804 0.082559
11 0.419615 0.490904 0.046308 0.052632
4 0.479841 0.488324 0.019522 0.041280
11 0.479841 0.454527 0.100523 0.026316
4 0.560030 0.488324 0.019522 0.041280
5 0.493577 0.165540 0.019522 0.041280
3 0.549702 0.165540 0.048804 0.082559
11 0.549702 0.168120 0.041226 0.052632
3 0.620468 0.165540 0.048804 0.082559
11 0.620468 0.168120 0.048003 0.052632
5 0.204187 0.165797 0.019522 0.041280
4 0.697222 0.165540 0.019522 0.041280
13 0.305746 0.166190 0.073705 0.010320
11 0.276226 0.153979 0.010759 0.026347
13 0.378178 0.166125 0.036021 0.010320
13 0.373420 0.225578 0.045538 0.082383
13 0.373420 0.282238 0.045538 0.195704
13 0.457049 0.488644 0.028015 0.010320
13 0.532258 0.580019 0.057982 0.146237
13 0.519935 0.488840 0.062619 0.010320
11 0.498966 0.476714 0.016775 0.026316
13 0.479979 0.559379 0.004880 0.104957
11 0.473202 0.497506 0.011729 0.022076
13 0.468919 0.282103 0.051756 0.195974
13 0.468919 0.225442 0.051756 0.082654
13 0.463917 0.165957 0.041751 0.010320
13 0.514319 0.165866 0.023914 0.010320
13 0.585085 0.165540 0.023914 0.010320
13 0.183539 0.166025 0.023726 0.010320
13 0.232148 0.166185 0.038353 0.010320
13 0.204313 0.471612 0.004880 0.574478
13 0.666166 0.165846 0.044543 0.010320
13 0.633628 0.337510 0.129628 0.306789
13 0.727591 0.471741 0.043168 0.615499
13 0.327783 0.337252 0.136812 0.306273
11 0.253521 0.170709 0.011713 0.049060
13 0.483391 0.798589 0.511557 0.010320
13 0.768696 0.798394 0.023914 0.010320
13 0.847647 0.798067 0.040282 0.010320
13 0.102863 0.165540 0.043921 0.010320
