8 0.499933 0.500148 0.992831 0.991426
9 0.508725 0.207650 0.975246 0.406430
9 0.508725 0.569919 0.975246 0.318108
9 0.508725 0.862417 0.975246 0.266888
0 0.050410 0.103474 0.017585 0.022173
4 0.391676 0.103474 0.023447 0.029564
4 0.209965 0.103474 0.023447 0.029564
3 0.505979 0.036955 0.058617 0.059128
3 0.505979 0.169993 0.058617 0.059128
3 0.505979 0.103474 0.058617 0.059128
4 0.596835 0.103474 0.023447 0.029564
3 0.704103 0.103474 0.067995 0.059128
2 0.796131 0.103474 0.016413 0.020695
3 0.264478 0.265336 0.067995 0.059128
3 0.482532 0.265336 0.058617 0.059128
4 0.381712 0.265336 0.023447 0.029564
3 0.161782 0.103474 0.058617 0.059128
3 0.300821 0.103474 0.058617 0.059128
5 0.094373 0.118256 0.023447 0.029564
3 0.381712 0.591944 0.058617 0.059128
3 0.276407 0.850924 0.062544 0.059128
3 0.750234 0.850924 0.058617 0.059128
2 0.935229 0.850924 0.016413 0.020695
13 0.434320 0.062823 0.087046 0.054693
13 0.434320 0.144124 0.087046 0.054693
13 0.440035 0.103688 0.075615 0.007391
13 0.560199 0.103694 0.052169 0.007391
13 0.566208 0.144124 0.064185 0.054693
13 0.566208 0.062823 0.064185 0.054693
13 0.639332 0.103698 0.063892 0.007391
13 0.763013 0.103474 0.052169 0.007391
13 0.334232 0.265556 0.073857 0.007391
13 0.070926 0.111050 0.025791 0.018108
13 0.194666 0.103724 0.009496 0.007391
13 0.631038 0.543348 0.240739 0.558980
13 0.853283 0.850924 0.149824 0.007391
13 0.381865 0.421249 0.005862 0.285218
13 0.423329 0.265554 0.062134 0.007391
13 0.355041 0.103694 0.052169 0.007391
13 0.565973 0.721434 0.312251 0.261936
13 0.514302 0.850924 0.415592 0.007391
13 0.246600 0.103695 0.052169 0.007391
13 0.220369 0.191796 0.022567 0.150037
13 0.119285 0.111050 0.028722 0.018108
13 0.169900 0.491981 0.152814 0.720843
11 0.012075 0.500000 0.008206 0.031801
11 0.029660 0.862158 0.008206 0.053498
11 0.029660 0.569845 0.008206 0.050038
11 0.029660 0.207687 0.008206 0.043379
11 0.050543 0.125277 0.051848 0.018625
11 0.368731 0.081227 0.028200 0.008869
11 0.227950 0.115965 0.023309 0.008869
11 0.506842 0.036659 0.034620 0.020990
11 0.506747 0.169697 0.034620 0.020990
11 0.506747 0.097857 0.034620 0.020990
11 0.704961 0.103178 0.057490 0.031633
11 0.796380 0.119660 0.052315 0.008869
11 0.265247 0.265041 0.050053 0.031633
11 0.483301 0.265041 0.043019 0.031633
11 0.410706 0.277827 0.041810 0.008869
11 0.161782 0.103178 0.043597 0.010347
11 0.301586 0.103178 0.032660 0.020990
11 0.382480 0.591722 0.043019 0.020990
11 0.277060 0.850407 0.047315 0.020990
11 0.750293 0.850407 0.038119 0.031633
11 0.935302 0.866888 0.052315 0.008869
11 0.373846 0.397561 0.005605 0.008869
11 0.418170 0.254915 0.012190 0.008869
11 0.233558 0.093052 0.013422 0.008869
11 0.198307 0.154398 0.013262 0.008869
