8 0.374167 0.230333 0.598333 0.330667
9 0.379167 0.136111 0.588333 0.142222
9 0.379167 0.254333 0.588333 0.094222
9 0.379167 0.348556 0.588333 0.094222
0 0.105000 0.112111 0.010000 0.010000
5 0.131667 0.112111 0.013333 0.013333
3 0.170000 0.112111 0.033333 0.026667
3 0.170000 0.112111 0.033333 0.026667
4 0.208333 0.112111 0.013333 0.013333
3 0.246667 0.112111 0.033333 0.026667
5 0.285000 0.112111 0.013333 0.013333
3 0.323333 0.112111 0.033333 0.026667
3 0.323333 0.080076 0.033333 0.026667
3 0.323333 0.142262 0.033333 0.026667
5 0.361667 0.112111 0.013333 0.013333
3 0.396667 0.112111 0.033333 0.026667
3 0.246667 0.183333 0.033333 0.026667
4 0.285000 0.183333 0.013333 0.013333
4 0.376667 0.183333 0.013333 0.013333
4 0.526667 0.112111 0.013333 0.013333
5 0.561667 0.112111 0.013333 0.013333
4 0.435000 0.112111 0.013333 0.013333
3 0.473333 0.112111 0.033333 0.026667
3 0.473333 0.112111 0.033333 0.026667
3 0.473333 0.080076 0.033333 0.026667
3 0.472667 0.148333 0.033333 0.026667
4 0.511667 0.112111 0.013333 0.013333
3 0.323333 0.258333 0.033333 0.026667
3 0.180000 0.348556 0.033333 0.026667
3 0.606667 0.348556 0.033333 0.026667
2 0.639667 0.348556 0.009333 0.009333
