8 0.500000 0.500172 0.990566 0.991241
9 0.511792 0.903678 0.966981 0.184230
9 0.511792 0.146486 0.966981 0.283869
9 0.511792 0.336321 0.966981 0.095800
9 0.511792 0.465710 0.966981 0.162979
9 0.511792 0.679381 0.966981 0.264364
0 0.068396 0.127581 0.023585 0.022108
3 0.202044 0.128041 0.078616 0.058954
4 0.308176 0.127581 0.031447 0.029477
3 0.461478 0.213711 0.078616 0.058954
3 0.308176 0.213711 0.078616 0.058954
3 0.424643 0.128041 0.102201 0.058954
3 0.567610 0.213711 0.078616 0.058954
3 0.567610 0.127581 0.078616 0.058954
4 0.791667 0.127581 0.031447 0.029477
5 0.709119 0.127581 0.031447 0.029477
4 0.650157 0.127581 0.031447 0.029477
3 0.308176 0.336321 0.078616 0.058954
3 0.461478 0.336321 0.078616 0.058954
3 0.791667 0.466018 0.078616 0.058954
4 0.909591 0.466018 0.031447 0.029477
3 0.709119 0.628997 0.078616 0.058954
3 0.909591 0.710058 0.078616 0.058954
2 0.909591 0.779329 0.022013 0.020634
5 0.909591 0.628997 0.031447 0.029477
13 0.121462 0.127764 0.085692 0.007369
13 0.266903 0.127985 0.054245 0.007369
13 0.308176 0.275016 0.007862 0.066603
13 0.384827 0.336321 0.077830 0.007369
13 0.461478 0.275016 0.007862 0.066603
13 0.308326 0.163277 0.007862 0.044863
13 0.514544 0.213711 0.030660 0.007369
13 0.502023 0.127792 0.055703 0.007369
13 0.750393 0.127949 0.054245 0.007369
13 0.791872 0.289430 0.007862 0.297170
13 0.862421 0.466239 0.066038 0.007369
13 0.620676 0.127581 0.030660 0.007369
13 0.679638 0.127949 0.030660 0.007369
13 0.859080 0.289615 0.106525 0.326278
13 0.909591 0.754273 0.007862 0.032424
13 0.909984 0.547508 0.007862 0.136450
13 0.821148 0.629203 0.148585 0.007369
13 0.709322 0.370920 0.007862 0.460149
13 0.909824 0.662158 0.007862 0.039794
13 0.628734 0.178015 0.046777 0.074340
13 0.348721 0.127981 0.052787 0.007369
11 0.016195 0.500000 0.011006 0.058155
11 0.039780 0.679808 0.011006 0.053340
11 0.039780 0.465365 0.011006 0.049890
11 0.039780 0.336035 0.011006 0.038595
11 0.039780 0.146279 0.011006 0.043251
11 0.088228 0.100590 0.069539 0.018570
11 0.203094 0.127929 0.048251 0.020929
11 0.309619 0.097642 0.061063 0.018570
11 0.461478 0.213412 0.045363 0.020929
11 0.309359 0.213412 0.050364 0.020929
11 0.425716 0.127929 0.071332 0.031540
11 0.567610 0.213412 0.050614 0.020929
11 0.567610 0.127192 0.065285 0.020929
11 0.793343 0.107222 0.053668 0.018570
11 0.309227 0.335741 0.038559 0.020929
11 0.462397 0.335741 0.038822 0.020929
11 0.792854 0.465438 0.057697 0.020929
11 0.709119 0.629035 0.044569 0.020929
11 0.909591 0.710096 0.051125 0.031540
11 0.297022 0.132572 0.009139 0.008843
11 0.781299 0.132572 0.009139 0.008843
11 0.828076 0.117833 0.017787 0.008843
11 0.348516 0.117097 0.017787 0.008843
