8 0.500000 0.500000 0.988338 0.979522
11 0.016521 0.525177 0.023324 0.285336
9 0.514577 0.271331 0.959184 0.522184
11 0.045675 0.290337 0.023324 0.215401
9 0.514577 0.875427 0.959184 0.228669
11 0.045675 0.898382 0.023324 0.260160
9 0.514577 0.646758 0.959184 0.228669
11 0.045675 0.668479 0.023324 0.246173
0 0.064140 0.112628 0.029155 0.051195
4 0.229349 0.112628 0.038873 0.068259
11 0.205053 0.049915 0.129321 0.043515
3 0.331390 0.112628 0.097182 0.136519
11 0.331390 0.116894 0.113578 0.087031
3 0.462585 0.112628 0.097182 0.136519
11 0.462585 0.116894 0.082091 0.087031
3 0.345967 0.332765 0.097182 0.136519
11 0.345967 0.337031 0.092212 0.087031
3 0.593780 0.112628 0.097182 0.136519
11 0.593780 0.116894 0.089963 0.087031
3 0.141885 0.385666 0.097182 0.136519
11 0.141885 0.389932 0.093336 0.087031
5 0.141885 0.112628 0.038873 0.068259
4 0.462585 0.332765 0.038873 0.068259
11 0.493683 0.276877 0.206914 0.043515
3 0.695821 0.332765 0.097182 0.136519
11 0.695821 0.337031 0.123698 0.087031
4 0.593780 0.332765 0.038873 0.068259
3 0.141885 0.875427 0.097182 0.136519
11 0.141885 0.875853 0.127072 0.043515
3 0.827017 0.875427 0.097182 0.136519
11 0.827017 0.879693 0.095585 0.087031
2 0.952381 0.875427 0.027211 0.047782
11 0.952381 0.915636 0.137099 0.039889
5 0.695821 0.875427 0.038873 0.068259
3 0.462585 0.646758 0.097182 0.136519
11 0.462585 0.647184 0.128197 0.043515
13 0.265792 0.113179 0.037901 0.017065
11 0.261282 0.093181 0.021463 0.043689
13 0.396987 0.112628 0.037901 0.017065
13 0.907191 0.875427 0.067055 0.017065
13 0.528183 0.112628 0.037901 0.017065
13 0.100583 0.113025 0.047619 0.017065
13 0.141885 0.630546 0.009718 0.360068
13 0.185617 0.113057 0.052478 0.017065
13 0.142160 0.232082 0.009718 0.177474
13 0.418853 0.333296 0.052478 0.017065
13 0.594060 0.239761 0.009718 0.124573
13 0.528183 0.333618 0.096210 0.017065
11 0.500666 0.313567 0.033403 0.043515
13 0.552721 0.506826 0.086978 0.286689
13 0.630224 0.333316 0.037901 0.017065
13 0.433431 0.875875 0.489796 0.017065
13 0.746842 0.875950 0.067055 0.017065
13 0.696079 0.621160 0.009718 0.447099
13 0.462855 0.472696 0.009718 0.218430
11 0.449380 0.347940 0.023350 0.036485
13 0.263605 0.239761 0.071429 0.192833
11 0.216229 0.121176 0.023324 0.081125
