8 0.500000 0.500000 0.990283 0.987395
9 0.512146 0.456933 0.965992 0.376050
9 0.512146 0.906513 0.965992 0.174370
9 0.512146 0.137605 0.965992 0.262605
9 0.512146 0.732143 0.965992 0.174370
0 0.065587 0.400210 0.024291 0.031513
3 0.154656 0.400210 0.080972 0.084034
4 0.276113 0.400210 0.032389 0.042017
3 0.393522 0.400210 0.080972 0.084034
4 0.559514 0.400210 0.032389 0.042017
3 0.276113 0.555672 0.080972 0.084034
4 0.676923 0.400210 0.032389 0.042017
3 0.486640 0.555672 0.080972 0.084034
5 0.393522 0.555672 0.032389 0.042017
3 0.676923 0.906513 0.080972 0.084034
2 0.859109 0.906513 0.022672 0.029412
3 0.676923 0.137605 0.080972 0.084034
3 0.393522 0.732143 0.080972 0.084034
2 0.859109 0.732143 0.022672 0.029412
5 0.745749 0.732143 0.032389 0.042017
12 0.095951 0.400210 0.039676 0.010504
12 0.227530 0.400524 0.068016 0.010504
12 0.276344 0.467437 0.008097 0.096639
12 0.322672 0.400528 0.063968 0.010504
12 0.488664 0.400510 0.112551 0.010504
12 0.677141 0.279412 0.008097 0.203782
12 0.598178 0.258403 0.079757 0.245798
12 0.598178 0.663866 0.079757 0.489496
12 0.677134 0.642857 0.008097 0.447479
12 0.393749 0.633403 0.008097 0.117647
12 0.346964 0.555988 0.063968 0.010504
12 0.427935 0.556005 0.039676 0.010504
12 0.636640 0.633403 0.222267 0.159664
12 0.581781 0.732423 0.298785 0.010504
12 0.804858 0.732395 0.089069 0.010504
12 0.782591 0.906513 0.133603 0.010504
