8 0.244167 0.115333 0.418333 0.170667
9 0.249167 0.178833 0.408333 0.043667
9 0.249167 0.071667 0.408333 0.083333
9 0.249167 0.135167 0.408333 0.043667
3 0.123333 0.183667 0.033333 0.026667
3 0.396667 0.177000 0.033333 0.026667
2 0.433000 0.177000 0.009333 0.009333
0 0.058333 0.045000 0.010000 0.010000
3 0.121667 0.045000 0.033333 0.026667
4 0.155000 0.045000 0.013333 0.013333
3 0.211667 0.045000 0.033333 0.026667
3 0.260000 0.045000 0.033333 0.026667
3 0.308333 0.045000 0.033333 0.026667
3 0.211667 0.078333 0.033333 0.026667
4 0.260000 0.078333 0.013333 0.013333
5 0.083333 0.045000 0.013333 0.013333
4 0.346667 0.061667 0.013333 0.013333
5 0.376667 0.061833 0.013333 0.013333
3 0.260000 0.133333 0.033333 0.026667
