8 0.500000 0.499839 0.991984 0.979340
11 0.011356 0.514059 0.016032 0.161150
9 0.510020 0.242373 0.971944 0.464407
11 0.031396 0.261250 0.016032 0.213941
9 0.510020 0.860776 0.971944 0.257467
11 0.031396 0.883576 0.016032 0.258396
9 0.510020 0.603310 0.971944 0.257467
11 0.031396 0.624883 0.016032 0.244504
3 0.197729 0.194915 0.066800 0.135593
11 0.197729 0.199153 0.060292 0.086441
0 0.074148 0.262712 0.020040 0.050847
11 0.074148 0.329979 0.046056 0.118856
3 0.418170 0.059322 0.066800 0.067797
11 0.418170 0.063559 0.053335 0.086441
5 0.137609 0.262712 0.026720 0.067797
3 0.418170 0.338983 0.066800 0.067797
11 0.418170 0.343220 0.063384 0.086441
4 0.297929 0.194915 0.026720 0.067797
3 0.418170 0.415254 0.066800 0.067797
11 0.418170 0.419492 0.071114 0.086441
5 0.358049 0.338983 0.026720 0.067797
5 0.678691 0.338983 0.026720 0.067797
4 0.748831 0.127119 0.026720 0.067797
4 0.498330 0.415254 0.026720 0.067797
4 0.633522 0.415254 0.026720 0.067797
3 0.570474 0.127119 0.066800 0.067797
11 0.570474 0.131356 0.056427 0.086441
3 0.668671 0.127119 0.066800 0.067797
11 0.668671 0.131356 0.065703 0.086441
5 0.358049 0.127119 0.026720 0.067797
5 0.498330 0.127119 0.026720 0.067797
3 0.418170 0.127119 0.066800 0.067797
11 0.418170 0.131356 0.053335 0.086441
3 0.418170 0.194915 0.066800 0.067797
11 0.418170 0.199153 0.053335 0.086441
3 0.297929 0.884585 0.066800 0.135593
11 0.297929 0.885009 0.087346 0.043220
2 0.955244 0.884585 0.018704 0.047458
11 0.955244 0.937339 0.050308 0.079237
5 0.794896 0.884585 0.026720 0.067797
3 0.879092 0.884585 0.066800 0.135593
11 0.879092 0.892636 0.065703 0.129661
3 0.570474 0.601695 0.080828 0.135593
11 0.570474 0.609746 0.084254 0.129661
13 0.257849 0.195422 0.056112 0.016949
13 0.104208 0.263111 0.042752 0.016949
13 0.151136 0.211864 0.029058 0.040678
13 0.201236 0.590598 0.129259 0.594755
13 0.622372 0.525424 0.025640 0.159322
13 0.468270 0.415782 0.036072 0.016949
13 0.558450 0.339439 0.216433 0.016949
13 0.720608 0.250424 0.059786 0.185593
13 0.778711 0.489327 0.035711 0.729501
13 0.556433 0.884585 0.452879 0.016949
13 0.826974 0.885112 0.040107 0.016949
13 0.929192 0.884585 0.036072 0.016949
13 0.378090 0.339551 0.016032 0.016949
13 0.619572 0.127119 0.034068 0.016949
13 0.718771 0.127646 0.036072 0.016949
13 0.371576 0.394068 0.029058 0.049153
13 0.662954 0.394492 0.034814 0.050000
13 0.378090 0.127687 0.016032 0.016949
13 0.371576 0.177966 0.029058 0.040678
13 0.371576 0.076271 0.029058 0.040678
13 0.468270 0.127646 0.036072 0.016949
13 0.475117 0.177966 0.049766 0.040678
13 0.475117 0.076271 0.049766 0.040678
13 0.524382 0.127663 0.028056 0.016949
13 0.321476 0.284322 0.049098 0.117797
11 0.300229 0.366525 0.067249 0.043220
13 0.321476 0.144974 0.049098 0.038865
11 0.301088 0.108898 0.082708 0.043220
13 0.565926 0.416102 0.111144 0.016949
11 0.524506 0.396186 0.022960 0.043220
13 0.514362 0.525424 0.034068 0.159322
11 0.490304 0.505508 0.014715 0.043220
