8 0.500000 0.500000 0.989189 0.986971
11 0.015315 0.516019 0.021622 0.181550
9 0.513514 0.142237 0.962162 0.271444
11 0.042342 0.148362 0.021622 0.069416
9 0.513514 0.771444 0.962162 0.444083
11 0.042342 0.783537 0.021622 0.137052
9 0.513514 0.413681 0.962162 0.271444
11 0.042342 0.422161 0.021622 0.096114
3 0.441441 0.142237 0.090090 0.086862
11 0.441441 0.142508 0.117799 0.027687
5 0.711712 0.142237 0.036036 0.043431
2 0.841441 0.142237 0.025225 0.030402
11 0.841441 0.167820 0.173919 0.025380
0 0.112613 0.685125 0.027027 0.032573
11 0.112613 0.711794 0.129006 0.025380
4 0.225225 0.685125 0.036036 0.043431
11 0.288610 0.685396 0.119884 0.027687
5 0.279279 0.839305 0.036036 0.043431
3 0.427928 0.741585 0.090090 0.086862
11 0.427928 0.744300 0.077143 0.055375
3 0.427928 0.839305 0.090090 0.086862
11 0.427928 0.842020 0.077143 0.055375
3 0.427928 0.931596 0.090090 0.086862
11 0.427928 0.934311 0.077143 0.055375
5 0.585586 0.839305 0.036036 0.043431
3 0.680180 0.839305 0.090090 0.086862
11 0.680180 0.842020 0.076100 0.055375
3 0.819820 0.839305 0.090090 0.086862
11 0.819820 0.842020 0.088610 0.055375
2 0.922523 0.839305 0.025225 0.030402
3 0.441441 0.614549 0.090090 0.086862
11 0.441441 0.617264 0.085483 0.055375
5 0.306306 0.614549 0.036036 0.043431
4 0.387387 0.413681 0.036036 0.043431
11 0.388288 0.449783 0.104247 0.027687
3 0.513514 0.328990 0.090090 0.086862
11 0.513514 0.331705 0.095907 0.055375
4 0.630631 0.413681 0.036036 0.043431
13 0.166667 0.685384 0.084685 0.010858
13 0.243468 0.773344 0.039189 0.137351
11 0.213063 0.694490 0.021622 0.024919
13 0.331306 0.779587 0.106757 0.080347
13 0.340090 0.839627 0.089189 0.010858
13 0.331306 0.896308 0.106757 0.074919
13 0.619369 0.839656 0.035135 0.010858
13 0.750000 0.839305 0.053153 0.010858
13 0.887387 0.839305 0.048649 0.010858
13 0.529505 0.779587 0.116667 0.080347
13 0.520270 0.839622 0.098198 0.010858
13 0.529505 0.896308 0.116667 0.074919
13 0.360360 0.614876 0.075676 0.010858
13 0.351577 0.367535 0.093243 0.454940
13 0.338063 0.503529 0.066216 0.182953
13 0.427928 0.360478 0.084685 0.067318
11 0.374775 0.380157 0.021622 0.024919
13 0.590090 0.142535 0.210811 0.010858
13 0.509009 0.414224 0.210811 0.010858
11 0.423037 0.401466 0.031660 0.027687
13 0.594820 0.360478 0.076126 0.067318
13 0.680405 0.289088 0.067117 0.254615
13 0.599324 0.389251 0.229279 0.454940
13 0.779279 0.142498 0.102703 0.010858
13 0.257207 0.639251 0.065766 0.052660
11 0.213514 0.647441 0.021622 0.053397
