8 0.500000 0.499746 0.991736 0.987323
9 0.510331 0.271045 0.971074 0.529919
9 0.510331 0.650355 0.971074 0.228702
9 0.510331 0.879057 0.971074 0.228702
0 0.066804 0.120690 0.020661 0.030426
3 0.210887 0.120690 0.068871 0.081136
4 0.290088 0.120690 0.027548 0.040568
3 0.369289 0.120690 0.068871 0.081136
4 0.448490 0.120690 0.027548 0.040568
3 0.527691 0.148580 0.068871 0.081136
3 0.527691 0.046653 0.068871 0.081136
3 0.527691 0.270791 0.068871 0.081136
4 0.634785 0.148580 0.027548 0.040568
3 0.713986 0.148580 0.068871 0.081136
3 0.369289 0.420892 0.068871 0.081136
5 0.121901 0.120690 0.027548 0.040568
3 0.469151 0.420892 0.068871 0.081136
3 0.593216 0.650609 0.068871 0.081136
3 0.208890 0.850913 0.068871 0.081136
3 0.891141 0.850913 0.068871 0.081136
2 0.978595 0.850913 0.019284 0.028398
5 0.828772 0.850913 0.027548 0.040568
13 0.126793 0.120690 0.102071 0.010142
13 0.260818 0.121008 0.033747 0.010142
13 0.319358 0.121011 0.033747 0.010142
13 0.312643 0.280933 0.047176 0.283976
13 0.419220 0.121008 0.033747 0.010142
13 0.471045 0.144777 0.047176 0.011663
13 0.471045 0.205882 0.047176 0.133874
13 0.471045 0.073529 0.047176 0.057809
13 0.598628 0.219828 0.075758 0.105984
13 0.591568 0.148882 0.061639 0.010142
13 0.598628 0.087475 0.075758 0.085700
13 0.664055 0.148901 0.033747 0.010142
13 0.092631 0.120926 0.033747 0.010142
13 0.148350 0.495943 0.054964 0.713996
13 0.419220 0.420892 0.033747 0.010142
13 0.531183 0.535751 0.057949 0.233773
13 0.550015 0.850913 0.616136 0.010142
13 0.680146 0.635903 0.355874 0.434077
13 0.802563 0.499746 0.111039 0.706389
13 0.947265 0.850913 0.046132 0.010142
13 0.728384 0.740619 0.204220 0.184077
11 0.014187 0.499493 0.009642 0.087269
11 0.034848 0.879310 0.009642 0.073411
11 0.034848 0.650101 0.009642 0.068662
11 0.034848 0.270791 0.009642 0.059525
11 0.066960 0.150609 0.060918 0.025558
11 0.211895 0.120284 0.054677 0.072617
11 0.370183 0.120284 0.038374 0.028803
11 0.528587 0.148682 0.044572 0.043408
11 0.528694 0.046247 0.044572 0.043408
11 0.528587 0.270385 0.044572 0.043408
11 0.714187 0.148682 0.044339 0.028803
11 0.370186 0.420487 0.047327 0.028803
11 0.470049 0.420487 0.050545 0.028803
11 0.594016 0.649696 0.050545 0.028803
11 0.208678 0.850507 0.039044 0.028803
11 0.892106 0.850507 0.060886 0.043408
11 0.315981 0.106389 0.010750 0.012170
11 0.281002 0.110446 0.015173 0.012170
11 0.512956 0.406592 0.008006 0.012170
