8 0.324833 0.169667 0.540333 0.249333
9 0.329833 0.085833 0.530333 0.081667
9 0.329833 0.167500 0.530333 0.081667
9 0.329833 0.251333 0.530333 0.086000
0 0.085000 0.085833 0.010000 0.010000
3 0.256667 0.067867 0.033333 0.026667
5 0.111667 0.085833 0.013333 0.013333
4 0.191667 0.085833 0.013333 0.013333
3 0.256667 0.107067 0.033333 0.026667
3 0.351667 0.067867 0.033333 0.026667
3 0.401667 0.067867 0.033333 0.026667
5 0.205000 0.107067 0.013333 0.013333
5 0.316667 0.107067 0.013333 0.013333
4 0.426667 0.107067 0.013333 0.013333
3 0.151667 0.085833 0.033333 0.026667
3 0.301667 0.067867 0.033333 0.026667
3 0.256667 0.167667 0.033333 0.026667
4 0.221667 0.151667 0.013333 0.013333
4 0.291667 0.151667 0.013333 0.013333
3 0.205000 0.249167 0.033333 0.026667
5 0.456667 0.249167 0.013333 0.013333
3 0.521667 0.249167 0.033333 0.026667
2 0.554667 0.249167 0.009333 0.009333
