8 0.500141 0.499754 0.989592 0.987038
9 0.513287 0.219485 0.963300 0.426500
9 0.513287 0.853139 0.963300 0.280269
9 0.513287 0.572870 0.963300 0.280269
0 0.057244 0.107270 0.026293 0.033632
3 0.238050 0.107270 0.087642 0.089686
4 0.343558 0.107270 0.035057 0.044843
3 0.343558 0.359316 0.087642 0.089686
3 0.617227 0.107270 0.087642 0.089686
5 0.343718 0.224866 0.035057 0.044843
3 0.500517 0.224866 0.087642 0.089686
4 0.500517 0.381659 0.035057 0.044843
5 0.146315 0.107270 0.035057 0.044843
3 0.765434 0.107270 0.087642 0.089686
3 0.892468 0.107270 0.087642 0.089686
3 0.146315 0.784580 0.087642 0.089686
5 0.697211 0.781854 0.035057 0.044843
2 0.839744 0.781854 0.024540 0.031390
3 0.500517 0.572870 0.087642 0.089686
12 0.697211 0.224866 0.087642 0.056054
13 0.099589 0.107535 0.061902 0.011211
13 0.303950 0.107619 0.047664 0.011211
13 0.343909 0.280880 0.008764 0.071670
13 0.408971 0.225194 0.098955 0.011211
13 0.467247 0.107578 0.215825 0.011211
13 0.500763 0.466054 0.008764 0.128431
13 0.500517 0.314473 0.008764 0.094013
13 0.179036 0.107633 0.033891 0.011211
13 0.146542 0.434714 0.008764 0.614529
13 0.771107 0.782125 0.116240 0.011211
13 0.434910 0.783497 0.493052 0.011211
13 0.511621 0.593287 0.339630 0.382740
13 0.590100 0.700064 0.182672 0.169186
13 0.608065 0.570826 0.183545 0.381698
13 0.828951 0.107270 0.042897 0.011211
13 0.795059 0.455773 0.198324 0.611804
13 0.344076 0.166068 0.008764 0.077237
13 0.691331 0.107270 0.064070 0.011211
13 0.642439 0.186551 0.025408 0.073360
11 0.018054 0.500000 0.012270 0.199166
11 0.044347 0.572870 0.012270 0.075898
11 0.044347 0.853139 0.012270 0.081147
11 0.044347 0.219731 0.012270 0.065798
11 0.057078 0.148094 0.044042 0.043049
11 0.239710 0.099103 0.060816 0.031839
11 0.344881 0.351345 0.060227 0.031839
11 0.618325 0.107175 0.068717 0.047982
11 0.501612 0.224888 0.068991 0.047982
11 0.765118 0.107175 0.050571 0.031839
11 0.892200 0.107175 0.056425 0.031839
11 0.146363 0.784305 0.049686 0.031839
11 0.839313 0.820740 0.055489 0.043049
11 0.501762 0.572422 0.064321 0.031839
11 0.686701 0.212780 0.053508 0.015695
11 0.450250 0.104821 0.035180 0.028251
11 0.499219 0.465807 0.057159 0.028251
11 0.599591 0.381278 0.059830 0.043049
11 0.342743 0.155269 0.035180 0.028251
