0 0.036378 0.060367 0.023220 0.039370
4 0.282213 0.060367 0.030960 0.052493
3 0.549241 0.060367 0.077399 0.104987
3 0.549241 0.230971 0.077399 0.104987
3 0.549241 0.388451 0.077399 0.104987
3 0.727259 0.060367 0.077399 0.104987
3 0.837940 0.060367 0.077399 0.104987
5 0.209421 0.060367 0.030960 0.052493
3 0.638250 0.939633 0.077399 0.104987
4 0.526021 0.565617 0.030960 0.052493
3 0.384675 0.565617 0.077399 0.104987
3 0.638250 0.742782 0.077399 0.104987
4 0.727259 0.565617 0.030960 0.052493
2 0.964949 0.565617 0.021672 0.036745
3 0.868421 0.565617 0.077399 0.104987
5 0.790579 0.565617 0.030960 0.052493
4 0.762273 0.495313 0.030960 0.052493
3 0.121517 0.060367 0.077399 0.104987
5 0.460471 0.060367 0.030960 0.052493
5 0.638490 0.060367 0.030960 0.052493
13 0.493246 0.060784 0.037686 0.013123
13 0.485580 0.158793 0.053019 0.149606
13 0.485580 0.237533 0.053019 0.307087
13 0.605475 0.060778 0.038165 0.013123
13 0.613496 0.158793 0.054208 0.149606
13 0.613514 0.237533 0.054243 0.307087
13 0.671265 0.060784 0.037686 0.013123
13 0.782600 0.060367 0.036378 0.013123
13 0.404679 0.513123 0.392839 0.858268
13 0.626640 0.566273 0.173375 0.013123
13 0.562979 0.667323 0.076238 0.156168
13 0.702298 0.667323 0.053793 0.156168
13 0.745480 0.530465 0.011966 0.023060
13 0.772685 0.765748 0.194567 0.353018
13 0.930617 0.565617 0.050088 0.013123
13 0.314094 0.326115 0.066858 0.484252
13 0.817890 0.565617 0.026758 0.013123
13 0.784360 0.517670 0.016309 0.048650
13 0.800300 0.290964 0.078376 0.361455
13 0.466958 0.565998 0.090262 0.013123
13 0.371342 0.060367 0.150394 0.013123
13 0.245817 0.060694 0.044928 0.013123
13 0.065402 0.060367 0.037926 0.013123
13 0.177079 0.060780 0.036820 0.013123
11 0.036394 0.099081 0.063501 0.033071
11 0.283064 0.015617 0.050648 0.015748
11 0.549536 0.059843 0.066609 0.037270
11 0.549536 0.230446 0.066609 0.037270
11 0.549536 0.387927 0.066609 0.037270
11 0.728848 0.059843 0.049572 0.056168
11 0.838235 0.059843 0.049830 0.037270
11 0.638545 0.939108 0.043879 0.037270
11 0.527967 0.538189 0.052837 0.050394
11 0.385843 0.565092 0.053188 0.037270
11 0.639714 0.742257 0.056804 0.037270
11 0.965082 0.594357 0.061742 0.015748
11 0.868421 0.565092 0.066355 0.037270
11 0.121517 0.059843 0.057567 0.018373
11 0.556036 0.548425 0.016097 0.015748
11 0.515311 0.575984 0.007401 0.015748
11 0.271206 0.053675 0.016097 0.015748
11 0.307106 0.041864 0.007401 0.015748
