8 0.190333 0.138333 0.360667 0.256667
9 0.200333 0.055000 0.340667 0.090000
9 0.200333 0.141667 0.340667 0.083333
9 0.200333 0.225000 0.340667 0.083333
0 0.045000 0.051667 0.010000 0.010000
3 0.096667 0.051667 0.033333 0.026667
3 0.168000 0.083333 0.033333 0.026667
3 0.168000 0.051667 0.033333 0.026667
3 0.220000 0.050333 0.033333 0.026667
4 0.131667 0.051667 0.013333 0.013333
3 0.266667 0.051667 0.033333 0.026667
2 0.354667 0.051667 0.009333 0.009333
5 0.331667 0.051667 0.013333 0.013333
5 0.066667 0.051667 0.013333 0.013333
4 0.306667 0.051667 0.013333 0.013333
4 0.291667 0.051667 0.013333 0.013333
3 0.254667 0.145333 0.033333 0.026667
3 0.168000 0.144333 0.033333 0.026667
4 0.211667 0.145333 0.013333 0.013333
1 0.254667 0.170000 0.010000 0.010000
3 0.171667 0.230000 0.033333 0.026667
3 0.246667 0.230000 0.033333 0.026667
