8 0.496991 0.229595 0.986906 0.447424
11 0.010141 0.240711 0.014406 0.125973
8 0.496991 0.550482 0.986906 0.183267
11 0.010141 0.563185 0.014406 0.143969
8 0.496991 0.819006 0.986906 0.350012
11 0.010141 0.832431 0.014406 0.152149
0 0.084634 0.110778 0.018007 0.029940
3 0.201945 0.110778 0.085234 0.079840
11 0.201945 0.113273 0.095155 0.050898
4 0.297194 0.110778 0.024010 0.039920
11 0.328501 0.129491 0.075013 0.025449
5 0.120312 0.110778 0.024010 0.039920
3 0.423469 0.110778 0.077431 0.079840
11 0.423469 0.113273 0.074318 0.050898
5 0.510804 0.110778 0.024010 0.039920
3 0.579832 0.110778 0.060024 0.079840
11 0.579832 0.113273 0.055565 0.050898
3 0.579832 0.255489 0.060024 0.079840
11 0.579832 0.257984 0.055565 0.050898
3 0.579832 0.400200 0.060024 0.079840
11 0.579832 0.402695 0.055565 0.050898
3 0.717887 0.110778 0.060024 0.079840
11 0.717887 0.113273 0.050703 0.050898
3 0.804922 0.110778 0.060024 0.079840
11 0.804922 0.113273 0.059038 0.050898
5 0.650684 0.110778 0.024010 0.039920
3 0.297194 0.364606 0.060024 0.079840
11 0.297194 0.367101 0.056954 0.050898
4 0.399025 0.524007 0.024010 0.039920
11 0.448853 0.542720 0.130578 0.025449
3 0.579832 0.524007 0.060024 0.079840
11 0.579832 0.526502 0.063900 0.050898
4 0.717887 0.524007 0.024010 0.039920
4 0.866393 0.524007 0.024010 0.039920
3 0.297194 0.822884 0.060024 0.079840
11 0.297194 0.823134 0.078486 0.025449
4 0.938295 0.683408 0.024010 0.039920
2 0.970645 0.683408 0.016807 0.027944
11 0.970645 0.714471 0.109510 0.046657
13 0.264875 0.110778 0.043028 0.009980
13 0.346976 0.111081 0.077956 0.009980
13 0.536315 0.111094 0.029412 0.009980
13 0.530462 0.193114 0.041116 0.128743
13 0.530462 0.265469 0.041116 0.273453
13 0.480492 0.111103 0.039016 0.009980
13 0.761405 0.110778 0.029412 0.009980
13 0.297356 0.227712 0.006002 0.197939
13 0.624262 0.111090 0.031236 0.009980
13 0.675282 0.111096 0.027587 0.009980
13 0.630414 0.193114 0.043541 0.128743
13 0.630414 0.265469 0.043541 0.273453
13 0.480425 0.524282 0.141191 0.009980
13 0.657863 0.524288 0.098439 0.009980
13 0.558756 0.585378 0.321264 0.086813
13 0.792140 0.524506 0.126897 0.009980
13 0.850813 0.307413 0.034160 0.397260
13 0.101377 0.110778 0.017879 0.009980
13 0.145822 0.111123 0.029412 0.009980
13 0.193897 0.476811 0.148971 0.696138
13 0.632901 0.763126 0.613791 0.123508
13 0.908496 0.593977 0.062599 0.142934
13 0.956271 0.683632 0.014343 0.009980
13 0.342107 0.464516 0.092227 0.123972
