8 0.500000 0.500000 0.988827 0.984252
9 0.513966 0.171916 0.960894 0.328084
9 0.513966 0.500000 0.960894 0.328084
9 0.513966 0.828084 0.960894 0.328084
0 0.075419 0.106299 0.027933 0.039370
3 0.261639 0.106299 0.093110 0.104987
5 0.135940 0.106299 0.037244 0.052493
4 0.401304 0.106299 0.037244 0.052493
3 0.508380 0.106299 0.093110 0.104987
3 0.652700 0.106299 0.093110 0.104987
3 0.787709 0.106299 0.093110 0.104987
3 0.513966 0.237533 0.093110 0.104987
4 0.621043 0.237533 0.037244 0.052493
4 0.749195 0.242854 0.037244 0.052493
3 0.261639 0.400105 0.093110 0.104987
5 0.860731 0.400794 0.037244 0.052493
3 0.948091 0.400794 0.093110 0.104987
2 0.948091 0.523189 0.026071 0.036745
3 0.621043 0.769029 0.093110 0.104987
12 0.103352 0.106600 0.031657 0.013123
12 0.184823 0.106702 0.064246 0.013123
12 0.175745 0.266325 0.082402 0.272808
12 0.345438 0.106342 0.078212 0.013123
12 0.440875 0.106715 0.045624 0.013123
12 0.580540 0.106014 0.054935 0.013123
12 0.720205 0.106299 0.045624 0.013123
12 0.581471 0.237945 0.045624 0.013123
12 0.621287 0.490157 0.009311 0.458005
12 0.890445 0.401229 0.025908 0.013123
12 0.948091 0.479052 0.009311 0.056778
12 0.575151 0.400778 0.537640 0.013123
12 0.731809 0.332615 0.224325 0.142920
12 0.731809 0.332615 0.224325 0.142920
12 0.731809 0.332615 0.224325 0.142920
12 0.434590 0.185039 0.069367 0.110236
12 0.708629 0.519065 0.085787 0.505177
12 0.846335 0.240095 0.027866 0.274154
12 0.814506 0.309029 0.097104 0.136286
12 0.694043 0.250543 0.112480 0.029958
