8 0.499883 0.499998 0.990478 0.989489
11 0.013158 0.512917 0.018576 0.146416
9 0.511493 0.178632 0.967258 0.346757
11 0.036378 0.188385 0.018576 0.110530
9 0.511493 0.424252 0.967258 0.144483
11 0.036378 0.435398 0.018576 0.126320
9 0.511493 0.583184 0.967258 0.173380
11 0.036378 0.594963 0.018576 0.133497
9 0.511493 0.832308 0.967258 0.324869
11 0.036378 0.842821 0.018576 0.119142
9 0.523103 0.727229 0.944038 0.114711
11 0.059598 0.737615 0.018576 0.117707
9 0.523103 0.832308 0.944038 0.095447
11 0.059598 0.842694 0.018576 0.117707
9 0.523103 0.937387 0.944038 0.114711
11 0.059598 0.947773 0.018576 0.117707
0 0.074303 0.127846 0.023220 0.026270
11 0.075077 0.101686 0.096876 0.040937
3 0.213406 0.127846 0.077399 0.070053
11 0.213406 0.130035 0.069858 0.044658
4 0.302415 0.127846 0.030960 0.035026
11 0.344874 0.144264 0.102996 0.022329
3 0.302415 0.250438 0.077399 0.070053
11 0.302415 0.250657 0.106579 0.022329
3 0.449690 0.127846 0.077399 0.070053
11 0.449690 0.130035 0.073441 0.044658
4 0.751548 0.127846 0.030960 0.035026
11 0.811146 0.099168 0.164794 0.022329
3 0.414644 0.250438 0.077399 0.070053
11 0.414644 0.252627 0.072545 0.044658
6 0.414644 0.324869 0.030960 0.035026
6 0.542570 0.250438 0.030960 0.035026
3 0.635449 0.250438 0.077399 0.070053
11 0.635449 0.252627 0.100310 0.044658
6 0.128266 0.127846 0.030960 0.035026
3 0.751548 0.424690 0.077399 0.070053
11 0.751548 0.426879 0.082397 0.044658
3 0.128266 0.605951 0.077399 0.070053
11 0.128266 0.606170 0.101205 0.022329
3 0.844427 0.605951 0.077399 0.070053
11 0.844427 0.610110 0.076128 0.066988
2 0.944272 0.605951 0.021672 0.024518
11 0.944272 0.626584 0.098518 0.020468
6 0.751548 0.605951 0.030960 0.035026
4 0.635449 0.605951 0.030960 0.035026
4 0.751548 0.542032 0.030960 0.035026
3 0.484520 0.737299 0.077399 0.070053
11 0.484520 0.737518 0.103892 0.022329
3 0.484520 0.836252 0.077399 0.070053
11 0.484520 0.838441 0.053737 0.044658
3 0.484520 0.937825 0.077399 0.070053
11 0.484520 0.940014 0.053737 0.044658
13 0.269520 0.128121 0.037926 0.008757
13 0.302637 0.180385 0.007740 0.073555
11 0.291875 0.135429 0.018606 0.020176
13 0.364443 0.128100 0.096192 0.008757
11 0.332976 0.117915 0.027225 0.022443
13 0.612229 0.128081 0.250774 0.008757
13 0.751730 0.267511 0.007740 0.247807
11 0.741057 0.135412 0.018590 0.020134
13 0.128467 0.358142 0.007740 0.429068
13 0.908282 0.605951 0.053406 0.008757
13 0.358529 0.250438 0.037926 0.008757
13 0.415060 0.296410 0.007740 0.025394
13 0.430426 0.539841 0.033885 0.398420
13 0.430426 0.589317 0.033885 0.497373
13 0.430426 0.640103 0.033885 0.598946
13 0.533088 0.502625 0.022833 0.472851
13 0.533282 0.552102 0.023220 0.571804
13 0.533088 0.602888 0.022833 0.673377
13 0.577399 0.250713 0.041796 0.008757
13 0.751548 0.492117 0.007740 0.068305
13 0.159226 0.127998 0.034056 0.008757
13 0.098204 0.127846 0.027678 0.008757
13 0.635652 0.436951 0.007740 0.306476
13 0.393467 0.605951 0.456099 0.008757
13 0.693498 0.606389 0.088235 0.008757
13 0.785217 0.606389 0.039474 0.008757
13 0.751548 0.573991 0.007740 0.032396
13 0.790613 0.335508 0.051900 0.417950
11 0.782176 0.117995 0.027200 0.022329
