8 0.500000 0.500000 0.988930 0.992643
11 0.015683 0.510997 0.022140 0.124630
9 0.513838 0.207541 0.961255 0.407725
9 0.513838 0.792459 0.961255 0.407725
11 0.043358 0.795917 0.022140 0.039198
9 0.513838 0.500000 0.961255 0.177192
11 0.043358 0.510553 0.022140 0.119605
0 0.047048 0.114040 0.027675 0.018394
3 0.259225 0.074188 0.092251 0.049050
11 0.259225 0.075720 0.076858 0.031269
4 0.397601 0.074188 0.036900 0.024525
11 0.441447 0.085684 0.102478 0.015635
3 0.660517 0.064991 0.092251 0.049050
11 0.660517 0.066524 0.087533 0.031269
5 0.120849 0.114040 0.036900 0.024525
3 0.507380 0.129368 0.092251 0.049050
11 0.507380 0.130901 0.073656 0.031269
3 0.507380 0.207848 0.092251 0.049050
11 0.507380 0.209381 0.077926 0.031269
4 0.785055 0.064991 0.036900 0.024525
11 0.830324 0.076487 0.106748 0.015635
4 0.688192 0.264255 0.036900 0.024525
11 0.748050 0.275751 0.150514 0.015635
3 0.535978 0.628449 0.092251 0.049050
11 0.535978 0.629982 0.090735 0.031269
3 0.286900 0.628449 0.092251 0.049050
11 0.286900 0.628602 0.120625 0.015635
3 0.854244 0.628449 0.092251 0.049050
11 0.854244 0.628602 0.071521 0.015635
5 0.688192 0.628449 0.036900 0.024525
11 0.756589 0.639945 0.176133 0.015635
2 0.945572 0.676885 0.025830 0.017167
3 0.909594 0.478234 0.092251 0.049050
11 0.909594 0.478387 0.121692 0.015635
4 0.785055 0.478234 0.036900 0.024525
11 0.834594 0.489730 0.119557 0.015635
13 0.342251 0.074371 0.077491 0.006131
13 0.515221 0.069742 0.202030 0.011956
11 0.455100 0.067290 0.095005 0.015635
13 0.167205 0.087983 0.095480 0.030043
13 0.081642 0.114183 0.045203 0.006131
13 0.429889 0.107909 0.066421 0.045371
11 0.385609 0.067788 0.022140 0.091462
13 0.507380 0.168608 0.009225 0.031882
13 0.736624 0.065177 0.063653 0.006131
13 0.856550 0.259503 0.109779 0.390865
11 0.838996 0.058093 0.084331 0.015635
13 0.181042 0.377376 0.123155 0.504598
13 0.411439 0.628449 0.160517 0.006131
13 0.625923 0.628629 0.091328 0.006131
13 0.621079 0.229920 0.138838 0.046597
13 0.757380 0.628628 0.105166 0.006131
13 0.922970 0.648375 0.048893 0.042305
13 0.785517 0.271613 0.009225 0.391171
11 0.772601 0.054907 0.022140 0.118599
13 0.833487 0.478422 0.063653 0.006131
13 0.688653 0.446352 0.009225 0.342121
13 0.736624 0.371551 0.063653 0.216432
