8 0.500100 0.500000 0.992053 0.986079
9 0.510283 0.254183 0.971686 0.494445
9 0.510283 0.602211 0.971686 0.201611
9 0.510283 0.848028 0.971686 0.290023
0 0.065173 0.312533 0.020367 0.034803
3 0.139851 0.312533 0.067889 0.092807
5 0.340122 0.311714 0.027155 0.046404
3 0.417515 0.311714 0.067889 0.092807
3 0.418194 0.201962 0.067889 0.092807
3 0.418194 0.428180 0.067889 0.092807
5 0.495587 0.312065 0.027155 0.046404
3 0.573659 0.312065 0.067889 0.092807
4 0.268839 0.311479 0.027155 0.046404
4 0.651731 0.312065 0.027155 0.046404
3 0.422267 0.065313 0.067889 0.092807
4 0.709437 0.311479 0.027155 0.046404
5 0.211134 0.311767 0.027155 0.046404
3 0.709437 0.602334 0.067889 0.092807
4 0.787508 0.602334 0.027155 0.046404
3 0.422267 0.846974 0.067889 0.092807
3 0.865580 0.846974 0.067889 0.092807
2 0.939579 0.846974 0.019009 0.032483
5 0.787508 0.847027 0.027155 0.046404
11 0.315513 0.139269 0.067889 0.030162
11 0.292600 0.357309 0.067889 0.030162
11 0.808384 0.242054 0.067889 0.045603
11 0.752525 0.414259 0.054745 0.030162
12 0.090631 0.312533 0.033265 0.011601
12 0.368635 0.312082 0.032587 0.011601
12 0.362356 0.245237 0.046504 0.091190
12 0.362356 0.381548 0.046504 0.097905
12 0.466735 0.312528 0.033265 0.011601
12 0.473863 0.381724 0.046164 0.097554
12 0.473863 0.245413 0.046164 0.091541
12 0.524440 0.312432 0.033265 0.011601
12 0.299898 0.590971 0.179566 0.516646
12 0.185675 0.312227 0.026477 0.011601
12 0.239986 0.312356 0.033265 0.011601
12 0.622878 0.312429 0.033265 0.011601
12 0.304481 0.311887 0.046843 0.011601
12 0.289075 0.327111 0.033098 0.034874
12 0.328751 0.176795 0.121860 0.227605
12 0.275818 0.156217 0.014216 0.036035
12 0.553971 0.177088 0.198235 0.228190
12 0.680584 0.312356 0.033265 0.011601
12 0.615071 0.847336 0.320434 0.011601
12 0.758656 0.602698 0.033265 0.011601
12 0.787679 0.724680 0.006789 0.202930
12 0.771356 0.280117 0.008883 0.068526
12 0.709620 0.445306 0.006789 0.225889
12 0.717451 0.429885 0.018119 0.034944
12 0.755261 0.445596 0.067210 0.271713
12 0.816361 0.847409 0.033265 0.011601
12 0.914800 0.846974 0.033265 0.011601
