8 0.500000 0.500000 0.988083 0.986014
11 0.016882 0.533548 0.023833 0.380207
9 0.514896 0.847319 0.958292 0.291375
11 0.046673 0.862997 0.023833 0.177685
9 0.514896 0.208625 0.958292 0.403263
11 0.046673 0.221605 0.023833 0.147115
9 0.514896 0.555944 0.958292 0.291375
11 0.046673 0.570779 0.023833 0.168132
3 0.159880 0.847319 0.099305 0.093240
11 0.159880 0.847611 0.129848 0.029720
2 0.846574 0.792541 0.027805 0.032634
11 0.846574 0.820003 0.191708 0.027244
0 0.095333 0.152681 0.029791 0.034965
11 0.095333 0.181308 0.206455 0.027244
4 0.253227 0.152681 0.039722 0.046620
4 0.253227 0.152681 0.039722 0.046620
11 0.264151 0.109848 0.113761 0.029720
3 0.367428 0.152681 0.099305 0.093240
11 0.367428 0.160839 0.085033 0.118881
3 0.367428 0.331002 0.099305 0.093240
11 0.367428 0.339161 0.094226 0.118881
3 0.585899 0.152681 0.099305 0.093240
11 0.585899 0.158217 0.095375 0.089161
3 0.730884 0.152918 0.099305 0.093240
11 0.730884 0.158454 0.097673 0.089161
4 0.846077 0.327506 0.039722 0.046620
5 0.159880 0.152918 0.039722 0.046620
4 0.483615 0.331002 0.039722 0.046620
11 0.504001 0.352855 0.031834 0.029720
4 0.651440 0.328089 0.039722 0.046620
3 0.483615 0.554779 0.099305 0.093240
11 0.483615 0.557692 0.105717 0.059441
5 0.848560 0.572261 0.039722 0.046620
13 0.125124 0.153056 0.033763 0.011655
13 0.295432 0.153050 0.048659 0.011655
11 0.285871 0.139413 0.021927 0.029828
13 0.658391 0.152799 0.049652 0.011655
13 0.285750 0.253497 0.068024 0.159674
11 0.235168 0.240258 0.034133 0.029720
13 0.813555 0.228557 0.070010 0.155940
13 0.206554 0.153383 0.057597 0.011655
13 0.160377 0.488464 0.009930 0.629133
13 0.440417 0.331367 0.050645 0.011655
13 0.847574 0.449883 0.009930 0.202797
13 0.519116 0.710082 0.623139 0.279138
13 0.848005 0.685897 0.009930 0.185315
13 0.476663 0.152681 0.123138 0.011655
13 0.748759 0.328381 0.158888 0.011655
13 0.592602 0.453089 0.122642 0.208042
13 0.483890 0.431235 0.009930 0.158508
11 0.470125 0.341365 0.023859 0.024915
13 0.567527 0.329796 0.132075 0.011655
11 0.522411 0.317744 0.034176 0.029922
