8 0.500000 0.500000 0.988024 0.975806
9 0.514970 0.882056 0.958084 0.211694
9 0.514970 0.636089 0.958084 0.280242
9 0.514970 0.254032 0.958084 0.483871
3 0.442116 0.883065 0.099800 0.161290
3 0.591816 0.883065 0.099800 0.161290
4 0.430140 0.637097 0.039920 0.080645
3 0.564870 0.637097 0.099800 0.161290
4 0.699601 0.637097 0.039920 0.080645
0 0.080838 0.153226 0.029940 0.060484
3 0.175649 0.153226 0.099800 0.161290
4 0.310379 0.153226 0.039920 0.080645
3 0.699601 0.153226 0.099800 0.161290
3 0.564870 0.153226 0.099800 0.161290
3 0.699601 0.364919 0.099800 0.161290
3 0.430140 0.364919 0.099800 0.161290
2 0.843313 0.153226 0.027944 0.056452
2 0.843313 0.364919 0.027944 0.056452
13 0.110778 0.153226 0.033932 0.020161
13 0.257984 0.153226 0.068862 0.020161
13 0.632236 0.152218 0.038922 0.020161
13 0.345559 0.279234 0.073353 0.179435
13 0.564870 0.364919 0.173653 0.020161
13 0.789421 0.153226 0.083832 0.020161
13 0.482535 0.637715 0.068862 0.020161
13 0.430639 0.523185 0.009980 0.155242
13 0.647206 0.637097 0.068862 0.020161
13 0.700100 0.521169 0.009980 0.159274
13 0.422655 0.153226 0.188623 0.020161
11 0.050499 0.254032 0.013972 0.118329
11 0.050499 0.636089 0.013972 0.084047
11 0.050499 0.882056 0.013972 0.063902
11 0.442116 0.882258 0.056578 0.057258
11 0.591816 0.882258 0.064901 0.086290
11 0.566378 0.636290 0.073244 0.057258
11 0.176982 0.152419 0.061252 0.057258
11 0.699601 0.152419 0.064252 0.057258
11 0.566373 0.152419 0.055608 0.057258
11 0.699601 0.364113 0.057251 0.057258
11 0.431646 0.364113 0.068582 0.057258
