8 0.159000 0.144000 0.318000 0.198000
9 0.164000 0.123167 0.308000 0.068333
9 0.164000 0.067000 0.308000 0.044000
9 0.164000 0.217667 0.308000 0.050667
9 0.164000 0.174833 0.308000 0.035000
0 0.025000 0.114333 0.010000 0.010000
4 0.076667 0.114333 0.013333 0.013333
3 0.115333 0.103333 0.037000 0.026667
3 0.115333 0.129000 0.037000 0.018333
4 0.146667 0.129167 0.013333 0.013333
4 0.191667 0.129167 0.013333 0.013333
3 0.166500 0.103333 0.040667 0.026667
4 0.206667 0.114333 0.013333 0.013333
5 0.056667 0.114333 0.013333 0.013333
5 0.226667 0.114333 0.013333 0.013333
3 0.115333 0.067000 0.033333 0.026667
3 0.115333 0.217667 0.033333 0.026667
3 0.261667 0.217667 0.033333 0.026667
2 0.294667 0.217667 0.009333 0.009333
3 0.166500 0.174833 0.033333 0.018333
