8 0.500056 0.499603 0.990796 0.974766
9 0.511702 0.268910 0.967504 0.513381
9 0.511702 0.640947 0.967504 0.230692
9 0.511702 0.871640 0.967504 0.230692
0 0.051242 0.160896 0.023292 0.061100
3 0.136646 0.160896 0.077640 0.162933
4 0.304231 0.160896 0.031056 0.081466
3 0.406056 0.160896 0.077640 0.162933
3 0.518634 0.160896 0.077640 0.162933
3 0.631211 0.160896 0.077640 0.162933
3 0.406056 0.426375 0.077640 0.162933
4 0.495342 0.426375 0.031056 0.081466
5 0.225932 0.160896 0.031056 0.081466
4 0.671219 0.426375 0.031056 0.081466
4 0.720497 0.160896 0.031056 0.081466
3 0.586005 0.648167 0.077640 0.162933
3 0.406056 0.872383 0.077640 0.162933
3 0.865019 0.872383 0.077640 0.162933
5 0.764224 0.872383 0.031056 0.081466
2 0.949647 0.872383 0.021739 0.057026
13 0.080357 0.160896 0.038043 0.020367
13 0.343498 0.161524 0.050582 0.020367
13 0.462345 0.160896 0.038043 0.020367
13 0.574922 0.160896 0.038043 0.020367
13 0.335928 0.314002 0.065722 0.232892
13 0.462345 0.427014 0.038043 0.020367
13 0.192935 0.161535 0.038043 0.020367
13 0.296778 0.537006 0.144022 0.678900
13 0.265082 0.161914 0.050349 0.020367
13 0.596786 0.873427 0.306925 0.020367
13 0.583280 0.427393 0.147927 0.020367
13 0.648216 0.557637 0.049887 0.189206
13 0.521458 0.557637 0.054561 0.189206
13 0.802976 0.873012 0.049554 0.020367
13 0.687500 0.161535 0.038043 0.020367
13 0.705726 0.316268 0.038275 0.235529
13 0.750682 0.500038 0.032419 0.684393
13 0.921308 0.872383 0.038043 0.020367
11 0.015994 0.500000 0.010870 0.304075
11 0.039286 0.870672 0.010870 0.147419
11 0.039286 0.640530 0.010870 0.137884
11 0.039286 0.268839 0.010870 0.119534
11 0.051000 0.092668 0.039887 0.051324
11 0.136646 0.160081 0.062404 0.028513
11 0.307581 0.075153 0.046839 0.024440
11 0.407224 0.160081 0.049738 0.057841
11 0.518634 0.160081 0.044799 0.057841
11 0.631211 0.160081 0.049985 0.057841
11 0.407228 0.424847 0.053353 0.087169
11 0.495038 0.343177 0.050636 0.051324
11 0.587353 0.646843 0.056980 0.057841
11 0.406056 0.870876 0.044015 0.057841
11 0.864907 0.870876 0.050490 0.057841
11 0.949267 0.805499 0.049156 0.051324
11 0.342962 0.121181 0.031165 0.051324
11 0.289269 0.074338 0.047482 0.051324
11 0.525864 0.398982 0.017566 0.024440
11 0.485103 0.441752 0.009026 0.024440
