8 0.500000 0.500000 0.989856 0.986755
9 0.512680 0.855408 0.964497 0.275938
9 0.512680 0.224062 0.964497 0.434879
9 0.512680 0.579470 0.964497 0.275938
3 0.381234 0.794702 0.084531 0.088300
3 0.860524 0.793598 0.084531 0.088300
2 0.952663 0.793598 0.023669 0.030905
0 0.093829 0.105960 0.025359 0.033113
3 0.199493 0.105960 0.084531 0.088300
4 0.351648 0.105960 0.033812 0.044150
3 0.500423 0.105960 0.084531 0.088300
3 0.605241 0.105960 0.084531 0.088300
5 0.296703 0.105960 0.033812 0.044150
3 0.440406 0.266004 0.084531 0.088300
4 0.537616 0.266004 0.033812 0.044150
4 0.719358 0.266004 0.033812 0.044150
4 0.719358 0.105960 0.033812 0.044150
5 0.798817 0.105960 0.033812 0.044150
3 0.619611 0.532009 0.084531 0.088300
13 0.131868 0.105960 0.054100 0.011038
13 0.552832 0.105960 0.023669 0.011038
13 0.413356 0.106284 0.092984 0.011038
13 0.260778 0.106307 0.041420 0.011038
13 0.324176 0.106512 0.024514 0.011038
13 0.318047 0.461369 0.045224 0.671082
13 0.375106 0.197020 0.049451 0.142384
13 0.501691 0.266351 0.041420 0.011038
13 0.628487 0.266556 0.151310 0.011038
13 0.690828 0.410044 0.061285 0.248344
13 0.674979 0.106296 0.058326 0.011038
13 0.719780 0.185982 0.008453 0.120309
13 0.759087 0.106512 0.049028 0.011038
13 0.611369 0.461369 0.379121 0.671082
13 0.921809 0.793598 0.041420 0.011038
13 0.838123 0.427980 0.048183 0.647351
13 0.557692 0.410044 0.042688 0.248344
11 0.011327 0.500000 0.011834 0.047858
11 0.042773 0.579470 0.011834 0.074725
11 0.042773 0.224062 0.011834 0.064781
11 0.036686 0.855408 0.011834 0.079893
11 0.381234 0.794260 0.047922 0.031347
11 0.860524 0.793157 0.054971 0.047241
11 0.095421 0.138521 0.045449 0.027815
11 0.200906 0.105519 0.056966 0.031347
11 0.501696 0.105519 0.047100 0.031347
11 0.606518 0.105519 0.071072 0.047241
11 0.441682 0.265563 0.058089 0.031347
11 0.620888 0.531567 0.062038 0.031347
11 0.411269 0.090397 0.065142 0.013245
11 0.527585 0.148455 0.057706 0.027815
