8 0.500000 0.500000 0.984791 0.982275
11 0.021546 0.521793 0.030418 0.246982
9 0.519011 0.254062 0.946768 0.490399
11 0.059569 0.270513 0.030418 0.186448
9 0.519011 0.598966 0.946768 0.199409
11 0.059569 0.618836 0.030418 0.225190
9 0.519011 0.844904 0.946768 0.292467
11 0.059569 0.863705 0.030418 0.213083
0 0.074778 0.119645 0.038023 0.044313
11 0.074778 0.155927 0.244677 0.034527
4 0.318124 0.119645 0.050697 0.059084
11 0.419428 0.147341 0.263987 0.037666
5 0.185044 0.119645 0.050697 0.059084
3 0.622307 0.119645 0.126743 0.118168
11 0.622307 0.126662 0.165725 0.112999
3 0.622307 0.333826 0.126743 0.118168
11 0.622307 0.337518 0.120261 0.075332
2 0.880862 0.333826 0.035488 0.041359
11 0.880862 0.368630 0.164014 0.034527
5 0.425856 0.333826 0.050697 0.059084
5 0.768061 0.333826 0.050697 0.059084
3 0.806084 0.119645 0.126743 0.118168
11 0.806084 0.123338 0.124661 0.075332
3 0.185044 0.584934 0.126743 0.118168
11 0.185044 0.588626 0.104128 0.075332
2 0.880862 0.584934 0.035488 0.041359
11 0.880862 0.619738 0.178802 0.034527
4 0.425856 0.769572 0.050697 0.059084
11 0.526181 0.797267 0.261054 0.037666
3 0.425856 0.909897 0.126743 0.118168
11 0.425856 0.913589 0.134927 0.075332
4 0.768061 0.769572 0.050697 0.059084
13 0.451204 0.120062 0.220532 0.014771
11 0.433603 0.102290 0.028897 0.037666
13 0.185382 0.337518 0.012674 0.382570
13 0.251584 0.120384 0.087452 0.014771
13 0.126743 0.119645 0.070976 0.014771
13 0.359632 0.241876 0.086819 0.191285
13 0.505070 0.334268 0.112801 0.014771
13 0.426489 0.551699 0.012674 0.382570
13 0.426241 0.824963 0.012674 0.057607
11 0.408525 0.782388 0.030490 0.034098
13 0.596958 0.770310 0.296578 0.014771
11 0.565202 0.752216 0.044541 0.037666
13 0.628961 0.854505 0.284537 0.116691
13 0.768695 0.551699 0.012674 0.382570
13 0.714195 0.334289 0.062104 0.014771
13 0.828264 0.334172 0.074778 0.014771
13 0.714195 0.119645 0.062104 0.014771
