8 0.500041 0.499643 0.990222 0.980882
9 0.512366 0.291554 0.965571 0.564704
9 0.512366 0.896296 0.965571 0.187577
9 0.512366 0.688207 0.965571 0.228601
0 0.091208 0.105828 0.024651 0.046012
3 0.206245 0.105828 0.082169 0.122699
4 0.300740 0.105828 0.032868 0.061350
3 0.452753 0.105828 0.082169 0.122699
5 0.709121 0.105828 0.032868 0.061350
3 0.571898 0.105828 0.082169 0.122699
3 0.691044 0.105828 0.082169 0.122699
3 0.452753 0.290021 0.082169 0.122699
5 0.300740 0.228528 0.032868 0.061350
5 0.134347 0.105828 0.032868 0.061350
4 0.547247 0.443538 0.032868 0.061350
5 0.904684 0.106127 0.032868 0.061350
3 0.452753 0.443538 0.082169 0.122699
5 0.834840 0.228528 0.032868 0.061350
4 0.834840 0.105828 0.032868 0.061350
2 0.946672 0.106686 0.023007 0.042945
4 0.835579 0.443538 0.032868 0.061350
3 0.694371 0.895992 0.082169 0.122699
3 0.694371 0.704275 0.082169 0.122699
13 0.110723 0.106172 0.017666 0.015337
13 0.771980 0.106595 0.096138 0.015337
13 0.265818 0.105828 0.040263 0.015337
13 0.364421 0.106275 0.097781 0.015337
13 0.512325 0.105828 0.040263 0.015337
13 0.631471 0.105828 0.040263 0.015337
13 0.356409 0.351370 0.113804 0.190471
13 0.157970 0.106346 0.017666 0.015337
13 0.394022 0.516248 0.521815 0.765624
13 0.600472 0.589244 0.108915 0.236196
13 0.928143 0.106779 0.017338 0.015337
13 0.820275 0.516397 0.172926 0.765325
13 0.356409 0.274612 0.113804 0.036953
13 0.512325 0.444020 0.040263 0.015337
13 0.785699 0.589244 0.103774 0.236196
13 0.664544 0.274612 0.344700 0.036953
13 0.869762 0.106743 0.040263 0.015337
13 0.835251 0.167178 0.008217 0.067485
13 0.835762 0.336033 0.008217 0.159796
13 0.691413 0.444305 0.258751 0.015337
13 0.301150 0.167178 0.008217 0.067485
11 0.016927 0.500000 0.011504 0.123316
11 0.041578 0.687883 0.011504 0.103836
11 0.035661 0.895706 0.011504 0.111017
11 0.041578 0.291411 0.011504 0.084383
11 0.091002 0.151074 0.075185 0.038650
11 0.206245 0.105215 0.055626 0.065644
11 0.453990 0.105215 0.045784 0.043558
11 0.571898 0.105215 0.047413 0.043558
11 0.691044 0.105215 0.052901 0.043558
11 0.453993 0.289264 0.056466 0.043558
11 0.452753 0.442638 0.068775 0.043558
11 0.946308 0.151074 0.052024 0.038650
11 0.694330 0.895092 0.046583 0.043558
11 0.695572 0.703374 0.060305 0.043558
11 0.357687 0.084202 0.061306 0.018405
11 0.289955 0.085736 0.024445 0.018405
