0 0.010000 0.070023 0.010000 0.010000
4 0.120310 0.025000 0.013333 0.013333
3 0.231813 0.025000 0.033333 0.026667
3 0.120310 0.070023 0.033333 0.026667
3 0.280147 0.025000 0.033333 0.026667
3 0.328480 0.025000 0.033333 0.026667
4 0.216480 0.070023 0.013333 0.013333
3 0.272647 0.070023 0.033333 0.026667
5 0.056833 0.070023 0.013333 0.013333
3 0.119643 0.112357 0.033333 0.026667
4 0.318480 0.070023 0.013333 0.013333
5 0.435813 0.071953 0.013333 0.013333
3 0.491087 0.071953 0.033333 0.026667
2 0.544360 0.071953 0.009333 0.009333
3 0.088572 0.025167 0.033333 0.026667
3 0.171467 0.070023 0.038980 0.026667
4 0.387147 0.025000 0.013333 0.013333
