8 0.232617 0.186917 0.455233 0.208833
9 0.237617 0.101583 0.445233 0.038167
9 0.237617 0.186917 0.445233 0.132500
9 0.237617 0.272250 0.445233 0.038167
3 0.186667 0.101500 0.033333 0.026667
3 0.226667 0.178333 0.033333 0.026667
0 0.030000 0.197000 0.010000 0.010000
3 0.061667 0.197000 0.033333 0.026667
4 0.105000 0.197000 0.013333 0.013333
3 0.186667 0.143333 0.033333 0.026667
4 0.133333 0.143333 0.013333 0.013333
3 0.161667 0.209333 0.033333 0.026667
5 0.191667 0.209333 0.013333 0.013333
3 0.226667 0.209333 0.033333 0.026667
5 0.271667 0.209333 0.013333 0.013333
3 0.310000 0.209333 0.033333 0.026667
3 0.358333 0.143333 0.033333 0.026667
3 0.226667 0.238333 0.033333 0.026667
2 0.440267 0.209333 0.009333 0.009333
4 0.225000 0.143333 0.013333 0.013333
3 0.404667 0.209333 0.033333 0.026667
3 0.061667 0.272167 0.033333 0.026667
3 0.310000 0.272167 0.033333 0.026667
4 0.358333 0.272167 0.013333 0.013333
11 0.133333 0.222730 0.033333 0.016667
11 0.133333 0.165633 0.033333 0.016667
