3 0.317941 0.350626 0.075700 0.143113
3 0.459363 0.350626 0.075700 0.143113
3 0.459363 0.516507 0.075700 0.143113
3 0.459363 0.703529 0.075700 0.143113
3 0.598376 0.362010 0.075700 0.143113
5 0.393641 0.365263 0.030280 0.071556
3 0.219531 0.917157 0.075700 0.143113
3 0.891980 0.585624 0.075700 0.143113
3 0.708141 0.362010 0.075700 0.143113
0 0.030280 0.127013 0.022710 0.053667
3 0.136260 0.127013 0.075700 0.143113
3 0.306586 0.127013 0.075700 0.143113
4 0.219531 0.127013 0.030280 0.071556
3 0.438717 0.118068 0.075700 0.143113
4 0.372307 0.127013 0.030280 0.071556
5 0.528043 0.365263 0.030280 0.071556
2 0.958571 0.585624 0.021196 0.050089
5 0.066754 0.118068 0.030280 0.071556
12 0.188920 0.125185 0.031244 0.017889
12 0.252742 0.128573 0.035015 0.017889
12 0.250000 0.256708 0.063210 0.194991
12 0.367236 0.370803 0.025917 0.017889
12 0.653259 0.362010 0.037093 0.017889
12 0.350802 0.127611 0.015759 0.017889
12 0.350802 0.127611 0.015759 0.017889
12 0.394157 0.122987 0.016448 0.017889
12 0.415405 0.368130 0.015244 0.017889
12 0.504731 0.357358 0.018064 0.019387
12 0.552621 0.363474 0.018669 0.017889
12 0.089500 0.127013 0.020849 0.017889
12 0.046864 0.118068 0.013485 0.017889
12 0.408426 0.916261 0.305119 0.017889
12 0.124081 0.535499 0.118227 0.770473
12 0.662799 0.364692 0.375492 0.500368
12 0.598178 0.224934 0.412926 0.055255
12 0.407271 0.554223 0.031512 0.312634
12 0.407910 0.471693 0.030233 0.148459
12 0.513058 0.552824 0.034718 0.308565
12 0.510030 0.454841 0.028662 0.130488
