0 0.038140 0.512755 0.027907 0.076531
11 0.038140 0.575415 0.100645 0.059630
5 0.140465 0.512755 0.037209 0.102041
3 0.140465 0.882653 0.093023 0.204082
11 0.140465 0.889031 0.088266 0.130102
3 0.140465 0.117347 0.093023 0.204082
11 0.140465 0.123724 0.086113 0.130102
5 0.247442 0.117347 0.037209 0.102041
3 0.354419 0.117347 0.093023 0.204082
11 0.354419 0.129464 0.088266 0.195153
3 0.489302 0.117347 0.093023 0.204082
11 0.489302 0.129464 0.079654 0.195153
3 0.354419 0.423469 0.093023 0.204082
11 0.354419 0.435587 0.088266 0.195153
3 0.489302 0.423469 0.093023 0.204082
11 0.489302 0.435587 0.079654 0.195153
3 0.354419 0.729592 0.093023 0.204082
11 0.354419 0.741709 0.088266 0.195153
3 0.489302 0.729592 0.093023 0.204082
11 0.489302 0.741709 0.079654 0.195153
5 0.596279 0.423469 0.037209 0.102041
5 0.596279 0.423469 0.037209 0.102041
3 0.703256 0.423469 0.093023 0.204082
11 0.703256 0.429847 0.078578 0.130102
3 0.838140 0.423469 0.093023 0.204082
11 0.838140 0.429847 0.091495 0.130102
2 0.958140 0.423469 0.026047 0.071429
11 0.958140 0.483578 0.110512 0.059630
13 0.086977 0.513361 0.073488 0.025510
13 0.140727 0.340561 0.009302 0.252551
11 0.146047 0.347577 0.109794 0.065051
13 0.140465 0.672194 0.009302 0.227041
11 0.146047 0.653699 0.107641 0.065051
13 0.207907 0.118148 0.045581 0.025510
13 0.286977 0.118155 0.045581 0.025510
13 0.421860 0.117347 0.045581 0.025510
13 0.277907 0.295918 0.063721 0.265306
13 0.421860 0.423469 0.045581 0.025510
13 0.277907 0.448980 0.063721 0.571429
13 0.421860 0.729592 0.045581 0.025510
13 0.556744 0.424270 0.045581 0.025510
13 0.566279 0.602041 0.064651 0.265306
13 0.567209 0.242347 0.066512 0.260204
13 0.635814 0.424277 0.045581 0.025510
13 0.770698 0.423469 0.045581 0.025510
13 0.914419 0.422174 0.063256 0.025510
