8 0.469962 0.492841 0.931790 0.547099
11 0.010951 0.498618 0.015019 0.065473
8 0.500084 0.098719 0.992659 0.188395
11 0.010638 0.106131 0.015019 0.084003
8 0.470275 0.901281 0.931790 0.188395
11 0.011264 0.911309 0.015019 0.113651
9 0.479349 0.313489 0.913016 0.188395
11 0.029725 0.321882 0.015019 0.095121
9 0.479349 0.501884 0.913016 0.188395
11 0.029725 0.511476 0.015019 0.108709
9 0.479349 0.681236 0.913016 0.170309
11 0.029725 0.693771 0.015019 0.142063
0 0.055069 0.313489 0.018773 0.022607
3 0.123905 0.313489 0.062578 0.060286
11 0.123905 0.313677 0.068791 0.019216
4 0.244163 0.313489 0.025031 0.030143
11 0.294663 0.327619 0.131790 0.019216
3 0.361702 0.260739 0.062578 0.060286
11 0.361702 0.262622 0.052861 0.038433
3 0.544743 0.260739 0.062578 0.060286
11 0.544743 0.262622 0.068791 0.038433
3 0.724656 0.260739 0.062578 0.060286
11 0.724656 0.260927 0.081101 0.019216
3 0.821652 0.260739 0.062578 0.060286
11 0.821652 0.262622 0.053585 0.038433
3 0.358573 0.362472 0.062578 0.060286
11 0.358573 0.364356 0.073860 0.038433
1 0.452597 0.260739 0.018773 0.022607
11 0.452597 0.279248 0.130100 0.017615
5 0.184874 0.313680 0.025031 0.030143
5 0.611751 0.260739 0.025031 0.030143
3 0.544743 0.492841 0.062578 0.060286
11 0.544743 0.494725 0.066619 0.038433
3 0.635795 0.492841 0.062578 0.060286
11 0.635795 0.494725 0.052861 0.038433
3 0.754194 0.492841 0.062578 0.060286
11 0.754194 0.494725 0.053585 0.038433
5 0.826378 0.492841 0.025031 0.030143
3 0.184874 0.681236 0.062578 0.060286
11 0.184874 0.681424 0.081825 0.019216
2 0.880723 0.681236 0.017522 0.021100
4 0.821652 0.681236 0.025031 0.030143
3 0.452441 0.125094 0.062578 0.060286
11 0.452441 0.125283 0.076033 0.019216
3 0.544743 0.125094 0.062578 0.060286
11 0.544743 0.126978 0.043447 0.038433
3 0.867678 0.125094 0.062578 0.060286
11 0.867678 0.126978 0.053585 0.038433
0 0.361702 0.125094 0.018773 0.022607
11 0.362328 0.105171 0.077662 0.017615
1 0.633917 0.125094 0.018773 0.022607
11 0.634543 0.105171 0.114169 0.017615
1 0.762772 0.125094 0.018773 0.022607
11 0.763398 0.105171 0.076334 0.017615
1 0.763056 0.046806 0.018773 0.022607
11 0.763056 0.065316 0.031861 0.017615
2 0.809364 0.046806 0.017522 0.021100
2 0.935888 0.125094 0.017522 0.021100
3 0.545056 0.901281 0.062578 0.060286
11 0.545056 0.903165 0.049964 0.038433
3 0.635795 0.901281 0.062578 0.060286
11 0.635795 0.903165 0.043447 0.038433
3 0.746558 0.901281 0.062578 0.060286
11 0.746558 0.901469 0.078929 0.019216
13 0.078536 0.313489 0.030663 0.007536
13 0.163776 0.313858 0.019667 0.007536
13 0.498592 0.125094 0.032228 0.007536
13 0.587634 0.260979 0.025706 0.007536
13 0.581527 0.369254 0.058127 0.189902
13 0.544900 0.697061 0.006258 0.351168
13 0.590426 0.901281 0.030663 0.007536
13 0.635795 0.697061 0.006258 0.351168
13 0.688934 0.697061 0.098172 0.351168
13 0.361702 0.183497 0.006258 0.097212
13 0.396120 0.125094 0.052566 0.007536
13 0.600282 0.125094 0.051001 0.007536
13 0.543503 0.192916 0.184315 0.116051
13 0.662771 0.125345 0.041438 0.007536
13 0.744458 0.183497 0.042108 0.097212
13 0.804274 0.125094 0.066733 0.007536
13 0.730328 0.125520 0.048618 0.007536
13 0.724369 0.078478 0.061106 0.066414
13 0.786523 0.046806 0.030663 0.007536
13 0.913047 0.125094 0.030663 0.007536
13 0.844665 0.192916 0.026627 0.078372
13 0.418101 0.260739 0.052722 0.007536
13 0.487719 0.260739 0.053974 0.007536
13 0.285723 0.345516 0.085625 0.036925
11 0.235401 0.316542 0.015019 0.038295
13 0.287288 0.279578 0.088753 0.040693
11 0.235402 0.286771 0.015019 0.040766
13 0.214518 0.313962 0.036761 0.007536
13 0.185631 0.489922 0.006258 0.325356
13 0.773154 0.260739 0.036921 0.007536
13 0.694994 0.492841 0.058324 0.007536
13 0.590269 0.492841 0.030976 0.007536
13 0.853065 0.681236 0.040297 0.007536
13 0.750376 0.697061 0.006258 0.351168
13 0.658817 0.260959 0.071603 0.007536
13 0.799673 0.493077 0.030883 0.007536
13 0.824331 0.384326 0.006554 0.189902
13 0.824328 0.587038 0.007229 0.161266
13 0.451658 0.427656 0.126095 0.133384
13 0.512650 0.681430 0.595477 0.007536
