8 0.491848 0.500000 0.970652 0.988142
11 0.018478 0.514579 0.026087 0.165224
9 0.508152 0.623518 0.938043 0.247036
11 0.051087 0.634523 0.026087 0.124728
9 0.508152 0.870553 0.938043 0.247036
11 0.051087 0.878843 0.026087 0.093951
9 0.508152 0.129447 0.938043 0.247036
11 0.051087 0.135021 0.026087 0.063174
9 0.508152 0.376482 0.938043 0.247036
11 0.051087 0.389060 0.026087 0.142547
0 0.104348 0.564229 0.032609 0.029644
11 0.104348 0.595973 0.084165 0.046196
5 0.191304 0.564229 0.043478 0.039526
4 0.283696 0.564229 0.043478 0.039526
11 0.283696 0.531868 0.124519 0.025198
3 0.435870 0.564229 0.108696 0.079051
11 0.435870 0.566700 0.103137 0.050395
3 0.283696 0.687747 0.108696 0.079051
11 0.283696 0.696887 0.085528 0.125988
4 0.524185 0.564229 0.043478 0.039526
5 0.800000 0.564229 0.043478 0.039526
3 0.800000 0.870553 0.108696 0.079051
11 0.800000 0.873024 0.116972 0.050395
2 0.956522 0.870553 0.030435 0.027668
11 0.956522 0.901309 0.110683 0.046196
3 0.191304 0.129447 0.108696 0.079051
11 0.191304 0.131917 0.089301 0.050395
3 0.348913 0.129447 0.108696 0.079051
11 0.348913 0.131917 0.106910 0.050395
3 0.649185 0.376482 0.108696 0.079051
11 0.649185 0.378953 0.115714 0.050395
4 0.528261 0.460474 0.043478 0.039526
11 0.460342 0.462945 0.115714 0.050395
4 0.726630 0.460474 0.043478 0.039526
13 0.145109 0.564459 0.053261 0.009881
13 0.191588 0.356719 0.010870 0.379447
13 0.237500 0.564723 0.053261 0.009881
13 0.343478 0.564530 0.080435 0.009881
11 0.335171 0.588439 0.056599 0.050395
13 0.284012 0.616107 0.010870 0.068182
11 0.262305 0.565487 0.039357 0.073095
13 0.270109 0.129447 0.053261 0.009881
13 0.897826 0.870553 0.091304 0.009881
13 0.431386 0.635870 0.191033 0.107708
13 0.496332 0.564565 0.016576 0.009881
13 0.526766 0.512352 0.010870 0.068182
13 0.752717 0.522480 0.055435 0.088439
13 0.601902 0.336957 0.401630 0.418972
13 0.800290 0.707510 0.010870 0.250988
13 0.715353 0.408597 0.027989 0.068182
13 0.627446 0.460968 0.159239 0.009881
11 0.571273 0.449358 0.038199 0.025198
13 0.561821 0.408597 0.070380 0.068182
11 0.513587 0.429471 0.026087 0.022678
