8 0.300280 0.175018 0.558039 0.310105
9 0.305280 0.071649 0.548039 0.103368
9 0.305280 0.175018 0.548039 0.103368
9 0.305280 0.278386 0.548039 0.103368
0 0.045000 0.075000 0.010000 0.010000
3 0.121260 0.075000 0.033333 0.026667
4 0.159594 0.075000 0.013333 0.013333
3 0.201260 0.075000 0.033333 0.026667
5 0.076667 0.075000 0.013333 0.013333
3 0.289594 0.046667 0.033333 0.026667
5 0.251260 0.075000 0.013333 0.013333
3 0.289594 0.075000 0.033333 0.026667
3 0.289594 0.103333 0.033333 0.026667
5 0.329594 0.075000 0.013333 0.013333
3 0.367927 0.075000 0.033333 0.026667
3 0.416260 0.075000 0.033333 0.026667
3 0.468260 0.075000 0.033333 0.026667
3 0.512260 0.075000 0.033333 0.026667
3 0.204594 0.151667 0.033333 0.026667
3 0.416927 0.151667 0.033333 0.026667
4 0.239594 0.151667 0.013333 0.013333
4 0.352927 0.151667 0.013333 0.013333
3 0.301260 0.193333 0.033333 0.026667
3 0.466594 0.151667 0.033333 0.026667
4 0.535260 0.151667 0.013333 0.013333
3 0.126667 0.276667 0.033333 0.026667
3 0.201260 0.276667 0.033333 0.026667
2 0.561594 0.276667 0.009333 0.009333
5 0.535260 0.276667 0.013333 0.013333
