8 0.499860 0.500073 0.989447 0.985511
11 0.014555 0.526532 0.020548 0.299869
9 0.512703 0.536865 0.963762 0.449340
11 0.040239 0.550448 0.020548 0.153933
9 0.512703 0.877182 0.963762 0.231293
11 0.040240 0.893586 0.020548 0.185919
9 0.512703 0.159756 0.963762 0.304878
11 0.040240 0.175279 0.020548 0.175923
0 0.073630 0.367073 0.025685 0.036585
11 0.073630 0.397027 0.177997 0.028506
3 0.291952 0.584706 0.085616 0.097561
11 0.291952 0.587755 0.057461 0.062195
3 0.407534 0.584706 0.085616 0.097561
11 0.407534 0.590499 0.082228 0.093293
3 0.291952 0.433421 0.085616 0.097561
11 0.291952 0.436470 0.081238 0.062195
3 0.523116 0.584706 0.085616 0.097561
11 0.523116 0.587755 0.084210 0.062195
2 0.894708 0.584706 0.023973 0.034146
11 0.894708 0.613441 0.179813 0.028506
5 0.797285 0.584706 0.034247 0.048780
5 0.073630 0.584706 0.034247 0.048780
4 0.138699 0.585135 0.034247 0.048780
11 0.211424 0.608001 0.191206 0.031098
4 0.650283 0.433421 0.034247 0.048780
4 0.386986 0.433421 0.034247 0.048780
11 0.456739 0.456287 0.182290 0.031098
4 0.718656 0.585135 0.034247 0.048780
3 0.291952 0.907877 0.085616 0.097561
11 0.291952 0.908182 0.111950 0.031098
3 0.433219 0.907877 0.085616 0.097561
11 0.433219 0.910926 0.084210 0.062195
3 0.487941 0.189945 0.085616 0.097561
11 0.487941 0.192994 0.091145 0.062195
13 0.362586 0.907877 0.059075 0.012195
13 0.349743 0.584706 0.033390 0.012195
13 0.465325 0.584706 0.033390 0.012195
13 0.636870 0.758487 0.325110 0.303659
13 0.106165 0.585527 0.034247 0.012195
13 0.161601 0.758487 0.178510 0.303659
13 0.073838 0.472841 0.008562 0.179828
13 0.202483 0.585314 0.096746 0.012195
11 0.167163 0.571236 0.019569 0.031231
13 0.193922 0.497083 0.113869 0.132202
11 0.126713 0.543072 0.020548 0.057975
13 0.848565 0.584706 0.071738 0.012195
13 0.352312 0.433630 0.038527 0.012195
13 0.416274 0.299488 0.061143 0.223963
11 0.375428 0.395159 0.020548 0.027988
13 0.590730 0.299488 0.123386 0.223963
13 0.757970 0.585533 0.047807 0.012195
13 0.518634 0.434030 0.232474 0.012195
11 0.420536 0.419701 0.029428 0.031098
13 0.633729 0.585292 0.139033 0.012195
13 0.693245 0.497388 0.055103 0.131592
