0 0.015801 0.101504 0.022573 0.056391
4 0.132430 0.101504 0.030098 0.075188
3 0.331828 0.759398 0.075245 0.150376
3 0.256584 0.102752 0.075245 0.150376
4 0.474041 0.101504 0.030098 0.075188
3 0.574868 0.280075 0.075245 0.150376
3 0.882619 0.101504 0.075245 0.150376
5 0.068473 0.101504 0.030098 0.075188
3 0.574868 0.913534 0.075245 0.150376
4 0.661400 0.101504 0.030098 0.075188
5 0.226486 0.562030 0.030098 0.075188
3 0.331828 0.562030 0.075245 0.150376
3 0.574868 0.562030 0.075245 0.150376
3 0.331828 0.364662 0.075245 0.150376
2 0.984951 0.101504 0.021068 0.052632
5 0.474041 0.562030 0.030098 0.075188
5 0.796088 0.102127 0.030098 0.075188
4 0.728742 0.102752 0.030098 0.075188
3 0.380738 0.102597 0.075245 0.150376
13 0.040256 0.101504 0.029345 0.018797
13 0.303047 0.526316 0.471407 0.781955
13 0.695071 0.103061 0.040254 0.018797
13 0.100451 0.101971 0.036870 0.018797
13 0.318661 0.102675 0.051919 0.018797
13 0.267871 0.562603 0.055681 0.018797
13 0.414221 0.562573 0.092551 0.018797
13 0.421934 0.679511 0.107976 0.167293
13 0.513168 0.562607 0.051166 0.018797
13 0.260534 0.444549 0.070354 0.167293
13 0.421934 0.444549 0.107976 0.167293
13 0.629421 0.191259 0.036870 0.185150
13 0.260534 0.679511 0.070354 0.167293
13 0.172122 0.351034 0.081640 0.431391
13 0.947329 0.101504 0.057186 0.018797
13 0.828067 0.102493 0.036869 0.018797
13 0.704477 0.526627 0.186983 0.781332
13 0.762415 0.103383 0.040258 0.018797
13 0.670804 0.351188 0.119637 0.429203
13 0.183220 0.102014 0.074492 0.018797
13 0.438676 0.102502 0.043642 0.018797
13 0.567720 0.102444 0.160271 0.018797
13 0.505831 0.209586 0.065839 0.148496
11 0.015867 0.144549 0.018189 0.022556
11 0.134811 0.022368 0.045394 0.022556
11 0.331828 0.745113 0.041925 0.053383
11 0.257720 0.102632 0.051707 0.053383
11 0.484675 0.034774 0.051366 0.047368
11 0.576005 0.279323 0.055222 0.053383
11 0.882619 0.087218 0.048932 0.053383
11 0.574868 0.912782 0.042657 0.053383
11 0.331828 0.561278 0.042168 0.053383
11 0.574868 0.561278 0.048443 0.053383
11 0.331828 0.363910 0.042168 0.053383
11 0.984839 0.142669 0.019340 0.022556
11 0.381874 0.102632 0.055222 0.053383
11 0.168777 0.539286 0.056139 0.022556
11 0.190804 0.076880 0.046017 0.022556
11 0.531462 0.078759 0.017024 0.022556
11 0.464118 0.114474 0.008747 0.022556
