8 0.500000 0.500000 0.992542 0.987069
9 0.509323 0.237608 0.973897 0.462284
11 0.029211 0.249609 0.014916 0.136018
9 0.509323 0.596444 0.973897 0.255388
11 0.029211 0.610939 0.014916 0.164282
9 0.509323 0.858836 0.973897 0.269397
11 0.029211 0.872552 0.014916 0.155450
3 0.093847 0.183190 0.062150 0.086207
11 0.093847 0.188308 0.077670 0.082435
3 0.177750 0.183190 0.062150 0.086207
11 0.177750 0.185884 0.058972 0.054957
4 0.298943 0.185345 0.024860 0.043103
3 0.389062 0.185345 0.049720 0.086207
11 0.389062 0.188039 0.052499 0.054957
4 0.476072 0.185345 0.024860 0.043103
11 0.469857 0.146013 0.066164 0.054957
3 0.546302 0.091056 0.072094 0.070043
11 0.546302 0.093750 0.096369 0.054957
3 0.546302 0.183190 0.072094 0.070043
11 0.546302 0.185884 0.096369 0.054957
3 0.546302 0.268858 0.072094 0.070043
11 0.546302 0.271552 0.096369 0.054957
4 0.625233 0.183190 0.024860 0.043103
3 0.690491 0.185345 0.062150 0.086207
11 0.690491 0.188039 0.061129 0.054957
0 0.034804 0.183190 0.018645 0.032328
5 0.252331 0.183190 0.024860 0.043103
5 0.804669 0.185345 0.024860 0.043103
3 0.420137 0.390086 0.062150 0.086207
11 0.420137 0.395205 0.078389 0.082435
4 0.569298 0.390086 0.024860 0.043103
3 0.699814 0.390086 0.062150 0.070043
11 0.699814 0.392780 0.058972 0.054957
4 0.634556 0.390086 0.024860 0.043103
4 0.761964 0.183190 0.024860 0.043103
3 0.345556 0.603448 0.062150 0.086207
11 0.345556 0.603718 0.081266 0.027478
3 0.811684 0.566810 0.062150 0.086207
11 0.811684 0.569504 0.080547 0.054957
2 0.891858 0.566810 0.017402 0.030172
3 0.569298 0.858836 0.062150 0.086207
11 0.569298 0.861530 0.066164 0.054957
13 0.053449 0.183190 0.021131 0.010776
13 0.135799 0.183190 0.024239 0.010776
13 0.438782 0.185652 0.052206 0.010776
13 0.493319 0.127425 0.036358 0.077047
13 0.499378 0.184998 0.024239 0.010776
13 0.493319 0.237877 0.036358 0.066272
13 0.603947 0.126347 0.045681 0.074892
13 0.597189 0.183728 0.033714 0.010776
13 0.603947 0.236800 0.045681 0.068427
13 0.648539 0.184301 0.024239 0.010776
13 0.224363 0.183525 0.033561 0.010776
13 0.275637 0.184792 0.024239 0.010776
13 0.283561 0.404095 0.064326 0.403017
13 0.337787 0.185652 0.055314 0.010776
11 0.333556 0.153532 0.076951 0.054957
13 0.735550 0.184330 0.030454 0.010776
13 0.862958 0.566810 0.042884 0.010776
13 0.504040 0.390389 0.108142 0.010776
13 0.344002 0.298491 0.092604 0.187500
11 0.282784 0.175163 0.033561 0.153683
13 0.617620 0.635237 0.036979 0.451509
13 0.657862 0.390434 0.024239 0.010776
13 0.569460 0.613685 0.006215 0.408405
11 0.553760 0.441272 0.070479 0.054957
13 0.601927 0.390625 0.042884 0.010776
11 0.595525 0.362608 0.070479 0.054957
13 0.731044 0.279903 0.064947 0.154634
13 0.783317 0.184790 0.020331 0.010776
13 0.830019 0.354795 0.039155 0.342134
13 0.584614 0.405172 0.418451 0.400862
