8 0.499974 0.500178 0.993195 0.987804
9 0.508415 0.863327 0.976312 0.261506
9 0.508415 0.238672 0.976312 0.464791
9 0.508415 0.601820 0.976312 0.261506
3 0.183455 0.863327 0.056275 0.083682
0 0.037141 0.084728 0.016882 0.031381
5 0.107485 0.084728 0.022510 0.041841
3 0.377603 0.084728 0.056275 0.083682
3 0.183455 0.084728 0.056275 0.083682
4 0.270118 0.084728 0.022510 0.041841
3 0.377603 0.220711 0.056275 0.083682
5 0.270118 0.256276 0.022510 0.041841
3 0.377603 0.330544 0.056275 0.083682
3 0.377603 0.440377 0.056275 0.083682
5 0.478897 0.256276 0.022510 0.041841
3 0.563309 0.256276 0.056275 0.083682
3 0.716863 0.183808 0.056275 0.083682
5 0.865774 0.084728 0.022510 0.041841
4 0.823568 0.084728 0.022510 0.041841
2 0.977485 0.256276 0.015757 0.029289
3 0.916421 0.256276 0.056275 0.083682
4 0.643804 0.256276 0.022510 0.041841
3 0.716863 0.288227 0.056275 0.083682
3 0.716863 0.392646 0.056275 0.083682
4 0.801097 0.288227 0.022510 0.041841
3 0.183455 0.601820 0.056275 0.083682
4 0.270118 0.601820 0.022510 0.041841
3 0.352279 0.601820 0.056275 0.083682
4 0.445132 0.601820 0.022510 0.041841
13 0.131542 0.484488 0.049803 0.761862
13 0.235228 0.602132 0.049522 0.010460
13 0.302757 0.602137 0.045020 0.010460
13 0.407147 0.602129 0.055712 0.010460
13 0.357907 0.658829 0.177265 0.076360
13 0.131542 0.353734 0.049803 0.500356
13 0.070906 0.084728 0.052898 0.010460
13 0.137029 0.085049 0.038829 0.010460
13 0.235228 0.085039 0.049522 0.010460
13 0.315419 0.085031 0.070343 0.010460
13 0.315419 0.238755 0.070343 0.040272
13 0.309932 0.303870 0.081317 0.057531
13 0.309932 0.358787 0.081317 0.167364
13 0.436691 0.238755 0.064153 0.040272
13 0.442459 0.303870 0.075689 0.057531
13 0.442459 0.358787 0.075689 0.167364
13 0.270400 0.170502 0.005627 0.133891
13 0.512662 0.256591 0.047271 0.010460
13 0.611998 0.256591 0.043354 0.010460
13 0.609026 0.084999 0.408824 0.010460
13 0.844671 0.085251 0.021947 0.010460
13 0.661221 0.353996 0.411919 0.500879
13 0.538824 0.484488 0.656714 0.761862
13 0.896725 0.149843 0.041643 0.133368
13 0.773189 0.225557 0.058630 0.087683
13 0.767421 0.288540 0.047093 0.010460
13 0.773189 0.350897 0.058630 0.087683
13 0.818101 0.197199 0.013748 0.187286
13 0.957082 0.256276 0.027299 0.010460
13 0.666405 0.209582 0.046891 0.055732
13 0.666405 0.282712 0.046891 0.015214
13 0.666405 0.334922 0.046891 0.119634
11 0.028475 0.601464 0.007878 0.070817
11 0.028475 0.238494 0.007878 0.061393
11 0.028475 0.862971 0.007878 0.033154
11 0.183455 0.862552 0.031903 0.029707
11 0.378452 0.084310 0.038671 0.029707
11 0.184207 0.084310 0.034539 0.029707
11 0.377603 0.220293 0.031356 0.014644
11 0.377603 0.322594 0.031537 0.014644
11 0.377603 0.439958 0.031537 0.014644
11 0.564157 0.255858 0.044501 0.059833
11 0.716939 0.183682 0.036230 0.029707
11 0.916151 0.255858 0.032282 0.014644
11 0.716939 0.288285 0.036230 0.029707
11 0.716939 0.391841 0.036230 0.029707
11 0.184305 0.601046 0.041300 0.029707
11 0.353129 0.601046 0.041300 0.029707
11 0.288566 0.587762 0.005381 0.012552
11 0.262464 0.597176 0.011703 0.012552
11 0.300128 0.069979 0.025130 0.012552
11 0.262467 0.062657 0.020713 0.012552
11 0.635938 0.225837 0.003447 0.012552
11 0.664638 0.272908 0.003447 0.012552
11 0.637064 0.342992 0.003447 0.012552
