8 0.499938 0.694893 0.991886 0.597501
8 0.499589 0.318840 0.991189 0.109704
8 0.499938 0.192849 0.991886 0.109704
8 0.500286 0.060771 0.991189 0.109704
9 0.509180 0.522056 0.973402 0.251828
9 0.509180 0.727806 0.973402 0.159672
9 0.509180 0.900643 0.973402 0.186002
0 0.079738 0.484421 0.018484 0.029674
3 0.233466 0.484421 0.061614 0.079130
4 0.299701 0.484421 0.024646 0.039565
5 0.153984 0.484421 0.024646 0.039565
3 0.598493 0.484421 0.061614 0.079130
3 0.687834 0.484421 0.061614 0.079130
4 0.788573 0.484421 0.024646 0.039565
3 0.370558 0.484421 0.061614 0.079130
4 0.668733 0.590752 0.024646 0.039565
3 0.598493 0.590752 0.061614 0.079130
3 0.370558 0.590752 0.061614 0.079130
5 0.426137 0.484421 0.024646 0.039565
5 0.536849 0.484421 0.024646 0.039565
4 0.761243 0.590752 0.024646 0.039565
3 0.717717 0.721316 0.061614 0.079130
2 0.957705 0.897685 0.017252 0.027695
3 0.224840 0.897685 0.061614 0.079130
5 0.816022 0.897685 0.024646 0.039565
3 0.876189 0.897685 0.061614 0.079130
3 0.481525 0.318390 0.061614 0.079130
3 0.481525 0.194545 0.061614 0.079130
3 0.481525 0.060321 0.061614 0.079130
13 0.115321 0.484657 0.055145 0.009891
13 0.275826 0.484736 0.025570 0.009891
13 0.643164 0.484421 0.030191 0.009891
13 0.325888 0.484735 0.030191 0.009891
13 0.319880 0.547478 0.042206 0.090504
13 0.642855 0.591063 0.029575 0.009891
13 0.677976 0.665925 0.020333 0.114738
13 0.184483 0.484727 0.038817 0.009891
13 0.174162 0.700945 0.042206 0.397438
13 0.529673 0.897940 0.550517 0.009891
13 0.808613 0.681409 0.017899 0.396944
13 0.836864 0.898010 0.019501 0.009891
13 0.928037 0.897685 0.044547 0.009891
13 0.484526 0.590752 0.168786 0.009891
13 0.747446 0.484713 0.060074 0.009891
13 0.407590 0.484749 0.014914 0.009891
13 0.558429 0.484744 0.020979 0.009891
13 0.438582 0.329592 0.026738 0.274050
13 0.438582 0.391514 0.026738 0.150206
13 0.438582 0.262480 0.026738 0.408274
13 0.524745 0.262480 0.027289 0.408274
13 0.524745 0.329592 0.027289 0.274050
13 0.524745 0.391514 0.027289 0.150206
13 0.714988 0.591246 0.070328 0.009891
13 0.755038 0.665925 0.015492 0.114738
13 0.781224 0.547725 0.017780 0.090999
11 0.012693 0.694362 0.008626 0.042528
11 0.031177 0.901088 0.008626 0.071595
11 0.031177 0.727498 0.008626 0.069602
11 0.031177 0.521761 0.008626 0.058053
11 0.091396 0.513848 0.048473 0.024926
11 0.233518 0.484273 0.045827 0.013848
11 0.305400 0.442038 0.050110 0.011869
11 0.598275 0.484273 0.035552 0.028091
11 0.687616 0.484273 0.039668 0.042334
11 0.371230 0.484273 0.034331 0.028091
11 0.689849 0.555391 0.042061 0.024926
11 0.598275 0.590109 0.051166 0.028091
11 0.371232 0.590109 0.042341 0.028091
11 0.718737 0.720673 0.045219 0.028091
11 0.957669 0.926311 0.039799 0.024926
11 0.224892 0.897725 0.034930 0.028091
11 0.876155 0.897725 0.040069 0.042334
11 0.320279 0.470722 0.007163 0.011869
11 0.291628 0.479624 0.013940 0.011869
11 0.660390 0.597329 0.007163 0.011869
11 0.012693 0.318991 0.008626 0.058391
11 0.031177 0.318991 0.008626 0.054106
11 0.482544 0.318101 0.030426 0.028091
11 0.012693 0.193373 0.008626 0.060723
11 0.031177 0.193373 0.008626 0.054106
11 0.482544 0.194461 0.030426 0.028091
11 0.013925 0.060831 0.008626 0.061040
11 0.032409 0.060831 0.008626 0.054106
11 0.482544 0.059941 0.030426 0.028091
