8 0.500000 0.500000 0.990805 0.988083
11 0.013027 0.507613 0.018391 0.086278
9 0.511494 0.155909 0.967816 0.299901
11 0.036015 0.166969 0.018391 0.125348
9 0.511494 0.401688 0.967816 0.191658
11 0.036015 0.414328 0.018391 0.143254
9 0.511494 0.745780 0.967816 0.496524
11 0.036015 0.759138 0.018391 0.151394
0 0.073563 0.130089 0.022989 0.029791
11 0.074330 0.091919 0.159310 0.023213
3 0.611494 0.130089 0.076628 0.079444
11 0.611494 0.132572 0.075369 0.050645
3 0.215326 0.130089 0.076628 0.079444
11 0.215326 0.132572 0.082463 0.050645
4 0.303448 0.130089 0.030651 0.039722
11 0.304215 0.086643 0.080690 0.025323
3 0.390805 0.130089 0.076628 0.079444
11 0.390805 0.134806 0.087783 0.075968
3 0.500383 0.130089 0.076628 0.079444
11 0.500383 0.134806 0.073596 0.075968
3 0.393103 0.242304 0.076628 0.079444
11 0.393103 0.244786 0.072709 0.050645
4 0.711111 0.130089 0.030651 0.039722
4 0.583142 0.242304 0.030651 0.039722
11 0.589272 0.200844 0.156059 0.025323
4 0.686590 0.242304 0.030651 0.039722
3 0.500383 0.242304 0.076628 0.079444
11 0.500383 0.244786 0.092217 0.050645
3 0.640613 0.402185 0.076628 0.079444
11 0.640613 0.404667 0.081576 0.050645
3 0.215326 0.621648 0.076628 0.079444
11 0.215326 0.621897 0.100197 0.025323
5 0.755556 0.621648 0.030651 0.039722
3 0.847510 0.621648 0.076628 0.079444
11 0.847510 0.624131 0.075369 0.050645
2 0.923372 0.621648 0.021456 0.027805
11 0.920307 0.567589 0.160936 0.023213
13 0.101176 0.130089 0.035301 0.009930
13 0.270881 0.130401 0.037548 0.009930
13 0.335632 0.130404 0.036782 0.009930
11 0.328637 0.118784 0.016921 0.025416
13 0.445594 0.130089 0.036015 0.009930
13 0.555939 0.130089 0.037548 0.009930
13 0.592912 0.332175 0.021839 0.143992
11 0.572797 0.251108 0.018391 0.021163
13 0.154815 0.130397 0.047457 0.009930
13 0.682950 0.332175 0.011111 0.143992
13 0.706705 0.196375 0.012644 0.096822
13 0.672797 0.130278 0.049042 0.009930
13 0.741188 0.366187 0.032567 0.475174
13 0.496935 0.621889 0.489655 0.009930
13 0.790038 0.621832 0.041379 0.009930
13 0.899234 0.621648 0.029885 0.009930
13 0.329310 0.196127 0.054023 0.096326
11 0.293103 0.135063 0.018391 0.047209
13 0.446743 0.242304 0.033716 0.009930
13 0.553257 0.242471 0.032184 0.009930
13 0.634866 0.242304 0.075862 0.009930
11 0.612804 0.230636 0.026338 0.025323
13 0.147046 0.385303 0.061804 0.474677
