8 0.215833 0.166667 0.391667 0.263333
9 0.220833 0.173333 0.381667 0.083333
9 0.220833 0.083333 0.381667 0.096667
9 0.220833 0.256667 0.381667 0.083333
3 0.280000 0.173333 0.033333 0.026667
0 0.050000 0.076667 0.010000 0.010000
3 0.225000 0.076667 0.033333 0.026667
4 0.153077 0.076667 0.013333 0.013333
3 0.225000 0.113333 0.033333 0.026667
3 0.273333 0.076667 0.033333 0.026667
3 0.328769 0.076667 0.033333 0.026667
4 0.280000 0.113333 0.013333 0.013333
5 0.076667 0.076667 0.013333 0.013333
3 0.111833 0.076667 0.033333 0.026667
3 0.076667 0.256667 0.033333 0.026667
5 0.328769 0.256667 0.013333 0.013333
3 0.366667 0.256667 0.033333 0.026667
2 0.403000 0.256667 0.009333 0.009333
