8 0.245167 0.160109 0.460333 0.280219
9 0.250167 0.091259 0.450333 0.142517
9 0.250167 0.187943 0.450333 0.050851
9 0.250167 0.256793 0.450333 0.086851
0 0.040000 0.075000 0.010000 0.010000
3 0.143333 0.050592 0.033333 0.026667
3 0.221667 0.050592 0.033333 0.026667
4 0.095000 0.075000 0.013333 0.013333
1 0.184000 0.050592 0.010000 0.010000
3 0.271667 0.050592 0.033333 0.026667
4 0.306667 0.050592 0.013333 0.013333
3 0.143333 0.113333 0.033333 0.026667
4 0.184000 0.113333 0.013333 0.013333
4 0.326667 0.050698 0.013333 0.013333
5 0.064000 0.075000 0.013333 0.013333
3 0.184000 0.195000 0.033333 0.026667
3 0.064000 0.254035 0.033333 0.026667
5 0.351667 0.254035 0.013333 0.013333
3 0.390001 0.254035 0.033333 0.026667
2 0.426334 0.254035 0.009333 0.009333
10 0.143333 0.082833 0.022667 0.025667
10 0.143333 0.147833 0.026000 0.025667
