8 0.499995 0.500012 0.992395 0.988375
9 0.509489 0.726520 0.973408 0.535360
9 0.509489 0.232332 0.973408 0.453015
3 0.571779 0.583760 0.063291 0.077665
5 0.487975 0.692163 0.025316 0.038833
3 0.571779 0.802651 0.063291 0.077665
0 0.062633 0.084461 0.018987 0.029124
3 0.132253 0.084461 0.063291 0.077665
4 0.217430 0.084461 0.025316 0.038833
3 0.290215 0.084461 0.063291 0.077665
3 0.396475 0.084461 0.063291 0.077665
4 0.545968 0.051549 0.025316 0.038833
3 0.628614 0.051549 0.063291 0.077665
3 0.628614 0.163097 0.063291 0.077665
3 0.487975 0.084461 0.063291 0.077665
4 0.746461 0.051549 0.025316 0.038833
3 0.816414 0.051549 0.063291 0.077665
3 0.918345 0.051549 0.063291 0.077665
3 0.290215 0.333599 0.063291 0.077665
3 0.412025 0.333599 0.063291 0.077665
3 0.628614 0.349234 0.063291 0.077665
2 0.987332 0.051549 0.017722 0.027183
13 0.086367 0.084461 0.031013 0.009708
13 0.184335 0.084757 0.043405 0.009708
13 0.244329 0.084768 0.031013 0.009708
13 0.238158 0.218738 0.043354 0.233605
13 0.343345 0.084461 0.045500 0.009708
13 0.577797 0.051848 0.040873 0.009708
13 0.571627 0.117031 0.053215 0.096015
13 0.571627 0.210099 0.053215 0.282152
13 0.442225 0.084461 0.030741 0.009708
13 0.526465 0.063056 0.016222 0.011496
13 0.697031 0.051830 0.076075 0.009708
13 0.703518 0.117031 0.089049 0.096015
13 0.703518 0.210099 0.089049 0.282152
13 0.771943 0.051859 0.028181 0.009708
13 0.867379 0.051549 0.041172 0.009708
13 0.465981 0.503173 0.047152 0.343031
13 0.520383 0.638204 0.042032 0.112772
13 0.514212 0.757115 0.054374 0.094955
13 0.703318 0.542278 0.432585 0.907677
13 0.964231 0.051549 0.031013 0.009708
13 0.351120 0.333599 0.061051 0.009708
13 0.758218 0.337071 0.312118 0.497262
13 0.759258 0.446501 0.314198 0.716123
11 0.008481 0.499970 0.008861 0.076613
11 0.032025 0.232510 0.008861 0.056979
11 0.032025 0.726655 0.008861 0.065725
11 0.572475 0.583072 0.046450 0.027571
11 0.571519 0.802476 0.035881 0.027571
11 0.062713 0.106693 0.015300 0.011650
11 0.132278 0.077083 0.028076 0.027571
11 0.217682 0.050385 0.042959 0.011650
11 0.290506 0.084073 0.051717 0.013591
11 0.397156 0.084073 0.035265 0.027571
11 0.546746 0.023785 0.044126 0.024465
11 0.628481 0.051065 0.035265 0.013591
11 0.628481 0.162709 0.035469 0.013591
11 0.487975 0.084073 0.036520 0.027571
11 0.816456 0.051065 0.040747 0.027571
11 0.918354 0.051065 0.049399 0.027571
11 0.290506 0.326582 0.042424 0.013591
11 0.412981 0.333572 0.043493 0.027571
11 0.628481 0.349105 0.035469 0.013591
11 0.238489 0.070772 0.007358 0.011650
11 0.212223 0.138729 0.014320 0.011650
