8 0.500000 0.500000 0.991984 0.994366
9 0.510020 0.748592 0.971944 0.497183
9 0.510020 0.251408 0.971944 0.497183
3 0.331329 0.570531 0.066800 0.037559
0 0.053081 0.251643 0.020040 0.014085
4 0.190689 0.250704 0.026720 0.018779
3 0.316942 0.251643 0.066800 0.037559
3 0.316942 0.251643 0.066800 0.037559
3 0.316942 0.251643 0.066800 0.037559
3 0.415806 0.252113 0.066800 0.037559
3 0.512666 0.253052 0.066800 0.037559
5 0.247469 0.250704 0.026720 0.018779
4 0.589487 0.253052 0.026720 0.018779
3 0.126561 0.251643 0.066800 0.037559
5 0.646267 0.253052 0.026720 0.018779
3 0.364763 0.324413 0.066800 0.037559
4 0.477262 0.324413 0.026720 0.018779
3 0.552746 0.328638 0.066800 0.037559
4 0.657623 0.324413 0.026720 0.018779
3 0.787883 0.328638 0.066800 0.037559
2 0.874056 0.328638 0.018704 0.013146
5 0.714403 0.324413 0.026720 0.018779
5 0.246133 0.320188 0.026720 0.018779
11 0.544062 0.289202 0.066800 0.023474
11 0.403782 0.207042 0.066800 0.023474
12 0.366374 0.251878 0.034736 0.004695
12 0.464236 0.252582 0.032732 0.004695
12 0.431033 0.324551 0.068411 0.004695
12 0.272185 0.251187 0.025384 0.004695
12 0.247135 0.285446 0.006680 0.052582
12 0.272198 0.450054 0.054134 0.242831
12 0.295428 0.323703 0.074541 0.008932
12 0.561097 0.253199 0.032732 0.004695
12 0.539125 0.452167 0.351464 0.238606
12 0.078131 0.251643 0.032732 0.004695
12 0.168645 0.251183 0.020040 0.004695
12 0.842994 0.328638 0.046092 0.004695
12 0.498649 0.302234 0.026698 0.027458
12 0.617877 0.253286 0.032732 0.004695
12 0.686013 0.324648 0.032732 0.004695
12 0.741123 0.326087 0.029392 0.004695
12 0.723755 0.281573 0.130929 0.058451
12 0.354934 0.219997 0.033567 0.027613
12 0.504984 0.325551 0.031396 0.004695
12 0.615205 0.326643 0.060788 0.005869
12 0.567777 0.364554 0.183033 0.063380
12 0.211898 0.290258 0.044422 0.062207
12 0.219079 0.250939 0.032732 0.004695
12 0.505665 0.416486 0.284543 0.309967
