8 0.500000 0.500000 0.983629 0.983494
9 0.520464 0.203576 0.942701 0.390646
9 0.520464 0.523384 0.942701 0.248968
9 0.520464 0.819807 0.942701 0.343879
0 0.118690 0.097662 0.040928 0.041265
4 0.252387 0.097662 0.054570 0.055021
3 0.521146 0.097662 0.136426 0.110041
3 0.252387 0.310867 0.136426 0.110041
4 0.616644 0.310867 0.054570 0.055021
5 0.457026 0.310867 0.054570 0.055021
3 0.723056 0.097662 0.136426 0.110041
2 0.919509 0.097662 0.038199 0.038514
3 0.616644 0.544704 0.136426 0.110041
3 0.457026 0.819807 0.136426 0.110041
5 0.616644 0.819807 0.054570 0.055021
3 0.804911 0.819807 0.136426 0.110041
12 0.182128 0.097986 0.091405 0.013755
12 0.366303 0.098059 0.178718 0.013755
12 0.252774 0.190509 0.013643 0.136176
12 0.375171 0.311278 0.114598 0.013755
12 0.457386 0.551582 0.013643 0.431912
12 0.557299 0.820238 0.069577 0.013755
12 0.617018 0.696011 0.013643 0.198074
12 0.690314 0.820228 0.098226 0.013755
12 0.896317 0.468363 0.051842 0.708391
12 0.617026 0.414030 0.013643 0.156809
12 0.622101 0.097662 0.070941 0.013755
12 0.845839 0.097662 0.114598 0.013755
12 0.536835 0.311554 0.110505 0.013755
12 0.672578 0.552395 0.062756 0.487184
