8 0.500000 0.499668 0.991608 0.983400
9 0.510490 0.166335 0.970629 0.316733
9 0.510490 0.816401 0.970629 0.349934
9 0.510490 0.483068 0.970629 0.316733
0 0.088112 0.139436 0.020979 0.039841
4 0.332867 0.139772 0.027972 0.053121
3 0.186014 0.139772 0.069930 0.106242
3 0.420280 0.256782 0.076923 0.106242
4 0.521678 0.256782 0.027972 0.053121
5 0.269930 0.139772 0.027972 0.053121
7 0.790909 0.139772 0.083916 0.106242
3 0.353846 0.767859 0.069930 0.106242
5 0.790909 0.767859 0.027972 0.053121
3 0.867832 0.767859 0.069930 0.106242
2 0.947552 0.767859 0.019580 0.037185
3 0.605594 0.482736 0.069930 0.106242
4 0.689510 0.482736 0.027972 0.053121
4 0.790909 0.482736 0.027972 0.053121
13 0.124825 0.139562 0.055245 0.013280
13 0.483217 0.257193 0.051748 0.013280
13 0.546329 0.383039 0.051399 0.204706
13 0.294580 0.467096 0.051399 0.606838
13 0.547902 0.140125 0.404895 0.013280
13 0.238462 0.140185 0.037762 0.013280
13 0.301399 0.140436 0.037762 0.013280
13 0.658042 0.483149 0.037762 0.013280
13 0.612762 0.356811 0.156993 0.204042
13 0.357517 0.211557 0.051399 0.095761
13 0.582867 0.768179 0.390909 0.013280
13 0.818881 0.768283 0.030769 0.013280
13 0.920280 0.767859 0.037762 0.013280
13 0.791097 0.324534 0.006993 0.268594
13 0.740210 0.483400 0.076224 0.013280
13 0.791259 0.625297 0.006993 0.237314
