0 0.063063 0.105900 0.033784 0.045386
3 0.186937 0.105900 0.112613 0.121029
11 0.186937 0.106278 0.119884 0.038578
4 0.403153 0.105900 0.045045 0.060514
3 0.610360 0.105900 0.112613 0.121029
11 0.610360 0.109682 0.088610 0.077156
3 0.662162 0.562784 0.112613 0.121029
11 0.662162 0.566566 0.106853 0.077156
3 0.773649 0.105900 0.112613 0.121029
11 0.773649 0.109682 0.095125 0.077156
3 0.936937 0.105900 0.112613 0.121029
11 0.936937 0.109682 0.110763 0.077156
4 0.498874 0.403933 0.045045 0.060514
3 0.662162 0.403933 0.112613 0.121029
11 0.662162 0.407716 0.119884 0.077156
5 0.403436 0.403933 0.045045 0.060514
3 0.315315 0.562784 0.112613 0.121029
11 0.315315 0.563162 0.147249 0.038578
5 0.403153 0.691377 0.045045 0.060514
3 0.403153 0.850227 0.112613 0.121029
11 0.403153 0.854009 0.118581 0.077156
2 0.403153 0.969743 0.031532 0.042360
5 0.315315 0.105900 0.045045 0.060514
4 0.936937 0.481089 0.045045 0.060514
5 0.807432 0.481089 0.045045 0.060514
4 0.773649 0.403933 0.045045 0.060514
12 0.063063 0.166415 0.112613 0.075643
11 0.058607 0.168684 0.142037 0.077156
12 0.561374 0.279123 0.125565 0.052950
11 0.543057 0.281846 0.119884 0.077156
13 0.105293 0.105900 0.055180 0.015129
13 0.692005 0.105900 0.055180 0.015129
13 0.855293 0.105900 0.055180 0.015129
13 0.504927 0.498487 0.206362 0.134644
13 0.451155 0.404690 0.054898 0.015129
13 0.347973 0.657716 0.069820 0.074887
13 0.563626 0.404391 0.088964 0.015129
11 0.535925 0.386754 0.024854 0.038689
13 0.489865 0.106341 0.132883 0.015129
11 0.478022 0.088668 0.130364 0.039254
13 0.403490 0.755673 0.011261 0.074130
13 0.403153 0.929652 0.011261 0.043873
13 0.359234 0.106657 0.047297 0.015129
13 0.315616 0.319213 0.011261 0.372163
13 0.937241 0.308623 0.011261 0.290469
13 0.681588 0.601740 0.516329 0.186838
13 0.499648 0.339637 0.011261 0.074130
13 0.268018 0.106376 0.054054 0.015129
13 0.403857 0.254917 0.011261 0.243570
11 0.433089 0.088330 0.027135 0.243090
13 0.763232 0.537065 0.094032 0.057489
13 0.734797 0.404424 0.037162 0.015129
13 0.636824 0.457640 0.279279 0.052950
11 0.483671 0.411511 0.027027 0.071920
13 0.802083 0.427761 0.016329 0.052194
13 0.872185 0.481846 0.088964 0.015129
