8 0.499927 0.500000 0.990464 0.982405
11 0.013302 0.528632 0.018779 0.324492
9 0.511664 0.248534 0.966990 0.479472
11 0.036776 0.264864 0.018779 0.185081
9 0.511664 0.561584 0.966990 0.146628
11 0.036776 0.576005 0.018779 0.163448
9 0.511664 0.718475 0.966990 0.167155
11 0.036776 0.736927 0.018779 0.209117
9 0.511664 0.896627 0.966990 0.189150
11 0.036776 0.916352 0.018779 0.223539
0 0.091549 0.093842 0.023474 0.043988
11 0.091549 0.129857 0.095448 0.034274
3 0.172926 0.093842 0.078247 0.117302
11 0.172926 0.097507 0.070624 0.074780
4 0.262911 0.093842 0.031299 0.058651
3 0.384194 0.387097 0.078247 0.117302
11 0.384194 0.390762 0.061569 0.074780
5 0.466354 0.387097 0.031299 0.058651
5 0.560250 0.387097 0.031299 0.058651
3 0.642410 0.387097 0.078247 0.117302
11 0.642410 0.387463 0.107746 0.037390
3 0.748044 0.387097 0.078247 0.117302
11 0.748044 0.390762 0.076962 0.074780
3 0.348983 0.093842 0.078247 0.117302
11 0.348983 0.097507 0.074245 0.074780
4 0.489828 0.093842 0.031299 0.058651
5 0.430360 0.093842 0.031299 0.058651
4 0.595462 0.151026 0.031299 0.058651
5 0.783255 0.093842 0.031299 0.058651
3 0.348983 0.561584 0.078247 0.117302
11 0.348983 0.561950 0.067907 0.037390
3 0.454617 0.557185 0.078247 0.117302
11 0.454617 0.557551 0.067907 0.037390
3 0.583725 0.561584 0.078247 0.117302
11 0.583725 0.561950 0.067907 0.037390
2 0.748044 0.561584 0.021909 0.041056
3 0.430360 0.730205 0.078247 0.117302
11 0.430360 0.733871 0.083300 0.074780
3 0.585488 0.895894 0.078247 0.117302
11 0.585488 0.896261 0.102314 0.037390
3 0.802188 0.895894 0.078247 0.117302
11 0.802188 0.899560 0.076962 0.074780
2 0.915111 0.895894 0.021909 0.041056
13 0.118545 0.093842 0.033646 0.014663
13 0.229656 0.094302 0.038341 0.014663
13 0.304263 0.256209 0.084745 0.271261
11 0.293813 0.087595 0.040740 0.257334
13 0.437011 0.387097 0.030516 0.014663
13 0.513302 0.385630 0.064163 0.014663
13 0.572183 0.459677 0.026213 0.092375
13 0.589593 0.387570 0.030516 0.014663
13 0.748044 0.493402 0.007825 0.101173
13 0.427426 0.489003 0.081768 0.151026
13 0.460681 0.457478 0.015258 0.087977
13 0.505673 0.489003 0.080986 0.151026
13 0.527191 0.486804 0.070031 0.146628
13 0.446792 0.445381 0.198748 0.120968
13 0.294210 0.094310 0.034429 0.014663
13 0.401408 0.094312 0.029734 0.014663
13 0.460094 0.094575 0.031299 0.014663
13 0.479851 0.426686 0.023865 0.612903
13 0.505086 0.411657 0.152582 0.525660
13 0.681729 0.108138 0.174883 0.032991
13 0.695227 0.387097 0.030516 0.014663
13 0.606808 0.093842 0.324726 0.014663
13 0.488558 0.509531 0.118743 0.778592
13 0.704129 0.509531 0.162164 0.778592
13 0.792917 0.480205 0.021671 0.719941
13 0.872734 0.895894 0.065975 0.014663
