8 0.499935 0.500019 0.992163 0.984713
9 0.509569 0.532969 0.972895 0.469285
9 0.509569 0.879994 0.972895 0.224764
9 0.509569 0.152995 0.972895 0.290664
0 0.060116 0.409438 0.019268 0.038314
4 0.273154 0.409438 0.025690 0.051086
3 0.398523 0.409438 0.076429 0.102171
3 0.716442 0.409438 0.076429 0.102171
3 0.356808 0.659119 0.076429 0.102171
4 0.447046 0.659119 0.025690 0.051086
3 0.140880 0.409438 0.064226 0.102171
5 0.214868 0.409438 0.025690 0.051086
1 0.802844 0.409438 0.019268 0.038314
3 0.604367 0.409438 0.064226 0.102171
3 0.447046 0.898135 0.064226 0.102171
3 0.214547 0.169860 0.076429 0.102171
3 0.802844 0.169860 0.064226 0.102171
2 0.919607 0.169860 0.017983 0.035760
5 0.700706 0.153257 0.025690 0.051086
11 0.479127 0.533321 0.064226 0.063857
12 0.414611 0.659526 0.041747 0.012771
12 0.447224 0.765856 0.006423 0.167497
12 0.089258 0.409438 0.041586 0.012771
12 0.187508 0.409839 0.031599 0.012771
12 0.244011 0.410077 0.035164 0.012771
12 0.470312 0.161125 0.437669 0.019968
12 0.773933 0.409438 0.041123 0.012771
12 0.641001 0.663365 0.326254 0.474649
12 0.872786 0.169860 0.078227 0.012771
12 0.215189 0.304885 0.006423 0.163129
12 0.657354 0.409438 0.044316 0.012771
12 0.296034 0.547050 0.047688 0.229246
12 0.631367 0.544176 0.345522 0.236271
12 0.323154 0.409823 0.076879 0.012771
12 0.742141 0.159992 0.059748 0.014403
12 0.750201 0.284540 0.100916 0.216590
12 0.504496 0.409438 0.138086 0.012771
12 0.447503 0.599413 0.006423 0.073436
