8 0.500422 0.652388 0.988481 0.682958
8 0.350818 0.149869 0.631245 0.081759
8 0.336654 0.046957 0.631245 0.081759
8 0.366009 0.242544 0.631245 0.081759
9 0.514929 0.457594 0.959467 0.293369
9 0.514929 0.927939 0.959467 0.131857
9 0.514929 0.733144 0.959467 0.257732
0 0.091393 0.390155 0.029014 0.030928
4 0.177901 0.491330 0.038685 0.041237
3 0.329286 0.491330 0.096712 0.082474
4 0.177901 0.376598 0.038685 0.041237
4 0.440505 0.491330 0.038685 0.041237
5 0.113781 0.491478 0.038685 0.041237
3 0.722050 0.491330 0.096712 0.082474
3 0.551723 0.376598 0.096712 0.082474
4 0.570165 0.491592 0.038685 0.041237
3 0.177901 0.927990 0.096712 0.082474
3 0.809816 0.927990 0.096712 0.082474
2 0.932979 0.927990 0.027079 0.028866
5 0.634284 0.927990 0.038685 0.041237
3 0.440505 0.733144 0.096712 0.082474
4 0.634284 0.750825 0.038685 0.041237
3 0.364983 0.150227 0.114265 0.047546
3 0.476306 0.047314 0.096712 0.047546
3 0.380174 0.242902 0.147050 0.047546
4 0.551723 0.242902 0.038685 0.041237
13 0.109840 0.430507 0.011750 0.084828
13 0.239087 0.491638 0.087555 0.010309
13 0.178385 0.433964 0.009671 0.077618
13 0.252547 0.263670 0.114475 0.231010
13 0.288709 0.321894 0.186799 0.114562
13 0.303167 0.201647 0.253433 0.312789
13 0.399402 0.491653 0.047389 0.010309
13 0.440768 0.601928 0.009671 0.184083
13 0.145841 0.491660 0.029305 0.010309
13 0.146083 0.699424 0.067506 0.378780
13 0.505335 0.491719 0.094844 0.010309
13 0.420600 0.927990 0.392553 0.010309
13 0.493040 0.243240 0.082550 0.010309
13 0.487161 0.186255 0.133960 0.076180
13 0.538434 0.134799 0.031414 0.179093
13 0.552003 0.299441 0.009671 0.075964
13 0.888806 0.927990 0.065135 0.010309
13 0.617410 0.553402 0.038530 0.357732
13 0.707544 0.927990 0.111702 0.010309
13 0.634768 0.839407 0.009671 0.140051
13 0.631601 0.491486 0.088056 0.010309
13 0.529754 0.622678 0.085656 0.225057
13 0.687838 0.641954 0.072292 0.222897
11 0.019923 0.652577 0.013540 0.031947
11 0.048936 0.732990 0.013540 0.077360
11 0.048936 0.927835 0.013540 0.032676
11 0.048936 0.458247 0.013540 0.060507
11 0.328820 0.491340 0.063539 0.029278
11 0.722437 0.483918 0.064825 0.014433
11 0.551257 0.375876 0.062264 0.029278
11 0.177950 0.927423 0.054827 0.029278
11 0.809478 0.927423 0.062893 0.029278
11 0.440039 0.732577 0.068055 0.029278
11 0.215970 0.477216 0.021881 0.012371
11 0.165086 0.437010 0.026498 0.012371
11 0.428562 0.376804 0.066021 0.025979
11 0.048936 0.150000 0.013540 0.063611
11 0.364603 0.150103 0.091610 0.014433
11 0.035397 0.046907 0.013540 0.063289
11 0.477115 0.047010 0.047434 0.029278
11 0.064410 0.242784 0.013540 0.063611
11 0.380077 0.242887 0.091610 0.014433
