8 0.500130 0.499599 0.993631 0.982269
11 0.009392 0.550637 0.013260 0.578434
9 0.508418 0.771711 0.977056 0.438044
11 0.025967 0.787622 0.013260 0.180321
9 0.508418 0.414064 0.977056 0.277250
11 0.025967 0.432248 0.013260 0.206082
9 0.508418 0.141952 0.977056 0.266975
11 0.025967 0.161169 0.013260 0.217791
0 0.044751 0.724550 0.016575 0.042857
11 0.044751 0.759639 0.072668 0.033393
3 0.232597 0.888127 0.055249 0.114286
11 0.232597 0.891699 0.064570 0.072857
4 0.730643 0.724550 0.022099 0.057143
3 0.105525 0.724550 0.055249 0.114286
11 0.105525 0.728121 0.049866 0.072857
4 0.169061 0.724550 0.022099 0.057143
11 0.169061 0.677764 0.054980 0.036429
3 0.584636 0.888127 0.055249 0.114286
11 0.584636 0.891699 0.054341 0.072857
3 0.232597 0.724550 0.055249 0.114286
11 0.232597 0.731336 0.055620 0.109286
3 0.422266 0.724550 0.072235 0.114286
11 0.422266 0.728121 0.095257 0.072857
4 0.598320 0.724550 0.022099 0.057143
11 0.634169 0.751336 0.090142 0.036429
3 0.529961 0.724550 0.055249 0.114286
11 0.529961 0.731336 0.058816 0.109286
2 0.957052 0.724550 0.015470 0.040000
11 0.957052 0.758211 0.083216 0.033393
5 0.294985 0.724550 0.022099 0.057143
3 0.322520 0.888127 0.055249 0.114286
11 0.322520 0.891699 0.046669 0.072857
4 0.783920 0.725264 0.022099 0.057143
3 0.667107 0.414011 0.055249 0.114286
11 0.667107 0.417582 0.058816 0.072857
3 0.493561 0.155711 0.055249 0.114286
11 0.493561 0.156068 0.072242 0.036429
5 0.783920 0.155711 0.022099 0.057143
3 0.849028 0.155711 0.055249 0.114286
11 0.849028 0.162496 0.072242 0.109286
13 0.145580 0.724998 0.027072 0.014286
13 0.572428 0.724992 0.031895 0.014286
13 0.619040 0.554995 0.043096 0.287682
11 0.590862 0.679728 0.013260 0.032786
13 0.664482 0.725264 0.112433 0.014286
11 0.620183 0.708479 0.019416 0.036429
13 0.712578 0.554995 0.037904 0.287682
13 0.272078 0.725000 0.025924 0.014286
13 0.346091 0.724978 0.082324 0.014286
13 0.480360 0.724550 0.046163 0.014286
13 0.380598 0.425845 0.172885 0.545982
13 0.647027 0.156088 0.253895 0.014286
13 0.757281 0.725618 0.033387 0.014286
13 0.808187 0.156161 0.028644 0.014286
13 0.187155 0.820624 0.037845 0.140720
11 0.161602 0.704843 0.013260 0.250576
13 0.192541 0.725002 0.027072 0.014286
11 0.205525 0.627500 0.055620 0.036429
13 0.277558 0.888127 0.036885 0.014286
13 0.453578 0.888127 0.209077 0.014286
13 0.912985 0.440130 0.074875 0.574553
13 0.065470 0.724550 0.027072 0.014286
13 0.784196 0.440487 0.005525 0.518125
13 0.698228 0.820982 0.174146 0.140006
