8 0.500000 0.511965 0.991215 0.960957
11 0.012445 0.555685 0.017570 0.495502
9 0.510981 0.835013 0.969253 0.314861
9 0.510981 0.197103 0.969253 0.331234
11 0.034407 0.211130 0.026354 0.158974
9 0.510981 0.520151 0.969253 0.314861
11 0.034407 0.530353 0.017570 0.115617
0 0.081259 0.188917 0.021962 0.037783
11 0.081259 0.229377 0.085416 0.058879
3 0.172767 0.188917 0.073206 0.100756
11 0.172767 0.192065 0.066074 0.064232
4 0.300878 0.188917 0.029283 0.050378
3 0.385066 0.119647 0.073206 0.100756
11 0.385066 0.128463 0.063533 0.128463
5 0.242313 0.195214 0.029283 0.050378
3 0.385066 0.289673 0.073206 0.100756
11 0.385066 0.292821 0.069462 0.064232
1 0.472914 0.119647 0.021962 0.037783
3 0.590044 0.119647 0.073206 0.100756
11 0.590044 0.122796 0.061839 0.064232
3 0.732796 0.119647 0.073206 0.100756
11 0.732796 0.122796 0.072004 0.064232
4 0.842606 0.289673 0.029283 0.050378
3 0.505857 0.512594 0.073206 0.100756
11 0.505857 0.518577 0.079628 0.096348
4 0.590044 0.512594 0.029283 0.050378
3 0.674231 0.437028 0.073206 0.100756
11 0.674231 0.440176 0.077933 0.064232
3 0.674231 0.613350 0.073206 0.100756
11 0.674231 0.613665 0.095723 0.032116
4 0.754758 0.512594 0.029283 0.050378
5 0.842606 0.512594 0.029283 0.050378
3 0.934114 0.520151 0.073206 0.100756
11 0.934114 0.526134 0.094876 0.096348
12 0.510981 0.214106 0.073206 0.062972
11 0.488601 0.213161 0.033884 0.032116
13 0.114202 0.188917 0.046852 0.012594
13 0.218521 0.188917 0.021230 0.012594
13 0.324854 0.141688 0.050146 0.049118
11 0.290996 0.107806 0.017570 0.311753
13 0.324854 0.251259 0.050146 0.079345
11 0.290996 0.158791 0.017570 0.307624
13 0.613104 0.462531 0.051977 0.056045
11 0.578331 0.474013 0.017570 0.026840
13 0.558931 0.511951 0.035871 0.012594
13 0.439605 0.416247 0.398975 0.399244
13 0.733529 0.460327 0.048316 0.054156
13 0.798316 0.512594 0.059297 0.012594
13 0.777452 0.573678 0.133236 0.076826
13 0.877745 0.515663 0.042460 0.013694
13 0.472914 0.175693 0.007321 0.079345
13 0.272328 0.193770 0.033675 0.012594
13 0.426428 0.426322 0.088580 0.177582
13 0.842766 0.400504 0.007321 0.176322
13 0.440703 0.119647 0.040996 0.012594
13 0.518668 0.118388 0.072474 0.012594
13 0.661786 0.118388 0.070278 0.012594
13 0.625183 0.290275 0.408492 0.012594
13 0.806003 0.190176 0.076135 0.146096
13 0.672401 0.513224 0.138360 0.012594
11 0.618730 0.498426 0.025162 0.032116
