8 0.305667 0.174333 0.521333 0.268667
9 0.310667 0.119167 0.511333 0.158333
9 0.310667 0.222667 0.511333 0.048667
9 0.310667 0.277833 0.511333 0.061667
0 0.090000 0.095000 0.010000 0.010000
3 0.134000 0.093000 0.028000 0.022667
4 0.175000 0.093000 0.013333 0.013333
3 0.235000 0.140500 0.033333 0.022667
3 0.242000 0.058333 0.044000 0.022667
5 0.280667 0.140500 0.013333 0.013333
3 0.299992 0.058333 0.033333 0.026667
3 0.368333 0.058333 0.033333 0.026667
3 0.362667 0.140500 0.044000 0.024667
3 0.324333 0.180833 0.033333 0.018333
4 0.362667 0.180833 0.013333 0.013333
5 0.426675 0.140500 0.013333 0.013333
3 0.362667 0.222667 0.033333 0.026667
5 0.426675 0.222667 0.013333 0.013333
3 0.299825 0.267667 0.057000 0.024667
3 0.476671 0.268667 0.033333 0.026667
2 0.524667 0.268667 0.009333 0.009333
5 0.426675 0.268667 0.013333 0.013333
