8 0.499968 0.506296 0.992836 0.972918
11 0.010059 0.528237 0.014201 0.248666
9 0.508844 0.214580 0.975084 0.389487
11 0.027810 0.227576 0.014201 0.147287
9 0.508844 0.555182 0.975084 0.291715
11 0.027811 0.570034 0.014201 0.168328
9 0.508844 0.846897 0.975084 0.291715
11 0.027811 0.862593 0.014201 0.177892
0 0.074556 0.089848 0.017751 0.035006
11 0.074556 0.118509 0.179505 0.027275
3 0.257360 0.089848 0.059172 0.093349
11 0.257360 0.092765 0.071893 0.059510
4 0.404551 0.089848 0.023669 0.046674
3 0.522895 0.089848 0.059172 0.093349
11 0.522895 0.092765 0.073948 0.059510
3 0.608693 0.089848 0.059172 0.093349
11 0.608693 0.092765 0.049983 0.059510
3 0.694492 0.089848 0.059172 0.093349
11 0.694492 0.092765 0.058199 0.059510
3 0.490942 0.206534 0.059172 0.093349
11 0.490942 0.209452 0.056145 0.059510
4 0.665498 0.206534 0.023669 0.046674
3 0.665498 0.339613 0.059172 0.093349
11 0.665498 0.342531 0.060254 0.059510
5 0.345031 0.089848 0.023669 0.046674
2 0.945580 0.086348 0.016568 0.032672
11 0.945580 0.113842 0.100423 0.027275
3 0.576741 0.206534 0.059172 0.093349
11 0.576741 0.209452 0.070524 0.059510
4 0.828706 0.206152 0.023669 0.046674
5 0.856577 0.085331 0.023669 0.046674
3 0.174978 0.089848 0.059172 0.093349
11 0.174978 0.098016 0.071893 0.119020
3 0.665498 0.555182 0.059172 0.093349
11 0.665498 0.558099 0.062992 0.059510
3 0.760173 0.555182 0.059172 0.093349
11 0.760173 0.558099 0.079425 0.059510
3 0.344756 0.846897 0.059172 0.093349
11 0.344756 0.847189 0.077371 0.029755
3 0.445971 0.846897 0.059172 0.093349
11 0.445971 0.849814 0.058199 0.059510
13 0.114412 0.089848 0.064327 0.011669
13 0.565794 0.089848 0.028994 0.011669
13 0.651593 0.089848 0.028994 0.011669
13 0.454847 0.090185 0.079290 0.011669
11 0.447774 0.076558 0.080136 0.030316
13 0.433102 0.159860 0.058876 0.098016
11 0.396563 0.073471 0.014201 0.206584
13 0.665498 0.447397 0.005917 0.126887
13 0.395364 0.846897 0.044411 0.011669
13 0.310071 0.090198 0.048618 0.011669
13 0.374791 0.090141 0.038219 0.011669
13 0.344737 0.456704 0.005917 0.691704
13 0.712835 0.555182 0.037870 0.011669
13 0.533841 0.206534 0.028994 0.011669
13 0.629995 0.207118 0.049704 0.011669
13 0.665673 0.261405 0.005917 0.067735
11 0.657274 0.174455 0.014531 0.313830
13 0.809380 0.392336 0.041610 0.330359
13 0.747102 0.206928 0.141906 0.011669
11 0.730657 0.193298 0.145854 0.030239
13 0.843072 0.145741 0.019471 0.078815
13 0.784410 0.089848 0.123032 0.011669
13 0.666215 0.477199 0.383682 0.741730
13 0.902854 0.086139 0.071252 0.011669
13 0.216169 0.089848 0.025577 0.011669
