8 0.500000 0.500000 0.985882 0.985899
9 0.517647 0.300823 0.950588 0.587544
9 0.517647 0.700353 0.950588 0.211516
9 0.517647 0.899530 0.950588 0.186839
0 0.095294 0.171563 0.035294 0.035253
3 0.224706 0.171563 0.117647 0.094007
4 0.360000 0.171563 0.047059 0.047004
3 0.612941 0.300823 0.117647 0.094007
3 0.454118 0.095182 0.117647 0.094007
3 0.760588 0.142186 0.095294 0.047004
4 0.595294 0.095182 0.047059 0.047004
3 0.745294 0.054054 0.095294 0.047004
3 0.760588 0.230317 0.095294 0.047004
4 0.877647 0.142186 0.047059 0.047004
2 0.958824 0.142186 0.032941 0.032902
4 0.454118 0.465335 0.047059 0.047004
5 0.454118 0.247944 0.047059 0.047004
5 0.843529 0.324324 0.047059 0.047004
3 0.454118 0.341951 0.117647 0.094007
3 0.454118 0.729730 0.117647 0.094007
3 0.224706 0.905993 0.117647 0.094007
13 0.139412 0.171563 0.057647 0.011751
13 0.310000 0.171932 0.057647 0.011751
13 0.377941 0.121622 0.039412 0.057579
13 0.542259 0.095182 0.063342 0.011751
13 0.664706 0.113396 0.098824 0.036428
13 0.648416 0.064630 0.093756 0.018801
13 0.838235 0.092244 0.085882 0.055229
13 0.832353 0.138660 0.043529 0.011751
13 0.843529 0.196827 0.070588 0.062280
13 0.921176 0.143361 0.044706 0.011751
13 0.454439 0.585781 0.011765 0.198590
13 0.655882 0.171563 0.118824 0.110458
13 0.661176 0.407168 0.369412 0.118684
13 0.745882 0.312867 0.152941 0.028790
13 0.394829 0.221640 0.073872 0.052608
13 0.516471 0.275558 0.080000 0.052879
13 0.913529 0.245006 0.095294 0.168038
13 0.677059 0.542303 0.332941 0.379553
13 0.454706 0.415394 0.011765 0.057579
13 0.454118 0.282627 0.011765 0.027064
13 0.624118 0.615746 0.671765 0.587544
13 0.280588 0.525633 0.116471 0.671413
11 0.024235 0.500000 0.016471 0.236688
11 0.059529 0.899530 0.016471 0.085056
11 0.059529 0.700353 0.016471 0.079555
11 0.059529 0.300823 0.016471 0.068968
11 0.226078 0.171093 0.076912 0.033373
11 0.614717 0.300353 0.080846 0.033373
11 0.454118 0.094712 0.098497 0.050294
11 0.760588 0.141716 0.075742 0.033373
11 0.745294 0.053584 0.075742 0.033373
11 0.760588 0.229847 0.075742 0.033373
11 0.454118 0.341481 0.076507 0.016451
11 0.454118 0.729260 0.076507 0.033373
11 0.224706 0.905523 0.066696 0.033373
11 0.344464 0.070388 0.070104 0.014101
11 0.440156 0.334313 0.080312 0.029612
11 0.209017 0.419389 0.069798 0.014101
