8 0.500000 0.500000 0.987705 0.984334
11 0.017418 0.506420 0.024590 0.072762
0 0.098361 0.138381 0.030738 0.039164
11 0.098361 0.170447 0.161933 0.030516
3 0.198258 0.138381 0.076844 0.104439
11 0.198258 0.141645 0.100776 0.066580
4 0.318648 0.138381 0.040984 0.052219
11 0.310451 0.077350 0.167169 0.033290
3 0.629611 0.234987 0.076844 0.067885
11 0.629611 0.238251 0.091291 0.066580
3 0.630123 0.357702 0.076844 0.078329
11 0.630123 0.360966 0.091291 0.066580
3 0.421107 0.550914 0.076844 0.067885
11 0.421107 0.557115 0.081806 0.099869
3 0.420594 0.138381 0.089139 0.078329
11 0.420594 0.138708 0.080621 0.033290
5 0.519467 0.138381 0.040984 0.052219
11 0.529713 0.073433 0.235934 0.033290
3 0.629611 0.138381 0.076844 0.078329
11 0.629611 0.141645 0.091291 0.066580
2 0.942623 0.138381 0.028689 0.036554
11 0.942623 0.169142 0.118461 0.030516
3 0.846824 0.140992 0.076844 0.067885
11 0.846824 0.147193 0.080621 0.099869
4 0.733607 0.140992 0.040984 0.052219
11 0.740779 0.073433 0.213408 0.033290
13 0.136783 0.138381 0.050205 0.013055
13 0.266906 0.138381 0.064549 0.013055
13 0.350922 0.357702 0.067623 0.391645
13 0.357582 0.138787 0.040984 0.013055
13 0.482070 0.138785 0.037910 0.013055
13 0.555584 0.199739 0.075307 0.075718
13 0.555840 0.261097 0.075820 0.198433
13 0.565574 0.138762 0.055328 0.013055
13 0.693904 0.344648 0.472848 0.417755
13 0.690574 0.139226 0.049180 0.013055
13 0.701076 0.201044 0.070184 0.073107
13 0.701332 0.262402 0.069672 0.195822
13 0.781250 0.141372 0.058402 0.013055
13 0.906762 0.140992 0.047131 0.013055
