8 0.500061 0.500191 0.992975 0.985585
9 0.508995 0.674685 0.975107 0.286369
9 0.508995 0.269450 0.975107 0.524102
9 0.508995 0.905426 0.975107 0.175114
4 0.269435 0.605956 0.023824 0.045819
3 0.337928 0.605956 0.059559 0.091638
4 0.408166 0.605956 0.023824 0.045819
5 0.855133 0.681998 0.023824 0.045819
2 0.950291 0.681998 0.016677 0.032073
3 0.337928 0.605956 0.059559 0.091638
0 0.064828 0.346112 0.017868 0.034364
3 0.127727 0.349467 0.059559 0.091638
4 0.267691 0.349467 0.023824 0.045819
3 0.337928 0.208655 0.059559 0.091638
6 0.409172 0.208655 0.023824 0.045819
3 0.503233 0.086703 0.059559 0.091638
3 0.503233 0.327253 0.059559 0.091638
3 0.503233 0.208655 0.059559 0.091638
5 0.206643 0.349467 0.023824 0.045819
6 0.571726 0.208655 0.023824 0.045819
3 0.640219 0.208655 0.059559 0.091638
3 0.726580 0.208655 0.059559 0.091638
5 0.269435 0.457045 0.023824 0.045819
3 0.337928 0.457045 0.059559 0.091638
5 0.458791 0.457045 0.023824 0.045819
4 0.795073 0.208655 0.023824 0.045819
1 0.855133 0.208655 0.017868 0.034364
3 0.347276 0.904926 0.059559 0.091638
1 0.529573 0.904132 0.017868 0.034364
12 0.176119 0.349816 0.039607 0.011455
12 0.085855 0.347058 0.026568 0.011455
12 0.382484 0.208576 0.031935 0.011455
12 0.441462 0.136225 0.066366 0.103624
12 0.441462 0.279409 0.066366 0.100270
12 0.447269 0.208997 0.054752 0.011455
12 0.237167 0.350039 0.039607 0.011455
12 0.262218 0.638651 0.112938 0.537131
12 0.552518 0.136225 0.041394 0.103624
12 0.546413 0.209015 0.029184 0.011455
12 0.552518 0.279409 0.041394 0.100270
12 0.597039 0.209018 0.029184 0.011455
12 0.683400 0.208655 0.029184 0.011455
12 0.268861 0.403256 0.005956 0.066341
12 0.294748 0.457407 0.029184 0.011455
12 0.269733 0.531501 0.005956 0.107675
12 0.294748 0.606319 0.029184 0.011455
12 0.381981 0.606314 0.030928 0.011455
12 0.407294 0.457373 0.081553 0.011455
12 0.427671 0.520332 0.040798 0.130011
12 0.769761 0.209015 0.029184 0.011455
12 0.626932 0.343223 0.314841 0.233370
12 0.826592 0.208929 0.041596 0.011455
12 0.448847 0.904483 0.145966 0.011455
12 0.696969 0.804520 0.319306 0.203806
12 0.855280 0.442463 0.005956 0.437833
12 0.904499 0.682275 0.077290 0.011455
12 0.293876 0.279347 0.030928 0.145966
12 0.294748 0.606319 0.029184 0.011455
12 0.334347 0.677473 0.131611 0.101796
