8 0.499584 0.499988 0.991342 0.984102
9 0.510066 0.291728 0.970377 0.567583
9 0.510066 0.679650 0.970377 0.208260
9 0.510066 0.887909 0.970377 0.208260
5 0.309993 0.499650 0.027952 0.055249
0 0.048917 0.092541 0.020964 0.041436
3 0.183788 0.092541 0.069881 0.110497
4 0.264151 0.092541 0.027952 0.055249
5 0.104822 0.092541 0.027952 0.055249
3 0.434032 0.093861 0.069881 0.110497
4 0.722292 0.092541 0.027952 0.055249
3 0.434032 0.237569 0.069881 0.110497
3 0.434032 0.382421 0.069881 0.110497
3 0.647519 0.093861 0.069881 0.110497
3 0.535360 0.499650 0.069881 0.110497
5 0.688050 0.497238 0.027952 0.055249
1 0.632145 0.497238 0.020964 0.041436
5 0.320475 0.092980 0.027952 0.055249
5 0.555276 0.095429 0.027952 0.055249
3 0.567156 0.669539 0.069881 0.110497
4 0.647519 0.669539 0.027952 0.055249
4 0.475961 0.669539 0.027952 0.055249
3 0.390356 0.669539 0.069881 0.110497
2 0.947240 0.858766 0.019567 0.038674
3 0.871069 0.858766 0.069881 0.110497
3 0.309993 0.858766 0.069881 0.110497
5 0.774705 0.858766 0.027952 0.055249
1 0.168484 0.858766 0.020964 0.041436
1 0.414815 0.858921 0.020964 0.041436
12 0.075122 0.092541 0.034242 0.013812
12 0.280259 0.310253 0.034312 0.385699
12 0.617820 0.669973 0.034242 0.013812
12 0.921733 0.858766 0.034242 0.013812
12 0.712334 0.309047 0.023410 0.383287
12 0.755661 0.462532 0.041581 0.742743
12 0.131586 0.489466 0.055625 0.744125
12 0.812405 0.859188 0.050243 0.013812
12 0.292313 0.093328 0.031167 0.013812
12 0.366771 0.094018 0.067435 0.013812
12 0.359958 0.251513 0.081062 0.267342
12 0.512299 0.252737 0.089448 0.264893
12 0.590915 0.096541 0.046122 0.013812
12 0.695388 0.093460 0.028651 0.013812
12 0.234451 0.092975 0.034242 0.013812
12 0.133823 0.092980 0.032844 0.013812
12 0.412194 0.500028 0.179245 0.013812
12 0.674948 0.597369 0.029700 0.150539
12 0.511076 0.669965 0.045073 0.013812
12 0.374633 0.858862 0.062194 0.013812
12 0.512299 0.180311 0.089448 0.120041
12 0.443641 0.669967 0.039483 0.013812
12 0.332879 0.598406 0.047869 0.147790
12 0.562089 0.726344 0.174354 0.063886
12 0.359783 0.179086 0.081412 0.122490
12 0.595982 0.498926 0.054158 0.013812
12 0.658351 0.497238 0.034242 0.013812
12 0.227009 0.858766 0.098882 0.013812
12 0.593013 0.859186 0.338227 0.013812
12 0.505136 0.095978 0.075122 0.013812
