8 0.289500 0.172500 0.549000 0.245000
9 0.294500 0.231167 0.539000 0.039667
9 0.294500 0.130667 0.539000 0.161333
9 0.294500 0.273000 0.539000 0.044000
5 0.321833 0.230333 0.013333 0.013333
3 0.367333 0.230333 0.033333 0.026667
5 0.405000 0.230000 0.013333 0.013333
4 0.436667 0.230333 0.013333 0.013333
3 0.480000 0.230333 0.033333 0.026667
0 0.051667 0.080000 0.010000 0.010000
3 0.268333 0.080000 0.033333 0.026667
4 0.099333 0.080000 0.013333 0.013333
3 0.137667 0.150000 0.033333 0.026667
5 0.099333 0.115000 0.013333 0.013333
3 0.137667 0.115000 0.033333 0.026667
3 0.137667 0.189333 0.033333 0.026667
5 0.181667 0.115000 0.013333 0.013333
3 0.220000 0.115000 0.033333 0.026667
3 0.268333 0.115000 0.033333 0.026667
4 0.321667 0.080000 0.013333 0.013333
2 0.553300 0.080000 0.009333 0.009333
4 0.526967 0.080000 0.013333 0.013333
3 0.366667 0.271000 0.033333 0.026667
