8 0.499995 0.500012 0.992395 0.988375
11 0.010760 0.514335 0.015190 0.162327
9 0.509489 0.726520 0.973408 0.535360
11 0.029747 0.738877 0.015190 0.140047
9 0.509489 0.232332 0.973408 0.453015
11 0.029747 0.243145 0.015190 0.122541
3 0.571779 0.583760 0.063291 0.077665
11 0.571779 0.586187 0.067378 0.049512
5 0.487975 0.692163 0.025316 0.038833
3 0.571779 0.802651 0.063291 0.077665
11 0.571779 0.802894 0.082758 0.024756
0 0.062633 0.084461 0.018987 0.029124
11 0.062633 0.108307 0.024168 0.022693
3 0.132253 0.084461 0.063291 0.077665
11 0.132253 0.086888 0.042477 0.049512
4 0.217430 0.084461 0.025316 0.038833
11 0.217430 0.052667 0.068110 0.024756
3 0.290215 0.084461 0.063291 0.077665
11 0.290215 0.084704 0.078363 0.024756
3 0.396475 0.084461 0.063291 0.077665
11 0.396475 0.086888 0.049801 0.049512
4 0.545968 0.051549 0.025316 0.038833
11 0.545968 0.019755 0.117179 0.024756
3 0.628614 0.051549 0.063291 0.077665
11 0.628614 0.051791 0.054195 0.024756
3 0.628614 0.163097 0.063291 0.077665
11 0.628614 0.163340 0.054195 0.024756
3 0.487975 0.084461 0.063291 0.077665
11 0.487975 0.086888 0.053463 0.049512
4 0.746461 0.051549 0.025316 0.038833
3 0.816414 0.051549 0.063291 0.077665
11 0.816414 0.053976 0.062251 0.049512
3 0.918345 0.051549 0.063291 0.077665
11 0.918345 0.053976 0.075434 0.049512
3 0.290215 0.333599 0.063291 0.077665
11 0.290215 0.333841 0.063716 0.024756
3 0.412025 0.333599 0.063291 0.077665
11 0.412025 0.336026 0.060054 0.049512
3 0.628614 0.349234 0.063291 0.077665
11 0.628614 0.349477 0.054195 0.024756
2 0.987332 0.051549 0.017722 0.027183
13 0.086367 0.084461 0.031013 0.009708
13 0.184335 0.084757 0.043405 0.009708
13 0.244329 0.084768 0.031013 0.009708
11 0.238480 0.073409 0.014463 0.024853
13 0.238158 0.218738 0.043354 0.233605
11 0.212025 0.140686 0.022242 0.024756
13 0.343345 0.084461 0.045500 0.009708
13 0.577797 0.051848 0.040873 0.009708
13 0.571627 0.117031 0.053215 0.096015
13 0.571627 0.210099 0.053215 0.282152
13 0.442225 0.084461 0.030741 0.009708
13 0.526465 0.063056 0.016222 0.011496
13 0.697031 0.051830 0.076075 0.009708
13 0.703518 0.117031 0.089049 0.096015
13 0.703518 0.210099 0.089049 0.282152
13 0.771943 0.051859 0.028181 0.009708
13 0.867379 0.051549 0.041172 0.009708
13 0.465981 0.503173 0.047152 0.343031
13 0.520383 0.638204 0.042032 0.112772
13 0.514212 0.757115 0.054374 0.094955
13 0.703318 0.542278 0.432585 0.907677
13 0.964231 0.051549 0.031013 0.009708
13 0.351120 0.333599 0.061051 0.009708
13 0.758218 0.337071 0.312118 0.497262
13 0.759258 0.446501 0.314198 0.716123
