8 0.500000 0.500000 0.992228 0.979592
9 0.509715 0.205782 0.972798 0.391156
9 0.509715 0.777211 0.972798 0.425170
9 0.509715 0.482993 0.972798 0.163265
0 0.042746 0.188776 0.019430 0.051020
4 0.325130 0.188776 0.025907 0.068027
3 0.226684 0.188776 0.064767 0.136054
4 0.772021 0.188776 0.025907 0.068027
3 0.418394 0.307823 0.064767 0.136054
4 0.623057 0.307823 0.025907 0.068027
4 0.772021 0.307823 0.025907 0.068027
3 0.512306 0.307823 0.064767 0.136054
5 0.091969 0.188776 0.025907 0.068027
3 0.418394 0.095238 0.064767 0.136054
3 0.512306 0.095238 0.064767 0.136054
3 0.623057 0.095238 0.064767 0.136054
3 0.179404 0.777211 0.064767 0.136054
5 0.848446 0.777211 0.025907 0.068027
3 0.922927 0.777211 0.064767 0.136054
2 0.980570 0.777211 0.018135 0.047619
3 0.697539 0.482993 0.064767 0.136054
13 0.065415 0.189626 0.029793 0.017007
13 0.713892 0.125000 0.119495 0.066327
13 0.355570 0.125000 0.063472 0.066327
13 0.465350 0.095238 0.031736 0.017007
13 0.355732 0.265306 0.063148 0.091837
13 0.644268 0.412415 0.044365 0.147959
13 0.751133 0.412415 0.045013 0.147959
13 0.697539 0.308673 0.125648 0.017007
13 0.285622 0.189283 0.055699 0.017007
13 0.567681 0.095238 0.048575 0.017007
13 0.465350 0.307823 0.031736 0.017007
13 0.577396 0.308321 0.068005 0.017007
13 0.149611 0.189263 0.091969 0.017007
13 0.119657 0.500000 0.057319 0.561224
13 0.772345 0.248299 0.006477 0.057823
13 0.816872 0.466412 0.066386 0.560374
13 0.523640 0.777648 0.626295 0.017007
13 0.875972 0.777749 0.031736 0.017007
13 0.963407 0.777211 0.018782 0.017007
11 0.013342 0.500000 0.009067 0.134211
11 0.032772 0.482993 0.009067 0.115138
11 0.032772 0.777211 0.009067 0.123100
11 0.032772 0.205782 0.009067 0.099815
11 0.226684 0.188095 0.048172 0.023810
11 0.418830 0.307143 0.052061 0.072789
11 0.654575 0.336565 0.046197 0.020408
11 0.512306 0.307143 0.053784 0.048299
11 0.419368 0.094558 0.041491 0.048299
11 0.512306 0.094558 0.037371 0.048299
11 0.623057 0.094558 0.041697 0.048299
11 0.179404 0.776531 0.036717 0.048299
11 0.922927 0.776531 0.042119 0.048299
11 0.698517 0.482313 0.047533 0.048299
11 0.315880 0.032143 0.042382 0.020408
11 0.316528 0.101871 0.042382 0.020408
11 0.614496 0.321259 0.006193 0.020408
11 0.648574 0.285544 0.013469 0.020408
