8 0.500000 0.500000 0.991543 0.980922
11 0.011980 0.526905 0.016913 0.304923
9 0.510571 0.559618 0.970402 0.305246
11 0.033122 0.579855 0.016913 0.229344
9 0.510571 0.851351 0.970402 0.278219
11 0.033122 0.872737 0.016913 0.242375
9 0.510571 0.208267 0.970402 0.397456
11 0.033122 0.225974 0.016913 0.200676
3 0.428471 0.605723 0.070472 0.127186
11 0.428471 0.609698 0.090516 0.081081
4 0.541226 0.605723 0.028189 0.063593
11 0.586953 0.635533 0.114980 0.040541
3 0.653982 0.500795 0.070472 0.127186
11 0.653982 0.504769 0.075023 0.081081
4 0.763214 0.605723 0.028189 0.063593
3 0.481325 0.861685 0.070472 0.127186
11 0.481325 0.862083 0.092147 0.040541
3 0.705426 0.861685 0.070472 0.127186
11 0.705426 0.869237 0.069314 0.121622
0 0.057082 0.208267 0.021142 0.047695
11 0.057082 0.247317 0.146512 0.037162
3 0.530655 0.120827 0.070472 0.127186
11 0.530655 0.124801 0.059529 0.081081
4 0.322763 0.208267 0.028189 0.063593
11 0.372566 0.238076 0.127212 0.040541
3 0.428471 0.319555 0.070472 0.127186
11 0.428471 0.323529 0.066868 0.081081
3 0.671600 0.120827 0.070472 0.127186
11 0.671600 0.124801 0.069314 0.081081
3 0.229739 0.208267 0.070472 0.127186
11 0.229739 0.208665 0.091332 0.040541
5 0.134602 0.208267 0.028189 0.063593
2 0.923185 0.208267 0.019732 0.044515
11 0.923185 0.245727 0.115864 0.037162
4 0.801973 0.208267 0.028189 0.063593
5 0.861875 0.208267 0.028189 0.063593
3 0.428471 0.120827 0.070472 0.127186
11 0.428471 0.124801 0.066868 0.081081
13 0.358305 0.148649 0.072678 0.062003
11 0.313671 0.159041 0.017039 0.034605
13 0.428471 0.462639 0.007047 0.165342
13 0.580162 0.537361 0.079986 0.079491
11 0.531712 0.555843 0.016913 0.036486
13 0.726392 0.537361 0.077167 0.079491
13 0.094080 0.208267 0.055673 0.015898
13 0.286822 0.208753 0.046512 0.015898
13 0.358175 0.279809 0.072939 0.085851
11 0.313249 0.215847 0.016913 0.078185
13 0.171600 0.208267 0.048626 0.015898
13 0.601128 0.120827 0.073291 0.015898
13 0.290521 0.550874 0.313953 0.627981
13 0.754581 0.148649 0.098309 0.062003
13 0.495419 0.605723 0.066244 0.015898
13 0.791226 0.423291 0.030655 0.372814
13 0.593376 0.861685 0.156448 0.015898
13 0.831924 0.209062 0.034531 0.015898
13 0.894644 0.208267 0.040169 0.015898
13 0.801445 0.550874 0.124383 0.627981
13 0.652220 0.606518 0.196617 0.015898
11 0.569113 0.587838 0.024766 0.040541
13 0.479563 0.120827 0.034531 0.015898
