8 0.499820 0.500082 0.991014 0.980587
9 0.510604 0.270799 0.969446 0.522023
9 0.510604 0.662153 0.969446 0.260685
9 0.510604 0.891436 0.969446 0.197879
0 0.080302 0.213703 0.021567 0.048940
3 0.170165 0.213703 0.071891 0.130506
4 0.333214 0.213703 0.028756 0.065253
3 0.455428 0.213703 0.071891 0.130506
3 0.559669 0.213703 0.071891 0.130506
3 0.663911 0.213703 0.071891 0.130506
3 0.455428 0.384992 0.071891 0.130506
6 0.333573 0.384992 0.028756 0.065253
5 0.263623 0.214107 0.028756 0.065253
6 0.538102 0.384992 0.028756 0.065253
4 0.746585 0.213703 0.028756 0.065253
3 0.333214 0.670473 0.071891 0.130506
3 0.263623 0.898042 0.071891 0.130506
5 0.791876 0.898042 0.028756 0.065253
3 0.874551 0.898042 0.071891 0.130506
2 0.953630 0.898042 0.020129 0.045677
13 0.112653 0.213703 0.046010 0.016313
13 0.227678 0.214451 0.046010 0.016313
13 0.507549 0.213703 0.035226 0.016313
13 0.611790 0.213703 0.035226 0.016313
13 0.333751 0.299347 0.007189 0.112561
13 0.383717 0.385473 0.074407 0.016313
13 0.333055 0.511419 0.007189 0.194127
13 0.383537 0.214184 0.074766 0.016313
13 0.298418 0.214723 0.043710 0.016313
13 0.263811 0.539762 0.007189 0.592581
13 0.507549 0.385504 0.035226 0.016313
13 0.453810 0.544046 0.172178 0.259380
13 0.716032 0.214215 0.035226 0.016313
13 0.649712 0.316069 0.197340 0.146003
13 0.776600 0.539967 0.034148 0.657423
13 0.538533 0.898467 0.480806 0.016313
13 0.822430 0.898559 0.035226 0.016313
13 0.927031 0.898042 0.035945 0.016313
11 0.014809 0.500000 0.010065 0.234502
11 0.036377 0.891517 0.010065 0.118080
11 0.036377 0.662316 0.010065 0.094136
11 0.036377 0.270799 0.010065 0.095745
11 0.080636 0.261827 0.059186 0.041109
11 0.170381 0.213051 0.057784 0.022838
11 0.355775 0.252039 0.028588 0.041109
11 0.456870 0.213051 0.040057 0.046330
11 0.560029 0.213051 0.041482 0.046330
11 0.664270 0.213051 0.046284 0.046330
11 0.456873 0.384339 0.049402 0.046330
11 0.367457 0.423328 0.049077 0.041109
11 0.334659 0.669821 0.052761 0.046330
11 0.263839 0.898206 0.040756 0.046330
11 0.874910 0.898206 0.046751 0.069821
11 0.953736 0.934584 0.061317 0.019576
11 0.352551 0.207015 0.014951 0.019576
11 0.365883 0.361990 0.022924 0.019576
11 0.323351 0.396248 0.006875 0.019576
11 0.357140 0.190701 0.006875 0.019576
