8 0.500000 0.500000 0.983051 0.958333
11 0.024011 0.545703 0.033898 0.517969
9 0.521186 0.739583 0.940678 0.479167
11 0.066384 0.787798 0.033898 0.546429
9 0.521186 0.260417 0.940678 0.479167
11 0.066384 0.299089 0.033898 0.438281
3 0.637006 0.765295 0.141243 0.277778
0 0.156780 0.260417 0.042373 0.104167
11 0.158192 0.156684 0.053935 0.162326
3 0.312147 0.260417 0.141243 0.277778
11 0.312147 0.261285 0.166707 0.088542
4 0.460452 0.260417 0.056497 0.138889
11 0.460452 0.146701 0.044189 0.088542
3 0.637006 0.260417 0.141243 0.277778
4 0.799435 0.260417 0.056497 0.138889
2 0.911017 0.260417 0.039548 0.097222
13 0.209746 0.260417 0.069209 0.034722
13 0.407486 0.261527 0.055085 0.034722
13 0.527542 0.256944 0.083333 0.034722
11 0.505612 0.216146 0.032203 0.088542
13 0.513771 0.547578 0.110876 0.449323
13 0.739407 0.261506 0.069209 0.034722
13 0.859463 0.261224 0.069209 0.034722
13 0.753884 0.547578 0.098164 0.449323
