8 0.500000 0.499994 0.991585 0.980372
9 0.510519 0.565429 0.970547 0.297060
9 0.510519 0.213354 0.970547 0.407092
9 0.510519 0.852070 0.970547 0.276221
3 0.646260 0.565836 0.070126 0.130933
0 0.046952 0.214346 0.021038 0.049100
5 0.106532 0.214346 0.028050 0.065466
3 0.183645 0.214346 0.070126 0.130933
4 0.260737 0.214346 0.028050 0.065466
3 0.329792 0.109098 0.082048 0.130933
3 0.435980 0.109098 0.070126 0.130933
4 0.513073 0.158744 0.028050 0.065466
3 0.646260 0.069382 0.070126 0.065466
3 0.646260 0.158744 0.070126 0.065466
3 0.646260 0.248105 0.070126 0.065466
3 0.329792 0.317609 0.082048 0.130933
4 0.513073 0.367254 0.028050 0.065466
3 0.435980 0.317609 0.070126 0.130933
4 0.751390 0.367254 0.028050 0.065466
4 0.751390 0.158744 0.028050 0.065466
4 0.807464 0.367254 0.028050 0.065466
3 0.403927 0.851439 0.070126 0.130933
5 0.807464 0.851439 0.028050 0.065466
3 0.884577 0.851439 0.070126 0.130933
2 0.957462 0.851439 0.019635 0.045827
13 0.074989 0.214729 0.037842 0.016367
13 0.237873 0.549259 0.264786 0.610906
13 0.134570 0.214870 0.030829 0.016367
13 0.232710 0.214865 0.030809 0.016367
13 0.385866 0.109098 0.032906 0.016367
13 0.485045 0.141070 0.030809 0.024795
13 0.274928 0.282344 0.030485 0.077076
13 0.274928 0.145356 0.030485 0.079062
13 0.385866 0.317609 0.032906 0.016367
13 0.485045 0.364874 0.030809 0.016367
13 0.562310 0.482912 0.100578 0.172395
13 0.716532 0.482912 0.073222 0.172395
13 0.632231 0.368072 0.213071 0.016367
13 0.716532 0.097696 0.073222 0.063175
13 0.709344 0.159233 0.058847 0.016367
13 0.716532 0.219791 0.073222 0.063175
13 0.807815 0.609347 0.007013 0.425265
13 0.616215 0.851869 0.357254 0.016367
13 0.933642 0.851439 0.030809 0.016367
13 0.835501 0.851962 0.030829 0.016367
13 0.786615 0.247041 0.045205 0.181506
13 0.779427 0.368072 0.030829 0.016367
13 0.569147 0.159219 0.086904 0.016367
13 0.562310 0.220609 0.100578 0.064812
13 0.562310 0.097696 0.100578 0.063175
11 0.014446 0.500000 0.009818 0.122619
11 0.035484 0.851882 0.009818 0.118466
11 0.035484 0.213584 0.009818 0.096058
11 0.035484 0.566285 0.009818 0.110804
11 0.647623 0.565630 0.051466 0.046481
11 0.047143 0.262684 0.062029 0.041244
11 0.184675 0.213748 0.049833 0.070049
11 0.329944 0.109002 0.071585 0.070049
11 0.437352 0.109002 0.057306 0.046481
11 0.647623 0.068085 0.052880 0.046481
11 0.647623 0.158101 0.052880 0.046481
11 0.647623 0.248118 0.052880 0.046481
11 0.330762 0.316858 0.064549 0.093617
11 0.437245 0.316858 0.051466 0.046481
11 0.403927 0.850409 0.039756 0.046481
11 0.884292 0.850409 0.048180 0.070049
11 0.251556 0.130769 0.045889 0.019640
11 0.251556 0.063666 0.045889 0.019640
11 0.503868 0.296072 0.038591 0.019640
11 0.564281 0.345172 0.057032 0.019640
11 0.553000 0.135679 0.035874 0.019640
11 0.503912 0.094763 0.035874 0.019640
11 0.503912 0.029296 0.035874 0.019640
