8 0.495712 0.500000 0.981132 0.992177
9 0.508576 0.252673 0.955403 0.165841
9 0.508576 0.747327 0.955403 0.497523
9 0.521441 0.581486 0.929674 0.165841
9 0.521441 0.913168 0.929674 0.165841
9 0.521441 0.747327 0.929674 0.165841
9 0.508576 0.086832 0.955403 0.165841
9 0.508576 0.417080 0.955403 0.162973
0 0.056604 0.239405 0.025729 0.019557
3 0.253859 0.239405 0.085763 0.052151
4 0.395369 0.239405 0.034305 0.026076
5 0.112350 0.239405 0.034305 0.026076
3 0.562607 0.239405 0.085763 0.052151
4 0.716981 0.239583 0.034305 0.026076
3 0.917667 0.239405 0.085763 0.052151
3 0.578379 0.581356 0.085763 0.052151
3 0.578379 0.911734 0.085763 0.052151
3 0.578379 0.715776 0.085763 0.052151
5 0.792367 0.715776 0.034305 0.026076
5 0.432792 0.715776 0.034305 0.026076
3 0.253859 0.086701 0.085763 0.052151
2 0.958448 0.086701 0.024014 0.018253
5 0.792367 0.086832 0.034305 0.026076
3 0.869465 0.086947 0.085763 0.052151
3 0.716981 0.417080 0.085763 0.052151
13 0.082333 0.239555 0.029160 0.006519
13 0.337479 0.239597 0.084906 0.006519
13 0.161878 0.156535 0.101630 0.142274
13 0.170240 0.239599 0.084906 0.006519
13 0.466123 0.239594 0.110635 0.006519
13 0.717212 0.321812 0.008576 0.140990
13 0.535978 0.086940 0.481904 0.006519
13 0.776329 0.258475 0.036364 0.319817
13 0.763465 0.169889 0.062093 0.142647
13 0.652659 0.239509 0.097770 0.006519
13 0.492721 0.715968 0.088984 0.006519
13 0.698238 0.715958 0.157384 0.006519
13 0.405718 0.484272 0.023272 0.466266
13 0.863593 0.490791 0.111578 0.453228
13 0.818052 0.087088 0.020494 0.006519
13 0.929394 0.086781 0.037525 0.006519
13 0.492721 0.648729 0.088984 0.137353
13 0.492721 0.813918 0.088984 0.198240
13 0.698238 0.814131 0.157384 0.197814
13 0.698238 0.648661 0.157384 0.137217
11 0.037221 0.417210 0.012007 0.044134
11 0.043396 0.086701 0.012007 0.047186
11 0.043396 0.747392 0.012007 0.034141
11 0.043396 0.252282 0.012007 0.038260
11 0.253859 0.238983 0.063788 0.009126
11 0.563902 0.238983 0.058935 0.018514
11 0.919101 0.238983 0.054929 0.018514
11 0.578764 0.581226 0.055505 0.027901
11 0.579331 0.911734 0.057207 0.027901
11 0.579472 0.715515 0.056644 0.027901
11 0.253859 0.086441 0.048620 0.018514
11 0.958535 0.100978 0.073159 0.007823
11 0.869640 0.086441 0.060919 0.018514
11 0.718277 0.416949 0.062942 0.018514
11 0.449158 0.230704 0.056121 0.007823
11 0.705644 0.244394 0.008201 0.007823
11 0.750771 0.230704 0.017836 0.007823
11 0.645509 0.230052 0.061173 0.007823
11 0.383978 0.205280 0.056121 0.007823
