8 0.483906 0.500000 0.954936 0.986095
11 0.018240 0.517096 0.025751 0.193751
9 0.500000 0.279838 0.922747 0.545771
9 0.500000 0.917729 0.922747 0.150637
11 0.050429 0.933316 0.025751 0.176655
9 0.500000 0.697567 0.922747 0.289687
11 0.050429 0.702427 0.025751 0.055086
3 0.500000 0.308227 0.107296 0.092700
11 0.500000 0.311124 0.101809 0.059096
6 0.302039 0.308227 0.042918 0.046350
4 0.302039 0.499421 0.042918 0.046350
11 0.354690 0.521147 0.124157 0.029548
0 0.135193 0.198146 0.032189 0.034762
11 0.135193 0.226608 0.153644 0.027086
5 0.204936 0.198146 0.042918 0.046350
4 0.302039 0.198146 0.042918 0.046350
11 0.353863 0.219873 0.121674 0.029548
3 0.500000 0.198146 0.107296 0.092700
11 0.500000 0.201043 0.084427 0.059096
4 0.607296 0.499421 0.042918 0.046350
6 0.655579 0.308227 0.042918 0.046350
3 0.655579 0.198146 0.107296 0.092700
11 0.655579 0.201043 0.106775 0.059096
5 0.816524 0.464658 0.042918 0.046350
3 0.939914 0.464658 0.107296 0.092700
11 0.939914 0.464948 0.072011 0.029548
4 0.816524 0.308227 0.042918 0.046350
3 0.204936 0.917729 0.107296 0.092700
11 0.204936 0.918019 0.140297 0.029548
3 0.500000 0.644264 0.107296 0.092700
11 0.500000 0.647161 0.114224 0.059096
13 0.167382 0.198411 0.036481 0.011587
13 0.205213 0.546350 0.010730 0.654693
13 0.253487 0.198725 0.058476 0.011587
13 0.384925 0.198484 0.127146 0.011587
11 0.337367 0.185014 0.023671 0.029615
13 0.302575 0.253187 0.010730 0.068366
11 0.287554 0.203950 0.025751 0.055086
13 0.384925 0.308565 0.127146 0.011587
13 0.302575 0.403824 0.010730 0.149479
13 0.374464 0.583430 0.148069 0.126304
11 0.287554 0.509694 0.025751 0.024694
13 0.593884 0.308576 0.084764 0.011587
13 0.580740 0.583430 0.058476 0.126304
13 0.454667 0.500000 0.266631 0.011587
11 0.344083 0.486385 0.036879 0.029548
13 0.620976 0.392526 0.030579 0.172074
13 0.577790 0.198146 0.052575 0.011587
13 0.537822 0.702781 0.562768 0.434531
13 0.736052 0.308806 0.122318 0.011587
13 0.862124 0.465025 0.052575 0.011587
13 0.763144 0.241599 0.112124 0.091541
13 0.817060 0.386443 0.010730 0.114716
