3 0.050134 0.075783 0.089526 0.131796
11 0.050134 0.079901 0.074588 0.084020
4 0.186213 0.075783 0.035810 0.065898
3 0.318711 0.075783 0.089526 0.131796
11 0.318711 0.079901 0.084947 0.084020
3 0.600716 0.075783 0.089526 0.131796
11 0.600716 0.076194 0.117061 0.042010
5 0.130707 0.075783 0.035810 0.065898
3 0.600716 0.248764 0.089526 0.131796
11 0.600716 0.252883 0.095306 0.084020
4 0.506714 0.075783 0.035810 0.065898
3 0.600716 0.924217 0.089526 0.131796
11 0.600716 0.924629 0.117061 0.042010
4 0.735004 0.075783 0.035810 0.065898
3 0.949866 0.075783 0.089526 0.131796
11 0.949866 0.079901 0.098414 0.084020
3 0.355416 0.759473 0.089526 0.131796
11 0.355416 0.763591 0.084947 0.084020
4 0.795434 0.075783 0.035810 0.065898
5 0.846911 0.075783 0.035810 0.065898
3 0.600716 0.759473 0.089526 0.131796
11 0.600716 0.763591 0.088055 0.084020
13 0.103850 0.075783 0.021486 0.016474
13 0.239033 0.076280 0.073411 0.016474
13 0.211280 0.076254 0.128917 0.016474
13 0.540286 0.076315 0.034915 0.016474
13 0.531558 0.178748 0.052372 0.146623
13 0.343554 0.516474 0.428380 0.822076
13 0.690466 0.178748 0.093554 0.146623
13 0.681289 0.076275 0.075201 0.016474
13 0.158460 0.076191 0.023277 0.016474
13 0.829006 0.076247 0.155774 0.016474
13 0.746419 0.516474 0.205461 0.822076
13 0.318711 0.076606 0.343778 0.016474
11 0.222946 0.058072 0.032152 0.042010
13 0.478066 0.759473 0.159355 0.016474
13 0.720680 0.434102 0.153984 0.657331
13 0.248657 0.434102 0.127574 0.657331
11 0.174127 0.082446 0.021486 0.089121
