8 0.500121 0.500159 0.993781 0.987302
9 0.508199 0.111699 0.977626 0.210382
9 0.508199 0.724284 0.977626 0.539052
9 0.508199 0.335824 0.977626 0.237868
3 0.545676 0.132144 0.053850 0.086768
0 0.050968 0.559899 0.016155 0.032538
3 0.129791 0.559675 0.053850 0.086768
4 0.310026 0.559964 0.021540 0.043384
4 0.485016 0.559964 0.021540 0.043384
3 0.431028 0.559675 0.053850 0.086768
5 0.360105 0.797937 0.021540 0.043384
3 0.431028 0.797937 0.053850 0.086768
3 0.431028 0.692731 0.053850 0.086768
3 0.431028 0.916711 0.053850 0.086768
3 0.545676 0.692731 0.053850 0.086768
3 0.545676 0.797937 0.053850 0.086768
3 0.545676 0.916711 0.053850 0.086768
5 0.622479 0.797937 0.021540 0.043384
3 0.676435 0.797937 0.053850 0.086768
5 0.185606 0.559964 0.021540 0.043384
1 0.865956 0.559964 0.016155 0.032538
4 0.622479 0.559964 0.021540 0.043384
5 0.804220 0.559675 0.021540 0.043384
4 0.732250 0.559964 0.021540 0.043384
3 0.249741 0.559964 0.053850 0.086768
2 0.971645 0.336196 0.015078 0.030369
3 0.431028 0.336196 0.053850 0.086768
3 0.865956 0.336196 0.053850 0.086768
13 0.080956 0.559814 0.045974 0.010846
13 0.466100 0.560272 0.018447 0.010846
13 0.382104 0.734488 0.046151 0.087852
13 0.387489 0.797937 0.035381 0.010846
13 0.382412 0.868170 0.045536 0.101421
13 0.362450 0.560147 0.085460 0.010846
13 0.488352 0.692731 0.062951 0.010846
13 0.488352 0.797937 0.062951 0.010846
13 0.488352 0.916711 0.062951 0.010846
13 0.592155 0.798264 0.041262 0.010846
13 0.597674 0.734488 0.052301 0.087852
13 0.597674 0.868170 0.052301 0.101421
13 0.641379 0.798291 0.018415 0.010846
13 0.165776 0.559847 0.020274 0.010846
13 0.294989 0.437234 0.220382 0.206415
13 0.928493 0.336196 0.073379 0.010846
13 0.865956 0.461637 0.005385 0.168454
13 0.502018 0.335208 0.035619 0.410466
13 0.597674 0.335208 0.052301 0.410466
13 0.631221 0.437089 0.348690 0.206126
13 0.717940 0.689796 0.031313 0.220619
13 0.677364 0.560506 0.090385 0.010846
13 0.768235 0.560363 0.052584 0.010846
13 0.836434 0.560086 0.045042 0.010846
13 0.209596 0.560305 0.028594 0.010846
13 0.287961 0.560306 0.024744 0.010846
13 0.553748 0.560506 0.118076 0.010846
13 0.329681 0.689796 0.041463 0.220619
11 0.011093 0.500000 0.007539 0.085592
11 0.027248 0.335683 0.007539 0.078506
11 0.027248 0.723970 0.007539 0.063657
11 0.027248 0.111714 0.007539 0.073429
11 0.545504 0.131887 0.035020 0.046421
11 0.050890 0.584490 0.031775 0.013015
11 0.129779 0.559219 0.046340 0.015184
11 0.310115 0.521584 0.021414 0.013015
11 0.501813 0.604664 0.045091 0.027332
11 0.431615 0.559219 0.037005 0.030803
11 0.430802 0.797831 0.033227 0.030803
11 0.430802 0.692625 0.033059 0.030803
11 0.430802 0.916052 0.033227 0.030803
11 0.546400 0.692625 0.034851 0.046421
11 0.546315 0.797831 0.034851 0.046421
11 0.546315 0.916052 0.034851 0.046421
11 0.677173 0.797831 0.040606 0.030803
11 0.865227 0.526573 0.030939 0.027332
11 0.249865 0.559219 0.040052 0.015184
11 0.949217 0.293384 0.039521 0.027332
11 0.430802 0.335792 0.030528 0.030803
11 0.865913 0.335792 0.035020 0.030803
11 0.360284 0.533514 0.031284 0.013015
11 0.477551 0.492299 0.006260 0.013015
11 0.544595 0.545445 0.012184 0.013015
11 0.282365 0.684273 0.031612 0.013015
