0 0.029818 0.228245 0.021818 0.042796
11 0.029818 0.263285 0.078686 0.033345
4 0.218909 0.228245 0.029091 0.057061
3 0.331636 0.228245 0.072727 0.114123
11 0.331636 0.231812 0.069008 0.072753
3 0.282182 0.606277 0.072727 0.114123
11 0.282182 0.609843 0.069008 0.072753
3 0.464000 0.606277 0.072727 0.114123
11 0.464000 0.606633 0.062275 0.036377
3 0.464000 0.756063 0.072727 0.114123
11 0.464000 0.756419 0.062275 0.036377
3 0.464000 0.456491 0.072727 0.114123
11 0.464000 0.456847 0.062275 0.036377
3 0.727273 0.606277 0.072727 0.114123
11 0.727273 0.609843 0.071532 0.072753
5 0.088000 0.228245 0.029091 0.057061
3 0.434909 0.934379 0.072727 0.114123
11 0.434909 0.937946 0.093413 0.072753
4 0.434909 0.228245 0.029091 0.057061
11 0.468353 0.254993 0.077423 0.036377
3 0.527273 0.077033 0.072727 0.114123
11 0.527273 0.080599 0.077423 0.072753
3 0.920727 0.226819 0.072727 0.114123
11 0.920727 0.230385 0.079948 0.072753
2 0.985455 0.226819 0.020364 0.039943
4 0.610909 0.226819 0.029091 0.057061
4 0.780364 0.226819 0.029091 0.057061
5 0.842182 0.226819 0.029091 0.057061
5 0.380364 0.606277 0.029091 0.057061
5 0.552727 0.606277 0.029091 0.057061
3 0.636364 0.606277 0.072727 0.114123
11 0.636364 0.609843 0.050494 0.072753
3 0.148727 0.230385 0.056000 0.084165
11 0.148727 0.233951 0.053860 0.072753
13 0.232545 0.431526 0.029455 0.355207
11 0.209091 0.171426 0.017455 0.502777
13 0.411273 0.606728 0.035636 0.014265
13 0.404182 0.695435 0.049818 0.126961
13 0.404182 0.517118 0.049818 0.126961
13 0.519273 0.606719 0.040727 0.014265
13 0.526727 0.517118 0.055636 0.126961
13 0.526727 0.695435 0.055636 0.126961
13 0.264364 0.228245 0.064727 0.014265
11 0.265051 0.206876 0.083314 0.072753
13 0.057091 0.228578 0.035636 0.014265
13 0.243455 0.595578 0.313091 0.683310
13 0.463091 0.138374 0.058545 0.128388
11 0.480214 0.058131 0.016021 0.036377
13 0.394182 0.228676 0.055273 0.014265
13 0.966182 0.226819 0.021091 0.014265
13 0.587455 0.137660 0.050545 0.126961
13 0.695636 0.227532 0.143273 0.014265
13 0.772182 0.430813 0.020000 0.356633
13 0.811273 0.227532 0.035636 0.014265
13 0.656909 0.594864 0.374182 0.684736
13 0.870545 0.227277 0.030545 0.014265
13 0.522909 0.228248 0.149818 0.014265
11 0.511479 0.213652 0.024997 0.036377
13 0.342182 0.606711 0.050182 0.014265
13 0.583636 0.606728 0.035636 0.014265
13 0.681818 0.606277 0.021091 0.014265
13 0.111636 0.229509 0.021091 0.014265
13 0.190545 0.229540 0.030545 0.014265
