8 0.500000 0.500145 0.988450 0.982999
11 0.016362 0.542454 0.023099 0.479503
9 0.514437 0.811693 0.959577 0.359902
11 0.045236 0.834202 0.023099 0.255105
9 0.514437 0.179395 0.959577 0.341499
11 0.045236 0.195443 0.023099 0.181880
9 0.514437 0.490943 0.959577 0.281598
11 0.045236 0.509284 0.023099 0.207863
3 0.819057 0.728262 0.096246 0.115274
11 0.819057 0.728622 0.125849 0.036744
3 0.822488 0.901173 0.096246 0.115274
11 0.822488 0.904775 0.094665 0.073487
2 0.941598 0.901173 0.026949 0.040346
0 0.092397 0.188761 0.028874 0.043228
11 0.092397 0.224153 0.034711 0.033682
4 0.284889 0.188761 0.038499 0.057637
3 0.419634 0.109510 0.096246 0.115274
11 0.419634 0.109870 0.119167 0.036744
3 0.419634 0.282421 0.096246 0.115274
11 0.419634 0.282781 0.096893 0.036744
3 0.183831 0.188761 0.096246 0.115274
11 0.183831 0.192363 0.103575 0.073487
3 0.544755 0.109510 0.096246 0.115274
11 0.544755 0.113112 0.091324 0.073487
3 0.674687 0.109510 0.096246 0.115274
11 0.674687 0.109870 0.125849 0.036744
3 0.823869 0.109510 0.096246 0.115274
11 0.823869 0.113112 0.094665 0.073487
3 0.679500 0.282421 0.096246 0.115274
11 0.679500 0.286023 0.083528 0.073487
4 0.514918 0.282421 0.038499 0.057637
11 0.559178 0.321326 0.102461 0.073487
3 0.544755 0.530259 0.096246 0.115274
11 0.544755 0.533862 0.102461 0.073487
13 0.121270 0.188761 0.032724 0.014409
13 0.248797 0.189222 0.037536 0.014409
13 0.328441 0.250000 0.089990 0.070605
11 0.327334 0.261167 0.101347 0.036744
13 0.328441 0.134726 0.089990 0.056196
11 0.305731 0.094020 0.103575 0.036744
13 0.482194 0.109510 0.032724 0.014409
13 0.609721 0.109510 0.037536 0.014409
13 0.749278 0.109510 0.056785 0.014409
13 0.822488 0.901173 0.009625 0.014409
13 0.805303 0.814718 0.009625 0.063401
13 0.481713 0.282888 0.031761 0.014409
13 0.749278 0.505341 0.047161 0.451605
13 0.899367 0.901173 0.061362 0.014409
13 0.821950 0.418886 0.009625 0.509242
13 0.582772 0.282845 0.101059 0.014409
11 0.552913 0.266064 0.033858 0.036951
13 0.515399 0.391931 0.009625 0.167147
11 0.501925 0.294849 0.023099 0.033069
13 0.636189 0.435159 0.090472 0.195965
