8 0.404995 0.188500 0.798657 0.283667
9 0.409995 0.094667 0.788657 0.096000
9 0.409995 0.236500 0.788657 0.187667
9 0.414995 0.166667 0.778657 0.048000
9 0.414995 0.260500 0.778657 0.139667
0 0.066667 0.080000 0.010000 0.010000
3 0.103333 0.080000 0.033333 0.026667
4 0.187667 0.080000 0.013333 0.013333
3 0.279333 0.080000 0.033333 0.026667
4 0.437610 0.080000 0.013333 0.013333
3 0.392610 0.080086 0.033333 0.026667
4 0.512943 0.080000 0.013333 0.013333
5 0.473277 0.080167 0.013333 0.013333
5 0.146667 0.080085 0.013333 0.013333
2 0.740125 0.087000 0.009333 0.009333
3 0.279333 0.128333 0.033333 0.026667
3 0.393277 0.128333 0.033333 0.026667
3 0.614057 0.166667 0.033333 0.026667
3 0.691649 0.166667 0.033333 0.026667
3 0.473277 0.173333 0.033333 0.026667
4 0.581667 0.166667 0.013333 0.013333
3 0.515000 0.222000 0.033333 0.026667
11 0.332196 0.099000 0.033333 0.016667
