0 0.015000 0.090000 0.010000 0.010000
4 0.070000 0.090000 0.013333 0.013333
3 0.136667 0.090000 0.033333 0.026667
3 0.138833 0.123333 0.037667 0.026667
4 0.203333 0.123333 0.013333 0.013333
3 0.257334 0.123333 0.033333 0.026667
5 0.041667 0.090051 0.013333 0.013333
3 0.080000 0.158333 0.033333 0.026667
5 0.324000 0.123333 0.013333 0.013333
3 0.362333 0.123333 0.033333 0.026667
2 0.398667 0.123333 0.009333 0.009333
3 0.209000 0.090000 0.033333 0.026667
3 0.257333 0.090000 0.033333 0.026667
4 0.295667 0.123399 0.013333 0.013333
5 0.098333 0.090131 0.013333 0.013333
3 0.136667 0.056928 0.033333 0.026667
3 0.136667 0.021928 0.033333 0.026667
5 0.175000 0.090000 0.013333 0.013333
4 0.295667 0.090000 0.013333 0.013333
