0 0.020000 0.020000 0.010000 0.010000
3 0.056667 0.020000 0.033333 0.026667
4 0.095000 0.020000 0.013333 0.013333
2 0.169667 0.020000 0.009333 0.009333
3 0.095000 0.073333 0.033333 0.026667
4 0.143333 0.073333 0.013333 0.013333
3 0.206000 0.073333 0.033333 0.026667
3 0.181667 0.126667 0.033333 0.026667
5 0.143333 0.120000 0.013333 0.013333
3 0.181667 0.162500 0.033333 0.026667
3 0.181667 0.204167 0.033333 0.026667
3 0.265000 0.126667 0.033333 0.026667
5 0.226667 0.126667 0.013333 0.013333
3 0.320000 0.126667 0.033333 0.026667
3 0.254333 0.073333 0.033333 0.026667
3 0.327000 0.058333 0.033333 0.026667
4 0.288667 0.073333 0.013333 0.013333
