8 0.500111 0.500049 0.992811 0.979156
9 0.509136 0.500049 0.974761 0.499784
9 0.509136 0.130314 0.974761 0.239686
9 0.509136 0.869784 0.974761 0.239686
5 0.787004 0.389225 0.024067 0.065253
3 0.202039 0.389225 0.081829 0.130506
0 0.070871 0.389225 0.018051 0.048940
4 0.282063 0.389225 0.024067 0.065253
5 0.119006 0.389225 0.024067 0.065253
3 0.391569 0.389225 0.081829 0.130506
3 0.524284 0.661656 0.081829 0.130506
4 0.489042 0.389225 0.024067 0.065253
4 0.735860 0.389225 0.024067 0.065253
3 0.349861 0.661656 0.081829 0.130506
3 0.626031 0.154542 0.081829 0.130506
3 0.280987 0.863902 0.090253 0.130506
3 0.863315 0.863902 0.090253 0.130506
2 0.956922 0.863902 0.016847 0.045677
12 0.256491 0.389778 0.029483 0.016313
12 0.322376 0.389742 0.058965 0.016313
12 0.454746 0.389752 0.046931 0.016313
12 0.295655 0.541754 0.028989 0.246330
12 0.093435 0.389605 0.029483 0.016313
12 0.146082 0.389777 0.032491 0.016313
12 0.701553 0.255570 0.071622 0.208582
12 0.650680 0.541754 0.173369 0.246330
12 0.761432 0.390041 0.029483 0.016313
12 0.556709 0.642877 0.463598 0.448576
12 0.928470 0.863902 0.042464 0.016313
12 0.177584 0.642877 0.118960 0.448576
12 0.612451 0.390041 0.225157 0.016313
12 0.537230 0.255570 0.098180 0.208582
12 0.831176 0.594345 0.066685 0.415133
12 0.437072 0.661656 0.095001 0.016313
