8 0.499966 0.499881 0.991075 0.985951
9 0.511036 0.497029 0.968935 0.536767
9 0.511036 0.117776 0.968935 0.221740
9 0.511036 0.879134 0.968935 0.227444
0 0.055004 0.362910 0.022140 0.032223
4 0.288339 0.362910 0.029520 0.042965
3 0.203469 0.362910 0.073801 0.085929
3 0.423436 0.362910 0.073801 0.085929
3 0.510701 0.577733 0.073801 0.085929
3 0.312694 0.577733 0.073801 0.085929
3 0.658044 0.581760 0.073801 0.085929
4 0.635207 0.362910 0.029520 0.042965
3 0.550189 0.362910 0.073801 0.085929
3 0.119417 0.581760 0.073801 0.085929
3 0.849340 0.362910 0.073801 0.085929
5 0.119417 0.362910 0.029520 0.042965
4 0.760226 0.362910 0.029520 0.042965
5 0.849340 0.681783 0.029520 0.042965
4 0.849340 0.577733 0.029520 0.042965
2 0.928055 0.681783 0.020664 0.030075
3 0.701997 0.117539 0.073801 0.085929
3 0.674672 0.872716 0.073801 0.085929
3 0.119417 0.872716 0.073801 0.085929
12 0.256605 0.362910 0.035424 0.010741
12 0.344818 0.362391 0.086388 0.010741
12 0.411697 0.577222 0.127159 0.010741
12 0.288339 0.459580 0.007380 0.154672
12 0.584373 0.577733 0.076494 0.010741
12 0.486813 0.362910 0.055904 0.010741
12 0.603768 0.362910 0.036310 0.010741
12 0.397044 0.872187 0.484406 0.010741
12 0.085365 0.362910 0.041535 0.010741
12 0.119923 0.461594 0.007380 0.158700
12 0.119417 0.727238 0.007380 0.209323
12 0.150373 0.363101 0.035343 0.010741
12 0.651255 0.229483 0.030635 0.228185
12 0.697717 0.361836 0.098450 0.010741
12 0.793266 0.363447 0.039513 0.010741
12 0.749772 0.228946 0.024701 0.229259
12 0.764762 0.581251 0.142587 0.010741
12 0.850928 0.480191 0.007380 0.152929
12 0.851910 0.629758 0.007380 0.065382
12 0.774255 0.758608 0.129793 0.146584
12 0.890912 0.682574 0.056575 0.010741
