8 0.500000 0.500000 0.990476 0.984252
9 0.511905 0.500000 0.966667 0.328084
9 0.511905 0.828084 0.966667 0.328084
9 0.511905 0.171916 0.966667 0.328084
0 0.088095 0.500000 0.023810 0.039370
3 0.238889 0.500000 0.079365 0.104987
4 0.330159 0.500000 0.031746 0.052493
3 0.421429 0.591864 0.079365 0.104987
3 0.536508 0.591864 0.079365 0.104987
3 0.651587 0.591864 0.079365 0.104987
3 0.536508 0.404856 0.079365 0.104987
6 0.409524 0.405184 0.031746 0.052493
6 0.627778 0.404856 0.031746 0.052493
4 0.742857 0.500000 0.031746 0.052493
5 0.147619 0.500000 0.031746 0.052493
3 0.147619 0.847769 0.079365 0.104987
5 0.770635 0.847769 0.031746 0.052493
3 0.861905 0.847769 0.079365 0.104987
2 0.948413 0.847769 0.022222 0.036745
3 0.536508 0.171916 0.079365 0.104987
13 0.115873 0.500304 0.034921 0.013123
13 0.296429 0.500412 0.038889 0.013123
13 0.478968 0.591864 0.038889 0.013123
13 0.594048 0.591864 0.038889 0.013123
13 0.453373 0.275427 0.090079 0.212270
13 0.602183 0.275262 0.055159 0.211942
13 0.594048 0.405268 0.038889 0.013123
13 0.461111 0.405442 0.074603 0.013123
13 0.717262 0.559055 0.055159 0.070866
13 0.693452 0.439633 0.102778 0.073491
13 0.181349 0.500415 0.038889 0.013123
13 0.147833 0.660761 0.007937 0.274278
13 0.764881 0.661089 0.015476 0.326115
13 0.471032 0.848109 0.570635 0.013123
13 0.804365 0.848185 0.038889 0.013123
13 0.919444 0.847769 0.038889 0.013123
13 0.362103 0.439469 0.066270 0.073819
13 0.356151 0.559055 0.054365 0.070866
11 0.016349 0.500000 0.011111 0.129978
11 0.040159 0.171916 0.011111 0.088847
11 0.040159 0.828084 0.011111 0.094991
11 0.040159 0.500000 0.011111 0.077023
11 0.088225 0.538714 0.065340 0.033071
11 0.240088 0.499475 0.058247 0.056168
11 0.354669 0.530840 0.031560 0.033071
11 0.422623 0.591339 0.070164 0.056168
11 0.536508 0.591339 0.045795 0.037270
11 0.651587 0.591339 0.045795 0.037270
11 0.537704 0.404987 0.057180 0.037270
11 0.445722 0.435039 0.051761 0.033071
11 0.147619 0.847244 0.044993 0.037270
11 0.861905 0.847244 0.051612 0.056168
11 0.948140 0.885171 0.050248 0.033071
11 0.537707 0.171391 0.058247 0.037270
11 0.399033 0.363386 0.007589 0.015748
11 0.444400 0.387008 0.025308 0.015748
11 0.319296 0.440814 0.017956 0.015748
11 0.319692 0.509055 0.009226 0.015748
