8 0.500200 0.499875 0.989789 0.980184
9 0.512784 0.213366 0.964621 0.407166
9 0.512784 0.560204 0.964621 0.286509
9 0.512784 0.846713 0.964621 0.286509
0 0.088662 0.131933 0.025168 0.048860
3 0.222986 0.131933 0.083893 0.130293
4 0.315062 0.131933 0.033557 0.065147
3 0.407226 0.131933 0.083893 0.130293
3 0.407226 0.294800 0.083893 0.130293
3 0.591467 0.131933 0.083893 0.130293
3 0.775708 0.131933 0.083893 0.130293
5 0.143795 0.131933 0.033557 0.065147
4 0.549861 0.294800 0.033557 0.065147
4 0.717042 0.294800 0.033557 0.065147
3 0.549861 0.560272 0.083893 0.130293
3 0.407226 0.858182 0.083893 0.130293
3 0.825956 0.858182 0.083893 0.130293
2 0.929747 0.858182 0.023490 0.045603
5 0.717042 0.858182 0.033557 0.065147
12 0.281608 0.132449 0.036707 0.016287
12 0.340381 0.229653 0.053154 0.136808
12 0.348560 0.132748 0.036795 0.016287
12 0.499347 0.131933 0.103704 0.016287
12 0.683588 0.131933 0.103704 0.016287
12 0.574718 0.858621 0.254446 0.016287
12 0.758915 0.858685 0.053544 0.016287
12 0.114131 0.132304 0.029127 0.016287
12 0.254747 0.511344 0.224421 0.700190
12 0.170807 0.132473 0.023821 0.016287
12 0.491128 0.295274 0.087265 0.016287
12 0.550513 0.411249 0.008389 0.174267
12 0.717461 0.576491 0.008389 0.504750
12 0.633451 0.295614 0.136980 0.016287
12 0.892952 0.858182 0.053456 0.016287
12 0.754764 0.252488 0.045243 0.117331
12 0.650349 0.443822 0.120439 0.239414
