0 0.033130 0.669691 0.020284 0.054446
2 0.973969 0.669691 0.018932 0.050817
3 0.164976 0.669691 0.067613 0.145191
4 0.242732 0.669691 0.027045 0.072595
3 0.445571 0.263158 0.067613 0.145191
3 0.408722 0.669691 0.088573 0.145191
1 0.313725 0.669691 0.020284 0.054446
4 0.496957 0.669691 0.027045 0.072595
3 0.597701 0.669691 0.067613 0.145191
3 0.164976 0.916515 0.067613 0.145191
4 0.698445 0.669691 0.027045 0.072595
1 0.313725 0.263158 0.020284 0.054446
5 0.367816 0.263158 0.027045 0.072595
3 0.445571 0.083485 0.067613 0.145191
3 0.445571 0.442831 0.067613 0.145191
5 0.540230 0.263158 0.027045 0.072595
3 0.620690 0.263158 0.067613 0.145191
5 0.087221 0.669691 0.027045 0.072595
4 0.765044 0.669691 0.027045 0.072595
5 0.822515 0.669691 0.027045 0.072595
3 0.900270 0.669691 0.067613 0.145191
13 0.213996 0.670261 0.033130 0.018149
13 0.344151 0.669691 0.043272 0.018149
13 0.468222 0.670301 0.033130 0.018149
13 0.658215 0.670235 0.056119 0.018149
13 0.279919 0.670126 0.050034 0.018149
13 0.339080 0.263581 0.033130 0.018149
13 0.389959 0.155172 0.046315 0.150635
13 0.503043 0.263707 0.050034 0.018149
13 0.509973 0.155172 0.063895 0.150635
13 0.509973 0.371143 0.063895 0.150635
13 0.570318 0.263728 0.035835 0.018149
13 0.058485 0.670114 0.033130 0.018149
13 0.115957 0.670266 0.033130 0.018149
13 0.109364 0.811252 0.046315 0.217786
13 0.709939 0.448276 0.113590 0.377495
13 0.731744 0.670599 0.042258 0.018149
13 0.793780 0.670599 0.033130 0.018149
13 0.851251 0.670266 0.033130 0.018149
13 0.949290 0.669691 0.033130 0.018149
13 0.510818 0.811252 0.626775 0.217786
13 0.396552 0.263732 0.033130 0.018149
13 0.389959 0.371143 0.046315 0.150635
13 0.273327 0.448276 0.063218 0.377495
13 0.537187 0.670238 0.056119 0.018149
13 0.598039 0.761343 0.204192 0.117967
11 0.033284 0.723230 0.059806 0.045735
11 0.974075 0.721416 0.042808 0.045735
11 0.164976 0.668966 0.054345 0.025408
11 0.221370 0.615064 0.028947 0.021779
11 0.446593 0.262432 0.039934 0.051543
11 0.409744 0.668966 0.061348 0.077677
11 0.313440 0.711252 0.041350 0.021779
11 0.497026 0.598004 0.044097 0.045735
11 0.598723 0.668966 0.049622 0.051543
11 0.164976 0.915789 0.038331 0.051543
11 0.313931 0.304719 0.050446 0.021779
11 0.446702 0.082759 0.039934 0.051543
11 0.446593 0.442105 0.039934 0.051543
11 0.621595 0.262432 0.058200 0.103811
11 0.900609 0.668966 0.043970 0.077677
11 0.269312 0.644102 0.015297 0.021779
11 0.271433 0.241198 0.015482 0.021779
11 0.542110 0.647731 0.006466 0.021779
11 0.587829 0.794737 0.014061 0.021779
