8 0.500000 0.500000 0.989992 0.985401
9 0.512510 0.117397 0.964971 0.220195
9 0.512510 0.407543 0.964971 0.360097
9 0.512510 0.680049 0.964971 0.184915
9 0.512510 0.882603 0.964971 0.220195
3 0.607173 0.131387 0.083403 0.097324
3 0.857381 0.131387 0.083403 0.097324
2 0.948290 0.131387 0.023353 0.034063
0 0.131660 0.330900 0.025021 0.036496
3 0.261051 0.330900 0.083403 0.097324
4 0.356964 0.330900 0.033361 0.048662
3 0.519600 0.330900 0.083403 0.097324
3 0.707256 0.330900 0.083403 0.097324
3 0.857381 0.330900 0.083403 0.097324
3 0.452877 0.513382 0.083403 0.097324
4 0.548791 0.513382 0.033361 0.048662
5 0.185784 0.330900 0.033361 0.048662
1 0.219349 0.301754 0.025021 0.036496
1 0.261051 0.372263 0.025021 0.036496
1 0.219349 0.372263 0.025021 0.036496
3 0.757298 0.698297 0.083403 0.097324
3 0.869892 0.899027 0.083403 0.097324
2 0.960801 0.899027 0.023353 0.034063
3 0.260759 0.889294 0.083403 0.097324
5 0.757298 0.899027 0.033361 0.048662
4 0.757298 0.809817 0.033361 0.048662
13 0.321518 0.331282 0.040867 0.012165
13 0.542535 0.206813 0.049208 0.155718
13 0.782319 0.330900 0.070058 0.012165
13 0.678065 0.206813 0.061718 0.155718
13 0.857381 0.231144 0.008340 0.107056
13 0.917848 0.131387 0.040867 0.012165
13 0.425771 0.331252 0.107590 0.012165
13 0.384279 0.434307 0.057131 0.163017
13 0.930359 0.899027 0.040867 0.012165
13 0.513344 0.513764 0.040867 0.012165
13 0.801084 0.899400 0.057548 0.012165
13 0.210907 0.331308 0.020221 0.012165
13 0.156637 0.331179 0.028269 0.012165
13 0.661384 0.581813 0.195163 0.140511
13 0.202629 0.622263 0.036193 0.538929
13 0.521539 0.894465 0.441493 0.015207
13 0.644912 0.674069 0.194746 0.277579
13 0.757550 0.766223 0.008340 0.043394
13 0.757715 0.854422 0.008340 0.045414
11 0.017181 0.500000 0.011676 0.096005
11 0.042202 0.882603 0.011676 0.088057
11 0.042202 0.680049 0.011676 0.082362
11 0.042202 0.407543 0.011676 0.071401
11 0.042202 0.117397 0.011676 0.071009
11 0.608288 0.130900 0.040906 0.034550
11 0.858641 0.130900 0.068338 0.034550
11 0.948544 0.166058 0.062226 0.030657
11 0.133347 0.366788 0.044842 0.030657
11 0.262307 0.330414 0.070111 0.034550
11 0.381457 0.291363 0.067335 0.030657
11 0.520856 0.330414 0.046471 0.034550
11 0.707256 0.330414 0.060649 0.034550
11 0.857381 0.321655 0.053695 0.034550
11 0.454137 0.512895 0.057313 0.034550
11 0.576424 0.471411 0.056935 0.030657
11 0.758558 0.697810 0.061210 0.034550
11 0.869892 0.889781 0.054238 0.034550
11 0.960514 0.933698 0.052805 0.030657
11 0.261051 0.888808 0.047282 0.034550
11 0.385113 0.313747 0.011259 0.014599
11 0.345548 0.324696 0.018870 0.014599
11 0.576991 0.497445 0.009696 0.014599
11 0.537375 0.507178 0.018870 0.014599
