8 0.499957 0.500289 0.987792 0.986259
11 0.017172 0.515996 0.024242 0.178013
9 0.515108 0.351125 0.957489 0.687930
11 0.047475 0.364415 0.024242 0.150626
9 0.515108 0.844254 0.957489 0.298329
11 0.047475 0.860307 0.024242 0.181926
0 0.120458 0.182389 0.030303 0.035800
11 0.120458 0.149647 0.208929 0.027894
4 0.372427 0.182565 0.040404 0.047733
11 0.372427 0.143484 0.123896 0.030430
5 0.258464 0.182389 0.040404 0.047733
3 0.669416 0.182389 0.101010 0.095465
11 0.669416 0.188057 0.097013 0.091289
3 0.669416 0.324416 0.101010 0.095465
11 0.669416 0.330084 0.097013 0.091289
3 0.669416 0.455828 0.101010 0.095465
11 0.669416 0.461496 0.097013 0.091289
5 0.553618 0.182891 0.040404 0.047733
5 0.785941 0.182891 0.040404 0.047733
3 0.669416 0.609089 0.101010 0.095465
11 0.669416 0.609387 0.101688 0.030430
3 0.382872 0.890969 0.101010 0.095465
11 0.382872 0.891267 0.132078 0.030430
5 0.858515 0.890969 0.040404 0.047733
2 0.943265 0.890969 0.028283 0.033413
11 0.943265 0.919087 0.195000 0.027894
13 0.186936 0.183079 0.106693 0.011933
13 0.315445 0.183073 0.077599 0.011933
13 0.596365 0.183422 0.049131 0.011933
13 0.586335 0.265587 0.069192 0.122432
13 0.586335 0.331293 0.069192 0.253844
13 0.742830 0.183405 0.049859 0.011933
13 0.753184 0.265587 0.070566 0.122432
13 0.753184 0.331293 0.070566 0.253844
13 0.295668 0.548612 0.077438 0.689487
13 0.635845 0.891334 0.408976 0.011933
13 0.903920 0.891248 0.054447 0.011933
13 0.463022 0.182728 0.144828 0.011933
11 0.405362 0.168606 0.022270 0.030468
13 0.495921 0.407760 0.250019 0.407430
11 0.358791 0.188542 0.024242 0.056730
13 0.789470 0.738096 0.143140 0.262787
13 0.832582 0.525295 0.056917 0.688389
