8 0.500000 0.500000 0.991348 0.983806
9 0.510815 0.854926 0.969719 0.273954
9 0.510815 0.226046 0.969719 0.435897
9 0.510815 0.580972 0.969719 0.273954
3 0.332372 0.867746 0.072098 0.107962
0 0.059841 0.215924 0.021629 0.040486
3 0.142033 0.215924 0.072098 0.107962
4 0.227469 0.215924 0.028839 0.053981
3 0.308580 0.102564 0.072098 0.107962
3 0.415645 0.325236 0.072098 0.107962
3 0.415645 0.102564 0.072098 0.107962
4 0.486662 0.325236 0.028839 0.053981
5 0.727109 0.226721 0.028839 0.053981
3 0.883922 0.226721 0.072098 0.107962
2 0.966114 0.226721 0.020187 0.037787
3 0.522711 0.102564 0.072098 0.107962
4 0.808220 0.227151 0.028839 0.053981
5 0.227469 0.325236 0.028839 0.053981
3 0.594088 0.581646 0.072098 0.107962
13 0.461968 0.325442 0.023432 0.013495
13 0.195566 0.216168 0.037851 0.013495
13 0.937996 0.226721 0.038933 0.013495
13 0.767664 0.227609 0.055156 0.013495
13 0.362112 0.102564 0.037851 0.013495
13 0.469178 0.102564 0.037851 0.013495
13 0.547945 0.560729 0.361932 0.619433
13 0.835256 0.227435 0.028118 0.013495
13 0.683736 0.151362 0.252835 0.102995
13 0.250180 0.145749 0.047585 0.091768
13 0.227651 0.270580 0.007210 0.060729
13 0.088320 0.215924 0.038212 0.013495
13 0.261905 0.609986 0.071720 0.520918
13 0.310743 0.325544 0.140591 0.013495
13 0.522531 0.466937 0.073900 0.234818
13 0.671413 0.404521 0.085436 0.359649
11 0.014852 0.500000 0.010094 0.041820
11 0.036482 0.580972 0.010094 0.091365
11 0.036482 0.226046 0.010094 0.079206
11 0.036482 0.854926 0.010094 0.097683
11 0.332372 0.867206 0.040873 0.038327
11 0.142033 0.215385 0.057950 0.018893
11 0.270283 0.219298 0.028670 0.034008
11 0.309665 0.102024 0.040172 0.038327
11 0.416373 0.324696 0.049545 0.038327
11 0.415470 0.102024 0.041972 0.038327
11 0.486420 0.277868 0.051426 0.016194
11 0.883922 0.226181 0.041359 0.038327
11 0.522711 0.102024 0.059630 0.018893
11 0.595177 0.581107 0.052913 0.038327
11 0.219398 0.084885 0.053792 0.016194
11 0.268622 0.265722 0.044092 0.016194
