8 0.500000 0.500000 0.990861 0.987408
9 0.511424 0.862539 0.968012 0.262329
9 0.511424 0.237671 0.968012 0.462749
9 0.511424 0.600210 0.968012 0.262329
3 0.385377 0.835257 0.076161 0.083945
3 0.842346 0.835257 0.076161 0.083945
5 0.739528 0.835257 0.030465 0.041973
0 0.050267 0.069255 0.022848 0.031480
3 0.168317 0.137461 0.076161 0.083945
4 0.242955 0.137461 0.030465 0.041973
3 0.330541 0.137461 0.076161 0.083945
3 0.330541 0.237146 0.076161 0.083945
3 0.440975 0.137461 0.076161 0.083945
3 0.551409 0.137461 0.076161 0.083945
5 0.242955 0.237146 0.030465 0.041973
5 0.579589 0.237146 0.030465 0.041973
5 0.088347 0.137461 0.030465 0.041973
4 0.638995 0.137461 0.030465 0.041973
2 0.952018 0.146905 0.021325 0.029381
3 0.440975 0.520462 0.076161 0.083945
4 0.293983 0.520462 0.030465 0.041973
4 0.579589 0.520462 0.030465 0.041973
12 0.075209 0.092865 0.030084 0.051417
12 0.217060 0.137461 0.024372 0.010493
12 0.275324 0.137793 0.037319 0.010493
12 0.385758 0.137461 0.037319 0.010493
12 0.496192 0.137461 0.037319 0.010493
12 0.243336 0.185857 0.007616 0.059017
12 0.275324 0.237478 0.037319 0.010493
12 0.261043 0.389559 0.038462 0.267051
12 0.356055 0.520986 0.096725 0.010493
12 0.466489 0.237432 0.198781 0.010493
12 0.521706 0.520766 0.088347 0.010493
12 0.579970 0.378804 0.007616 0.245540
12 0.116908 0.137800 0.029703 0.010493
12 0.218012 0.496852 0.261615 0.681007
12 0.606626 0.137790 0.037319 0.010493
12 0.617098 0.198059 0.047601 0.083421
12 0.697068 0.476128 0.088728 0.680483
12 0.779513 0.835463 0.052551 0.010493
12 0.573877 0.835536 0.303884 0.010493
12 0.910891 0.491081 0.063976 0.692550
12 0.436883 0.618048 0.288085 0.157398
