8 0.500147 0.500000 0.991555 0.985240
11 0.012382 0.518147 0.017480 0.205667
9 0.511072 0.429889 0.969705 0.247232
11 0.034232 0.445546 0.017480 0.177438
9 0.511072 0.773063 0.969705 0.439114
11 0.034232 0.786762 0.017480 0.155258
9 0.511072 0.156827 0.969705 0.298893
11 0.034232 0.173372 0.017480 0.187520
3 0.536052 0.429274 0.072833 0.098401
11 0.536052 0.432349 0.077536 0.062731
5 0.736347 0.430735 0.029133 0.049200
3 0.839333 0.430735 0.072833 0.098401
11 0.839333 0.433811 0.071637 0.062731
2 0.918721 0.429274 0.020393 0.034440
4 0.614348 0.430504 0.029133 0.049200
4 0.674439 0.430735 0.029133 0.049200
0 0.080845 0.773678 0.021850 0.036900
4 0.230153 0.773678 0.029133 0.049200
11 0.277463 0.773985 0.085121 0.031365
3 0.306628 0.665437 0.072833 0.098401
11 0.306628 0.668512 0.069108 0.062731
4 0.445011 0.665437 0.029133 0.049200
11 0.452294 0.718635 0.155072 0.031365
3 0.306628 0.886839 0.072833 0.098401
11 0.306628 0.889914 0.057309 0.062731
3 0.412236 0.886839 0.072833 0.098401
11 0.412236 0.889914 0.095235 0.062731
3 0.517844 0.886839 0.072833 0.098401
11 0.517844 0.892681 0.063209 0.094096
5 0.150036 0.773962 0.029133 0.049200
3 0.536052 0.153752 0.072833 0.098401
11 0.536052 0.156827 0.059838 0.062731
12 0.230153 0.610086 0.072833 0.061501
11 0.221090 0.609164 0.073322 0.031365
12 0.204661 0.923739 0.072833 0.061501
11 0.205431 0.922817 0.102820 0.031365
13 0.250364 0.706642 0.042607 0.089791
11 0.220320 0.730638 0.017480 0.058474
13 0.240550 0.652522 0.027579 0.028290
13 0.586125 0.430449 0.030226 0.012300
13 0.654590 0.279943 0.167155 0.257304
13 0.359432 0.886839 0.035688 0.012300
13 0.465040 0.886839 0.035688 0.012300
13 0.776915 0.431110 0.054916 0.012300
13 0.113620 0.774101 0.046613 0.012300
13 0.214717 0.877413 0.034513 0.036072
13 0.190094 0.774436 0.053897 0.012300
13 0.325018 0.451557 0.352149 0.600530
13 0.472505 0.535055 0.057174 0.216482
11 0.435178 0.627142 0.017480 0.026212
13 0.386744 0.665437 0.090313 0.012300
13 0.892137 0.430005 0.035688 0.012300
13 0.644393 0.431234 0.033871 0.012300
13 0.537145 0.560578 0.158048 0.215867
11 0.473551 0.651599 0.025034 0.031365
13 0.614532 0.671087 0.123456 0.436423
13 0.250364 0.842558 0.042607 0.093481
11 0.220320 0.784583 0.017480 0.026212
13 0.705393 0.431351 0.035688 0.012300
