8 0.499910 0.390496 0.989265 0.768882
11 0.014951 0.405383 0.021108 0.168726
8 0.499910 0.893542 0.989265 0.200807
11 0.014952 0.903175 0.021108 0.109175
9 0.513102 0.681597 0.962880 0.186680
11 0.041337 0.695171 0.021108 0.153838
9 0.513102 0.312292 0.962880 0.303696
11 0.041337 0.323530 0.021108 0.127371
9 0.513102 0.083249 0.962880 0.154390
11 0.041337 0.089817 0.021108 0.074438
9 0.513102 0.526198 0.962880 0.124117
11 0.041337 0.539042 0.021108 0.145567
3 0.211670 0.674800 0.087951 0.080727
11 0.211670 0.677323 0.112966 0.051463
3 0.413957 0.674800 0.087951 0.080727
11 0.413957 0.677323 0.110931 0.051463
3 0.563764 0.674800 0.087951 0.080727
11 0.563764 0.677323 0.110931 0.051463
5 0.313108 0.675186 0.035180 0.040363
3 0.110331 0.238143 0.087951 0.080727
11 0.110331 0.240666 0.111949 0.051463
5 0.211670 0.238143 0.035180 0.040363
4 0.286429 0.238143 0.035180 0.040363
11 0.287308 0.206105 0.108896 0.025732
3 0.387572 0.238143 0.087951 0.080727
11 0.387572 0.240666 0.083453 0.051463
3 0.286429 0.359233 0.087951 0.080727
11 0.286429 0.364026 0.083453 0.077195
3 0.515100 0.238143 0.087951 0.080727
11 0.515100 0.240666 0.075311 0.051463
3 0.642629 0.238143 0.087951 0.080727
11 0.642629 0.240666 0.086506 0.051463
4 0.387572 0.359233 0.035180 0.040363
11 0.388451 0.327195 0.101772 0.025732
4 0.462330 0.359233 0.035180 0.040363
3 0.566112 0.359233 0.087951 0.080727
11 0.566112 0.364026 0.110931 0.077195
3 0.770158 0.238143 0.087951 0.080727
11 0.770158 0.240666 0.110931 0.051463
0 0.084433 0.083754 0.026385 0.030272
11 0.084433 0.108539 0.084894 0.023587
3 0.181179 0.083754 0.087951 0.080727
11 0.181179 0.084006 0.074293 0.025732
3 0.880387 0.091826 0.087951 0.080727
11 0.880387 0.092079 0.102789 0.025732
2 0.782762 0.091826 0.024626 0.028254
11 0.782762 0.115603 0.083029 0.023587
3 0.387572 0.531535 0.087951 0.080727
11 0.387572 0.534058 0.093630 0.051463
3 0.563764 0.894046 0.087951 0.080727
11 0.563764 0.898840 0.117037 0.077195
13 0.117414 0.083754 0.043096 0.010091
13 0.174193 0.238459 0.043292 0.010091
13 0.249049 0.238648 0.043096 0.010091
13 0.323808 0.238463 0.043096 0.010091
11 0.315680 0.226655 0.020099 0.025832
13 0.286686 0.288597 0.008795 0.064581
11 0.274412 0.242996 0.021193 0.049732
13 0.211901 0.446381 0.008795 0.380148
13 0.451336 0.238143 0.043096 0.010091
13 0.578865 0.238143 0.043096 0.010091
13 0.350193 0.359550 0.043096 0.010091
13 0.387818 0.435293 0.008795 0.115794
11 0.375614 0.367965 0.021136 0.023234
13 0.501028 0.359551 0.045734 0.010091
13 0.447159 0.455475 0.034741 0.156157
13 0.424951 0.359738 0.043096 0.010091
11 0.422375 0.347881 0.030908 0.025732
13 0.145755 0.160949 0.074366 0.077699
13 0.706393 0.238143 0.043096 0.010091
13 0.690122 0.318870 0.163588 0.084763
13 0.275582 0.675609 0.043390 0.010091
13 0.350340 0.675364 0.042802 0.010091
13 0.439830 0.527300 0.256082 0.259444
13 0.488861 0.674800 0.065374 0.010091
13 0.815743 0.091826 0.044855 0.010091
13 0.563764 0.784423 0.008795 0.142556
13 0.788039 0.492936 0.364116 0.806256
