8 0.499997 0.499999 0.993925 0.989245
11 0.008599 0.516070 0.012140 0.182143
9 0.507585 0.275984 0.978750 0.541216
11 0.023773 0.285964 0.012140 0.113105
9 0.507585 0.658599 0.978750 0.224014
11 0.023773 0.670005 0.012140 0.129263
9 0.507585 0.882614 0.978750 0.224014
11 0.023773 0.894667 0.012140 0.136607
0 0.048558 0.105735 0.015175 0.026882
11 0.048558 0.127744 0.105159 0.020945
4 0.134547 0.105735 0.020233 0.035842
3 0.202833 0.105735 0.050582 0.071685
11 0.202833 0.107975 0.047995 0.045699
5 0.089024 0.105735 0.020233 0.035842
5 0.132390 0.212127 0.020233 0.035842
5 0.321089 0.321773 0.020233 0.035842
3 0.434018 0.321773 0.050582 0.071685
11 0.434018 0.324013 0.042727 0.045699
3 0.311825 0.212127 0.050582 0.071685
11 0.311825 0.214368 0.064969 0.045699
3 0.311825 0.321773 0.050582 0.071685
11 0.311825 0.324013 0.064969 0.045699
3 0.311825 0.430006 0.050582 0.071685
11 0.311825 0.432247 0.064969 0.045699
4 0.575241 0.109319 0.020233 0.035842
4 0.635939 0.109319 0.020233 0.035842
5 0.673876 0.109319 0.020233 0.035842
3 0.507334 0.321937 0.050582 0.071685
11 0.507334 0.324177 0.049751 0.045699
5 0.382251 0.321937 0.020233 0.035842
3 0.200303 0.212127 0.050582 0.071685
11 0.200303 0.214368 0.036289 0.045699
3 0.200303 0.321937 0.050582 0.071685
11 0.200303 0.324177 0.036289 0.045699
3 0.200303 0.430006 0.050582 0.071685
11 0.200303 0.432247 0.036289 0.045699
3 0.575241 0.658599 0.050582 0.071685
11 0.575241 0.660840 0.053848 0.045699
3 0.089024 0.882614 0.050582 0.071685
11 0.089024 0.882838 0.066139 0.022849
2 0.838077 0.861527 0.014163 0.025090
11 0.838077 0.882640 0.074041 0.020945
3 0.776978 0.861527 0.050582 0.071685
11 0.776978 0.865783 0.049751 0.068548
12 0.164896 0.039427 0.050582 0.017921
11 0.158993 0.039292 0.052092 0.022849
12 0.611899 0.047160 0.050582 0.044803
11 0.606581 0.048504 0.053848 0.045699
12 0.172003 0.166938 0.050582 0.030372
11 0.166489 0.166555 0.053263 0.022849
13 0.161103 0.106010 0.034901 0.008961
13 0.149650 0.077145 0.016431 0.061100
13 0.396624 0.107751 0.339025 0.008961
13 0.067527 0.105943 0.024785 0.008961
13 0.089153 0.485214 0.005058 0.726700
13 0.112291 0.106183 0.028326 0.008961
13 0.617983 0.392920 0.036925 0.534943
13 0.654907 0.109767 0.019727 0.008961
13 0.394854 0.504927 0.563102 0.758958
13 0.816632 0.861527 0.030750 0.008961
13 0.470676 0.321855 0.024758 0.008961
13 0.359832 0.258071 0.047456 0.095472
13 0.359810 0.384932 0.047411 0.093733
13 0.354625 0.322143 0.037042 0.008961
13 0.400547 0.321972 0.018384 0.008961
13 0.733230 0.468364 0.100500 0.718225
13 0.582732 0.070213 0.009776 0.045954
13 0.584409 0.224588 0.105590 0.198281
13 0.605590 0.111783 0.042489 0.008961
11 0.595062 0.099238 0.017386 0.022849
13 0.575372 0.374999 0.005058 0.499101
11 0.568399 0.117271 0.012144 0.019114
13 0.158759 0.212402 0.034530 0.008961
13 0.153828 0.275993 0.044393 0.095472
13 0.153828 0.330027 0.044393 0.203542
13 0.256064 0.212127 0.062963 0.008961
13 0.255803 0.321937 0.062441 0.008961
13 0.256064 0.430006 0.062963 0.008961
13 0.140756 0.163350 0.013935 0.009079
13 0.134800 0.158931 0.005058 0.074135
