8 0.493347 0.500000 0.974411 0.982301
9 0.508700 0.259587 0.943705 0.501475
9 0.508700 0.629794 0.943705 0.238938
9 0.508700 0.870206 0.943705 0.241888
0 0.105425 0.299410 0.030706 0.044248
4 0.228250 0.299410 0.040942 0.058997
3 0.485159 0.299410 0.102354 0.117994
6 0.372569 0.297935 0.040942 0.058997
5 0.161720 0.297935 0.040942 0.058997
6 0.587513 0.299410 0.040942 0.058997
4 0.712385 0.299410 0.040942 0.058997
3 0.336745 0.115044 0.102354 0.117994
3 0.482088 0.115044 0.102354 0.117994
3 0.645343 0.115044 0.102354 0.117994
3 0.485159 0.643068 0.102354 0.117994
3 0.485159 0.839233 0.102354 0.117994
5 0.711361 0.839233 0.040942 0.058997
3 0.849539 0.839233 0.102354 0.117994
2 0.961105 0.839233 0.028659 0.041298
13 0.413511 0.298939 0.045036 0.014749
13 0.131013 0.299078 0.024565 0.014749
13 0.194985 0.299399 0.029683 0.014749
13 0.298106 0.583333 0.275844 0.517699
13 0.551689 0.299887 0.034800 0.014749
13 0.562180 0.485988 0.055783 0.320059
13 0.649949 0.300147 0.088025 0.014749
13 0.613613 0.839651 0.158649 0.014749
13 0.765097 0.839685 0.070624 0.014749
13 0.923746 0.839233 0.050154 0.014749
13 0.409417 0.115044 0.047083 0.014749
13 0.563715 0.115044 0.064995 0.014749
13 0.713495 0.569322 0.010235 0.486726
13 0.704708 0.192478 0.020471 0.160767
13 0.300409 0.299415 0.107472 0.014749
13 0.257165 0.192478 0.060901 0.160767
13 0.403531 0.485251 0.064995 0.321534
11 0.021085 0.500000 0.014330 0.221683
11 0.051791 0.870206 0.014330 0.106759
11 0.051791 0.629794 0.014330 0.099854
11 0.051791 0.259587 0.014330 0.086565
11 0.105489 0.342920 0.073823 0.037168
11 0.486704 0.298820 0.070336 0.041888
11 0.338286 0.114454 0.057030 0.041888
11 0.482088 0.114454 0.059060 0.041888
11 0.645855 0.114454 0.084654 0.020649
11 0.486705 0.642478 0.075118 0.041888
11 0.485159 0.838643 0.058026 0.041888
11 0.849539 0.838643 0.066562 0.041888
11 0.960754 0.881268 0.064803 0.037168
11 0.298154 0.278614 0.076350 0.017699
11 0.214232 0.144395 0.076366 0.017699
11 0.352722 0.229351 0.066754 0.037168
