8 0.500091 0.657011 0.990858 0.675280
8 0.444957 0.161674 0.858403 0.313252
9 0.511837 0.726794 0.967365 0.178571
9 0.511837 0.478440 0.967365 0.318137
9 0.511837 0.905365 0.967365 0.178571
4 0.378108 0.754618 0.031323 0.033223
3 0.468163 0.754618 0.078309 0.066445
5 0.284138 0.754618 0.031323 0.033223
5 0.624780 0.754618 0.031323 0.033223
4 0.558218 0.754618 0.031323 0.033223
3 0.936727 0.754618 0.078309 0.066445
4 0.815826 0.754618 0.031323 0.033223
0 0.095500 0.551130 0.023493 0.024917
3 0.181639 0.551130 0.078309 0.066445
4 0.275609 0.551130 0.031323 0.033223
3 0.417215 0.389253 0.078309 0.066445
3 0.686729 0.556944 0.078309 0.066445
3 0.800276 0.556944 0.078309 0.066445
3 0.368511 0.587272 0.078309 0.066445
3 0.468163 0.905781 0.078309 0.066445
5 0.456632 0.070700 0.031323 0.033223
3 0.546687 0.070700 0.078309 0.066445
3 0.546687 0.070700 0.078309 0.066445
3 0.546687 0.166215 0.078309 0.066445
4 0.636742 0.070700 0.031323 0.033223
3 0.546687 0.255085 0.078309 0.066445
13 0.124865 0.551130 0.038371 0.008306
13 0.482279 0.126763 0.053641 0.082226
13 0.482279 0.171198 0.053641 0.171096
13 0.603461 0.070960 0.038371 0.008306
13 0.611488 0.126763 0.054424 0.082226
13 0.611488 0.171198 0.054424 0.171096
13 0.743503 0.556944 0.038371 0.008306
13 0.411389 0.754881 0.038371 0.008306
13 0.331123 0.755033 0.065779 0.008306
13 0.356769 0.838505 0.147612 0.137874
13 0.524937 0.754879 0.038371 0.008306
13 0.591499 0.755033 0.038371 0.008306
13 0.566244 0.838505 0.120987 0.137874
13 0.489914 0.070963 0.038371 0.008306
13 0.240370 0.551388 0.042287 0.008306
13 0.429093 0.213572 0.026888 0.288237
13 0.669566 0.297418 0.037458 0.455928
13 0.327572 0.462092 0.104110 0.149000
13 0.302679 0.577506 0.056488 0.022853
13 0.326520 0.679251 0.087114 0.120834
13 0.720303 0.755033 0.162855 0.008306
13 0.787225 0.545869 0.007831 0.008306
13 0.808247 0.664086 0.019073 0.151163
13 0.864530 0.754867 0.069217 0.008306
11 0.016132 0.657392 0.010963 0.175872
11 0.039624 0.905731 0.010963 0.043489
11 0.039624 0.478821 0.010963 0.048747
11 0.039624 0.727159 0.010963 0.060119
11 0.378707 0.722176 0.051072 0.020930
11 0.469468 0.754651 0.057471 0.023588
11 0.936570 0.754651 0.050925 0.035548
11 0.095635 0.581478 0.039351 0.031894
11 0.181676 0.551163 0.057196 0.035548
11 0.276619 0.523173 0.036401 0.009967
11 0.418431 0.389203 0.038408 0.023588
11 0.686766 0.556977 0.066351 0.023588
11 0.800313 0.556977 0.047805 0.023588
11 0.368833 0.586877 0.065556 0.035548
11 0.468285 0.905814 0.044394 0.023588
11 0.403901 0.743272 0.007488 0.009967
11 0.264928 0.546429 0.017717 0.009967
11 0.027095 0.161545 0.010963 0.052918
11 0.547897 0.070266 0.050680 0.035548
11 0.547897 0.070266 0.050680 0.035548
11 0.547774 0.165781 0.050680 0.035548
11 0.547774 0.254651 0.050680 0.035548
