8 0.499952 0.500000 0.992800 0.984536
9 0.508833 0.804124 0.975038 0.376289
9 0.508833 0.180412 0.975038 0.345361
9 0.508833 0.484536 0.975038 0.262887
3 0.364133 0.804124 0.059207 0.103093
3 0.487863 0.804124 0.059207 0.103093
0 0.075784 0.108247 0.017762 0.038660
4 0.318532 0.108247 0.023683 0.051546
3 0.364133 0.243557 0.059207 0.103093
3 0.427472 0.108927 0.059207 0.103093
4 0.505625 0.243557 0.023683 0.051546
3 0.513321 0.108927 0.059207 0.103093
3 0.653546 0.108927 0.059207 0.103093
5 0.753013 0.243557 0.023683 0.051546
2 0.807883 0.243557 0.016578 0.036082
2 0.910311 0.108927 0.016578 0.036082
4 0.702687 0.243557 0.023683 0.051546
5 0.854657 0.108927 0.023683 0.051546
3 0.226761 0.108247 0.059207 0.103093
5 0.158673 0.108688 0.023683 0.051546
3 0.449982 0.243947 0.059207 0.103093
3 0.560095 0.500000 0.059207 0.103093
13 0.470397 0.108927 0.029011 0.012887
13 0.407057 0.243752 0.029011 0.012887
13 0.518206 0.384665 0.026939 0.235825
13 0.583434 0.108927 0.083386 0.012887
13 0.425998 0.804124 0.066892 0.012887
13 0.635388 0.536727 0.238211 0.539948
13 0.727850 0.244201 0.029011 0.012887
13 0.646341 0.384665 0.115654 0.235825
13 0.762982 0.109277 0.162034 0.012887
13 0.884260 0.109230 0.037892 0.012887
13 0.686209 0.469412 0.339855 0.674579
13 0.782224 0.243557 0.037108 0.012887
13 0.281527 0.108631 0.052695 0.012887
13 0.115749 0.108769 0.064535 0.012887
13 0.183836 0.108934 0.029011 0.012887
13 0.246749 0.469293 0.177928 0.674817
13 0.364121 0.108906 0.069864 0.012887
13 0.326679 0.188789 0.018070 0.114691
13 0.604156 0.244201 0.175748 0.012887
13 0.486684 0.244114 0.016566 0.012887
11 0.012197 0.500000 0.008289 0.031381
11 0.029959 0.484536 0.008289 0.087244
11 0.029959 0.180412 0.008289 0.075633
11 0.029959 0.804124 0.008289 0.093277
11 0.364121 0.803608 0.033565 0.036598
11 0.487863 0.803608 0.040678 0.036598
11 0.076455 0.154768 0.040418 0.049485
11 0.336816 0.130026 0.023544 0.015464
11 0.365015 0.243041 0.040686 0.036598
11 0.428363 0.109021 0.032989 0.036598
11 0.534437 0.265335 0.042231 0.015464
11 0.514311 0.109021 0.037920 0.055155
11 0.653641 0.109021 0.038118 0.036598
11 0.807893 0.271778 0.040890 0.015464
11 0.910320 0.137758 0.040890 0.015464
11 0.226761 0.107732 0.044036 0.018041
11 0.449970 0.243041 0.049167 0.036598
11 0.560989 0.499485 0.043452 0.036598
11 0.498598 0.142397 0.040418 0.032474
11 0.355665 0.091366 0.038743 0.015464
11 0.310668 0.042397 0.038743 0.015464
11 0.584448 0.233892 0.040418 0.032474
