0 0.031633 0.427729 0.019367 0.040872
4 0.284700 0.427729 0.025823 0.054496
3 0.362169 0.137602 0.064558 0.108992
3 0.488057 0.428789 0.064558 0.108992
3 0.488057 0.598029 0.064558 0.108992
3 0.489994 0.766966 0.064558 0.108992
4 0.455778 0.137602 0.025823 0.054496
3 0.575210 0.062670 0.064558 0.108992
5 0.103292 0.428004 0.025823 0.054496
3 0.488057 0.937266 0.064558 0.108992
3 0.900111 0.428004 0.064558 0.108992
5 0.825870 0.428272 0.025823 0.054496
4 0.739158 0.137602 0.025823 0.054496
4 0.739158 0.428652 0.025823 0.054496
2 0.974999 0.427729 0.018076 0.038147
3 0.649451 0.428789 0.064558 0.108992
3 0.739481 0.280654 0.064558 0.108992
5 0.400904 0.428379 0.025823 0.054496
5 0.575210 0.428379 0.025823 0.054496
3 0.185604 0.428573 0.064558 0.108992
13 0.307456 0.269042 0.047450 0.268329
13 0.342802 0.429072 0.092963 0.013624
13 0.434797 0.429373 0.044545 0.013624
13 0.428502 0.526828 0.057134 0.147852
13 0.429471 0.611296 0.059070 0.316789
13 0.541317 0.429369 0.044545 0.013624
13 0.547934 0.526828 0.057779 0.147852
13 0.548903 0.611296 0.055842 0.316789
13 0.418657 0.138012 0.051001 0.013624
13 0.279696 0.696259 0.354745 0.487464
13 0.499516 0.086512 0.089413 0.053134
13 0.853307 0.428605 0.031633 0.013624
13 0.673264 0.696393 0.308440 0.487196
13 0.673485 0.086512 0.134575 0.053134
13 0.602647 0.429392 0.031633 0.013624
13 0.134764 0.428643 0.039703 0.013624
13 0.065849 0.428184 0.051646 0.013624
13 0.782514 0.429144 0.063472 0.013624
13 0.597468 0.138283 0.260140 0.013624
13 0.949175 0.427824 0.036153 0.013624
13 0.703988 0.429118 0.047098 0.013624
13 0.739481 0.195504 0.006456 0.066757
13 0.739481 0.368277 0.006456 0.071703
13 0.244835 0.428476 0.056488 0.013624
11 0.031780 0.467984 0.057103 0.034332
11 0.295604 0.473978 0.054087 0.016349
11 0.363144 0.137057 0.044363 0.038692
11 0.489136 0.428610 0.040924 0.038692
11 0.489031 0.597548 0.040924 0.038692
11 0.490968 0.766485 0.040924 0.038692
11 0.471700 0.183787 0.046048 0.016349
11 0.576185 0.062125 0.047379 0.038692
11 0.488057 0.936785 0.036599 0.038692
11 0.900855 0.427248 0.043822 0.038692
11 0.975246 0.466621 0.040873 0.034332
11 0.649451 0.428610 0.041563 0.038692
11 0.739887 0.280109 0.042964 0.038692
11 0.421411 0.450817 0.025520 0.016349
11 0.573117 0.367711 0.059080 0.016349
11 0.186789 0.428610 0.039622 0.038692
11 0.276126 0.303678 0.042245 0.016349
11 0.325190 0.409946 0.042245 0.016349
11 0.447244 0.093869 0.006173 0.016349
11 0.481213 0.119755 0.013426 0.016349
