8 0.207535 0.181417 0.365071 0.299500
9 0.212535 0.098083 0.355071 0.132833
9 0.212535 0.206167 0.355071 0.083333
9 0.212535 0.289500 0.355071 0.083333
0 0.045000 0.061667 0.010000 0.010000
3 0.081667 0.061667 0.033333 0.026667
4 0.143667 0.061667 0.013333 0.013333
3 0.229633 0.061667 0.033333 0.026667
3 0.277967 0.061667 0.033333 0.026667
3 0.326300 0.061667 0.033333 0.026667
3 0.277967 0.098000 0.033333 0.026667
5 0.116666 0.061760 0.013333 0.013333
4 0.182200 0.097167 0.013333 0.013333
4 0.236658 0.098000 0.013333 0.013333
3 0.212667 0.190500 0.033333 0.026667
3 0.116666 0.266333 0.033333 0.026667
3 0.306300 0.266333 0.033333 0.026667
2 0.372275 0.266333 0.009333 0.009333
5 0.261667 0.266333 0.013333 0.013333
