8 0.499584 0.499988 0.991342 0.984102
9 0.510066 0.291728 0.970377 0.567583
9 0.510066 0.679650 0.970377 0.208260
9 0.510066 0.887909 0.970377 0.208260
5 0.309993 0.499650 0.027952 0.055249
0 0.048917 0.092541 0.020964 0.041436
3 0.183788 0.092541 0.069881 0.110497
4 0.264151 0.092541 0.027952 0.055249
5 0.104822 0.092541 0.027952 0.055249
3 0.434032 0.093861 0.069881 0.110497
4 0.722292 0.092541 0.027952 0.055249
3 0.434032 0.237569 0.069881 0.110497
3 0.434032 0.382421 0.069881 0.110497
3 0.647519 0.093861 0.069881 0.110497
3 0.535360 0.499650 0.069881 0.110497
5 0.688050 0.497238 0.027952 0.055249
1 0.632145 0.497238 0.020964 0.041436
5 0.320475 0.092980 0.027952 0.055249
5 0.555276 0.095429 0.027952 0.055249
3 0.567156 0.669539 0.069881 0.110497
4 0.647519 0.669539 0.027952 0.055249
4 0.475961 0.669539 0.027952 0.055249
3 0.390356 0.669539 0.069881 0.110497
2 0.947240 0.858766 0.019567 0.038674
3 0.871069 0.858766 0.069881 0.110497
3 0.309993 0.858766 0.069881 0.110497
5 0.774705 0.858766 0.027952 0.055249
1 0.168484 0.858766 0.020964 0.041436
1 0.414815 0.858921 0.020964 0.041436
13 0.075122 0.092541 0.034242 0.013812
13 0.280259 0.310253 0.034312 0.385699
13 0.617820 0.669973 0.034242 0.013812
13 0.921733 0.858766 0.034242 0.013812
13 0.712334 0.309047 0.023410 0.383287
13 0.755661 0.462532 0.041581 0.742743
13 0.131586 0.489466 0.055625 0.744125
13 0.812405 0.859188 0.050243 0.013812
13 0.292313 0.093328 0.031167 0.013812
13 0.366771 0.094018 0.067435 0.013812
13 0.359958 0.251513 0.081062 0.267342
13 0.512299 0.252737 0.089448 0.264893
13 0.590915 0.096541 0.046122 0.013812
13 0.695388 0.093460 0.028651 0.013812
13 0.234451 0.092975 0.034242 0.013812
13 0.133823 0.092980 0.032844 0.013812
13 0.412194 0.500028 0.179245 0.013812
13 0.674948 0.597369 0.029700 0.150539
13 0.511076 0.669965 0.045073 0.013812
13 0.374633 0.858862 0.062194 0.013812
13 0.512299 0.180311 0.089448 0.120041
13 0.443641 0.669967 0.039483 0.013812
13 0.332879 0.598406 0.047869 0.147790
13 0.562089 0.726344 0.174354 0.063886
13 0.359783 0.179086 0.081412 0.122490
13 0.595982 0.498926 0.054158 0.013812
13 0.658351 0.497238 0.034242 0.013812
13 0.227009 0.858766 0.098882 0.013812
13 0.593013 0.859186 0.338227 0.013812
13 0.505136 0.095978 0.075122 0.013812
11 0.014396 0.500000 0.009783 0.115609
11 0.035360 0.887431 0.009783 0.099976
11 0.035360 0.680249 0.009783 0.079703
11 0.035360 0.292127 0.009783 0.075991
11 0.065121 0.149862 0.036600 0.034807
11 0.184840 0.091989 0.058744 0.039227
11 0.264408 0.044061 0.056418 0.016575
11 0.435125 0.093370 0.045226 0.079006
11 0.433962 0.237017 0.043119 0.079006
11 0.433962 0.382044 0.043119 0.079006
11 0.648854 0.093370 0.058755 0.079006
11 0.535761 0.499448 0.056172 0.059116
11 0.633096 0.537983 0.055850 0.034807
11 0.568491 0.669337 0.051286 0.059116
11 0.467931 0.612569 0.045576 0.034807
11 0.391572 0.669337 0.055010 0.059116
11 0.947346 0.889365 0.059611 0.016575
11 0.871773 0.858564 0.047552 0.079006
11 0.310273 0.858564 0.057565 0.039227
11 0.169358 0.899862 0.056396 0.034807
11 0.414947 0.890746 0.043032 0.016575
11 0.254646 0.086878 0.014533 0.016575
11 0.287059 0.073066 0.006682 0.016575
11 0.498799 0.650414 0.006682 0.016575
11 0.466386 0.662845 0.014533 0.016575
