8 0.207833 0.130667 0.375667 0.241333
9 0.212833 0.065333 0.365667 0.110667
9 0.212833 0.147167 0.365667 0.053000
9 0.212833 0.212500 0.365667 0.077667
0 0.081667 0.045000 0.010000 0.010000
4 0.123333 0.045000 0.013333 0.013333
3 0.208333 0.045000 0.033333 0.026667
3 0.263333 0.045000 0.033333 0.026667
3 0.318333 0.045000 0.033333 0.026667
4 0.123000 0.103333 0.013333 0.013333
3 0.188333 0.103333 0.033333 0.026667
3 0.123333 0.152333 0.033333 0.026667
4 0.188333 0.152333 0.013333 0.013333
3 0.263333 0.213667 0.033333 0.026667
2 0.361333 0.213667 0.009333 0.009333
3 0.188667 0.213667 0.033333 0.026667
