8 0.500000 0.500231 0.991820 0.983557
9 0.510225 0.248935 0.971370 0.480966
9 0.510225 0.906058 0.971370 0.171903
9 0.510225 0.654762 0.971370 0.330688
0 0.058623 0.244709 0.020450 0.039683
3 0.306305 0.244709 0.068166 0.105820
3 0.459816 0.174934 0.068166 0.105820
3 0.569905 0.174934 0.068166 0.105820
3 0.693626 0.174934 0.068166 0.105820
4 0.386094 0.244709 0.027267 0.052910
3 0.462168 0.326323 0.068166 0.105820
4 0.558044 0.326323 0.027267 0.052910
4 0.738031 0.326323 0.027267 0.052910
5 0.237061 0.244709 0.027267 0.052910
4 0.766372 0.244709 0.027267 0.052910
5 0.811283 0.244709 0.027267 0.052910
2 0.976561 0.246958 0.019087 0.037037
3 0.121965 0.244709 0.068166 0.105820
4 0.191128 0.244709 0.027267 0.052910
4 0.931466 0.254299 0.027267 0.052910
3 0.665337 0.909854 0.068166 0.105820
3 0.352011 0.654762 0.068166 0.105820
3 0.867022 0.654762 0.068166 0.105820
10 0.331617 0.420759 0.058337 0.072288
12 0.514860 0.174934 0.044649 0.013228
12 0.631766 0.174934 0.058282 0.013228
12 0.356425 0.245123 0.034799 0.013228
12 0.261458 0.245139 0.024254 0.013228
12 0.277665 0.462963 0.083252 0.388889
12 0.718896 0.631316 0.041678 0.562368
12 0.759188 0.299074 0.017775 0.061111
12 0.747211 0.196594 0.041730 0.048611
12 0.788827 0.245370 0.020371 0.013228
12 0.648037 0.326984 0.155447 0.013228
12 0.407260 0.298743 0.044376 0.060450
12 0.406084 0.196594 0.042025 0.048611
12 0.520331 0.326723 0.050886 0.013228
12 0.594819 0.631316 0.075596 0.562368
12 0.845969 0.423611 0.044832 0.361772
12 0.166771 0.245135 0.024173 0.013228
12 0.598859 0.462963 0.428256 0.388889
12 0.078365 0.244709 0.021761 0.013228
12 0.956059 0.250624 0.024645 0.013228
12 0.916456 0.467758 0.033429 0.379299
12 0.214095 0.245370 0.021394 0.013228
12 0.561638 0.157582 0.743065 0.145815
