0 0.023495 0.567680 0.022026 0.041436
3 0.104258 0.567680 0.073421 0.110497
4 0.253304 0.567680 0.029369 0.055249
3 0.337739 0.498619 0.073421 0.110497
3 0.444200 0.498619 0.073421 0.110497
4 0.528634 0.498619 0.029369 0.055249
3 0.613069 0.353591 0.073421 0.110497
3 0.613069 0.498619 0.073421 0.110497
3 0.613069 0.643646 0.073421 0.110497
4 0.697504 0.498619 0.029369 0.055249
3 0.888399 0.711326 0.073421 0.110497
2 0.968429 0.711326 0.020558 0.038674
3 0.323054 0.839779 0.073421 0.110497
4 0.407489 0.839779 0.029369 0.055249
3 0.491924 0.839779 0.073421 0.110497
4 0.577827 0.839779 0.029369 0.055249
3 0.662261 0.839779 0.073421 0.110497
5 0.189007 0.567936 0.029369 0.055249
3 0.191210 0.063536 0.073421 0.110497
4 0.759912 0.711326 0.029369 0.055249
5 0.803965 0.711326 0.029369 0.055249
13 0.051028 0.567680 0.035977 0.013812
13 0.277349 0.519337 0.050294 0.046961
13 0.390969 0.498619 0.035977 0.013812
13 0.497430 0.499052 0.035977 0.013812
13 0.552680 0.412293 0.050294 0.122928
13 0.559838 0.499056 0.035977 0.013812
13 0.552680 0.584945 0.050294 0.122928
13 0.673825 0.412293 0.051028 0.122928
13 0.666300 0.499052 0.035977 0.013812
13 0.673825 0.584945 0.051028 0.122928
13 0.941630 0.711326 0.035977 0.013812
13 0.270007 0.717541 0.035609 0.250000
13 0.376285 0.840213 0.035977 0.013812
13 0.438693 0.840216 0.035977 0.013812
13 0.545888 0.840211 0.037445 0.013812
13 0.493025 0.914365 0.173275 0.099448
13 0.609031 0.840216 0.035977 0.013812
13 0.157646 0.568327 0.036291 0.013812
13 0.221156 0.568544 0.037865 0.013812
13 0.190292 0.329548 0.007342 0.427052
13 0.736233 0.591506 0.051028 0.189917
13 0.729626 0.789365 0.064244 0.106354
13 0.781938 0.712017 0.017621 0.013812
13 0.835169 0.711763 0.035977 0.013812
13 0.517044 0.373619 0.581184 0.625691
11 0.024390 0.608425 0.039969 0.034807
11 0.105364 0.567127 0.055835 0.039227
11 0.254035 0.520580 0.049921 0.016575
11 0.338355 0.498066 0.044089 0.059116
11 0.445244 0.498066 0.041033 0.039227
11 0.613069 0.353039 0.059517 0.019337
11 0.613069 0.498066 0.059752 0.019337
11 0.613069 0.643094 0.059752 0.019337
11 0.888954 0.710773 0.053519 0.039227
11 0.968205 0.750691 0.053884 0.034807
11 0.324164 0.839227 0.053884 0.039227
11 0.493033 0.839227 0.053884 0.039227
11 0.663370 0.839227 0.050454 0.039227
11 0.190896 0.062983 0.041624 0.039227
11 0.518998 0.423895 0.021843 0.016575
11 0.560848 0.479144 0.021843 0.016575
11 0.518998 0.479144 0.021843 0.016575
11 0.243614 0.473619 0.058447 0.016575
11 0.431580 0.820304 0.008535 0.016575
11 0.479000 0.980525 0.015269 0.016575
