8 0.500000 0.500000 0.990971 0.992453
11 0.012792 0.509279 0.018059 0.105162
9 0.511287 0.926336 0.968397 0.139780
11 0.035365 0.934797 0.018059 0.095883
9 0.511287 0.580739 0.968397 0.139780
11 0.035365 0.588744 0.018059 0.090728
9 0.511287 0.432233 0.968397 0.157233
11 0.035365 0.439692 0.018059 0.084542
9 0.511287 0.275000 0.968397 0.157233
11 0.035365 0.282460 0.018059 0.084542
9 0.511287 0.100079 0.968397 0.192610
11 0.035365 0.107083 0.018059 0.079387
9 0.511287 0.753538 0.968397 0.205818
11 0.035365 0.760542 0.018059 0.079387
3 0.335591 0.926258 0.075245 0.050314
11 0.335591 0.927830 0.094905 0.032075
5 0.775771 0.926258 0.030098 0.025157
3 0.866065 0.926258 0.075245 0.050314
11 0.866065 0.929245 0.074008 0.048113
2 0.951843 0.926258 0.021068 0.017610
11 0.951843 0.941077 0.099766 0.014701
3 0.234011 0.580660 0.075245 0.050314
11 0.234011 0.582233 0.080103 0.032075
3 0.403311 0.462264 0.075245 0.050314
11 0.403311 0.463836 0.052241 0.032075
3 0.403311 0.275000 0.075245 0.050314
11 0.403311 0.276572 0.052241 0.032075
3 0.403311 0.113836 0.075245 0.050314
11 0.403311 0.115409 0.052241 0.032075
0 0.060948 0.767296 0.022573 0.018868
11 0.060948 0.782744 0.114133 0.014701
4 0.155004 0.767296 0.030098 0.025157
11 0.195120 0.779088 0.096646 0.016038
5 0.256584 0.767296 0.030098 0.025157
11 0.300183 0.779088 0.107094 0.016038
5 0.459744 0.767296 0.030098 0.025157
3 0.550038 0.767296 0.075245 0.050314
11 0.550038 0.768868 0.090551 0.032075
3 0.662904 0.767296 0.075245 0.050314
11 0.662904 0.768868 0.074008 0.032075
3 0.155004 0.688679 0.075245 0.050314
11 0.155004 0.691667 0.071396 0.048113
4 0.234011 0.688679 0.030098 0.025157
11 0.270934 0.700472 0.087069 0.016038
5 0.098946 0.767641 0.030098 0.025157
13 0.078066 0.767549 0.014672 0.006289
13 0.450527 0.608491 0.022197 0.294969
13 0.450527 0.514858 0.022197 0.482233
13 0.450527 0.434277 0.022197 0.643396
13 0.493604 0.767493 0.040632 0.006289
13 0.606471 0.767296 0.040632 0.006289
13 0.205794 0.688880 0.029345 0.006289
13 0.205794 0.767610 0.074492 0.006289
11 0.179845 0.760220 0.016575 0.016038
13 0.155221 0.734277 0.007524 0.043396
11 0.174825 0.745311 0.018126 0.029963
13 0.234220 0.640959 0.007524 0.072799
11 0.253877 0.669114 0.018081 0.013449
13 0.318661 0.440723 0.097065 0.656289
13 0.318661 0.521305 0.097065 0.495126
13 0.318661 0.614780 0.097065 0.307547
13 0.126975 0.767739 0.028970 0.006289
13 0.198645 0.853239 0.201656 0.148554
13 0.523890 0.747170 0.507524 0.335535
13 0.566968 0.926423 0.390519 0.006289
13 0.738337 0.840487 0.078631 0.148899
13 0.512603 0.801336 0.530098 0.227201
11 0.263496 0.681604 0.025863 0.016038
13 0.809631 0.926455 0.040632 0.006289
13 0.922498 0.926258 0.040632 0.006289
