8 0.490177 0.502874 0.972495 0.977011
9 0.500000 0.171753 0.952849 0.314769
9 0.500000 0.439511 0.952849 0.220747
9 0.500000 0.881006 0.952849 0.220747
9 0.500000 0.660258 0.952849 0.220747
0 0.072692 0.109752 0.019646 0.043103
3 0.213491 0.109752 0.065488 0.114943
4 0.292076 0.109752 0.026195 0.057471
3 0.419777 0.109752 0.065488 0.114943
3 0.806811 0.110685 0.065488 0.114943
2 0.967256 0.109752 0.018337 0.040230
3 0.419777 0.252829 0.065488 0.114943
3 0.527832 0.252829 0.065488 0.114943
3 0.806811 0.252829 0.065488 0.114943
5 0.734119 0.252829 0.026195 0.057471
5 0.905043 0.252829 0.026195 0.057471
2 0.967256 0.252829 0.018337 0.040230
4 0.596595 0.109752 0.026195 0.057471
5 0.645711 0.110265 0.026195 0.057471
4 0.694826 0.110685 0.026195 0.057471
5 0.144728 0.109752 0.026195 0.057471
3 0.806811 0.439263 0.065488 0.114943
3 0.480026 0.880758 0.065488 0.114943
3 0.480026 0.660010 0.065488 0.114943
10 0.573019 0.677291 0.057629 0.139368
12 0.107073 0.110094 0.051735 0.014368
12 0.346103 0.110168 0.084479 0.014368
12 0.518009 0.110151 0.133595 0.014368
12 0.898821 0.110150 0.121153 0.014368
12 0.339718 0.195659 0.097250 0.120088
12 0.520301 0.485155 0.017682 0.355457
12 0.433530 0.485155 0.030124 0.355457
12 0.760642 0.253288 0.029470 0.014368
12 0.754257 0.360414 0.042240 0.163445
12 0.872462 0.360414 0.068435 0.163445
12 0.865750 0.253259 0.055010 0.014368
12 0.938114 0.253168 0.042567 0.014368
12 0.296169 0.509623 0.304846 0.748017
12 0.621153 0.110724 0.025541 0.014368
12 0.578749 0.195659 0.038965 0.120088
12 0.670269 0.111190 0.025540 0.014368
12 0.579404 0.509879 0.135888 0.747504
12 0.169286 0.110217 0.025540 0.014368
12 0.262606 0.109752 0.035363 0.014368
12 0.708088 0.196484 0.028487 0.119875
12 0.740995 0.111108 0.068762 0.014368
