8 0.499898 0.500050 0.993400 0.990549
11 0.009040 0.507819 0.012746 0.088050
9 0.507864 0.265821 0.977468 0.522091
11 0.024972 0.274619 0.012746 0.099704
9 0.507864 0.859832 0.977468 0.270985
11 0.024972 0.870457 0.012746 0.120421
9 0.507864 0.625603 0.977468 0.197472
11 0.024972 0.635657 0.012746 0.113947
0 0.056634 0.297557 0.015932 0.023697
11 0.056634 0.322933 0.019153 0.036927
3 0.115052 0.297557 0.053107 0.063191
11 0.115052 0.299532 0.057150 0.040284
4 0.292959 0.297557 0.021243 0.031596
11 0.292959 0.268726 0.035642 0.040284
5 0.338271 0.297557 0.021243 0.031596
11 0.345706 0.263395 0.064525 0.060427
3 0.411723 0.297557 0.053107 0.063191
11 0.411723 0.301309 0.055921 0.060427
3 0.411723 0.367068 0.053107 0.063191
11 0.411723 0.370820 0.055921 0.060427
3 0.411723 0.444086 0.053107 0.063191
11 0.411723 0.447838 0.055921 0.060427
5 0.472869 0.297557 0.021243 0.031596
3 0.533941 0.297557 0.053107 0.063191
11 0.533941 0.299532 0.052849 0.040284
3 0.621568 0.297557 0.053107 0.063191
11 0.621568 0.301309 0.058994 0.060427
3 0.292959 0.408282 0.053107 0.063191
11 0.292959 0.412034 0.050391 0.060427
4 0.292959 0.502299 0.021243 0.031596
11 0.268272 0.486896 0.056536 0.040284
5 0.180395 0.297557 0.021243 0.031596
3 0.567633 0.502299 0.053107 0.063191
11 0.567633 0.504274 0.053463 0.040284
4 0.452411 0.502299 0.021243 0.031596
3 0.697745 0.502299 0.053107 0.063191
11 0.697745 0.506051 0.063296 0.060427
4 0.628706 0.502299 0.021243 0.031596
3 0.185320 0.796516 0.053107 0.063191
11 0.185320 0.798490 0.051005 0.040284
3 0.846443 0.796516 0.053107 0.063191
11 0.846443 0.800268 0.067597 0.060427
2 0.904330 0.796516 0.014870 0.022117
5 0.699176 0.796664 0.021243 0.031596
3 0.292959 0.602621 0.053107 0.063191
11 0.292959 0.604595 0.056536 0.040284
13 0.076549 0.297557 0.026022 0.007899
13 0.155689 0.297952 0.030292 0.007899
13 0.367031 0.297799 0.038402 0.007899
13 0.315615 0.297952 0.026193 0.007899
11 0.310697 0.288671 0.012108 0.020142
13 0.361853 0.340211 0.048758 0.056872
13 0.361853 0.378721 0.048758 0.133891
13 0.450262 0.297805 0.026095 0.007899
13 0.455705 0.340211 0.036982 0.056872
13 0.455705 0.378721 0.036982 0.133891
13 0.495439 0.297807 0.026022 0.007899
13 0.577755 0.297557 0.036644 0.007899
13 0.293114 0.463190 0.005311 0.049783
13 0.236677 0.297952 0.093446 0.007899
13 0.182990 0.539138 0.006784 0.454724
13 0.293114 0.544561 0.005311 0.056088
11 0.285722 0.509333 0.012767 0.016913
13 0.293112 0.345021 0.005311 0.066491
11 0.285717 0.301542 0.012788 0.037623
13 0.372685 0.502694 0.140333 0.007899
11 0.313770 0.493413 0.018254 0.020142
13 0.502056 0.502525 0.080172 0.007899
13 0.386095 0.560359 0.135288 0.087683
13 0.606135 0.502547 0.026022 0.007899
13 0.625269 0.407827 0.009528 0.160508
13 0.655259 0.502543 0.033988 0.007899
13 0.884946 0.796516 0.026022 0.007899
13 0.450214 0.796874 0.478806 0.007899
13 0.764844 0.796902 0.112217 0.007899
13 0.698101 0.657380 0.005311 0.250131
