3 0.627181 0.171818 0.250518 0.058867
0 0.628217 0.015085 0.062112 0.022075
4 0.628217 0.249080 0.082816 0.029433
3 0.455487 0.323767 0.285714 0.058867
3 0.455487 0.398455 0.285714 0.058867
3 0.455487 0.468359 0.285714 0.058867
3 0.834369 0.323767 0.285714 0.058867
3 0.455487 0.538263 0.285714 0.058867
4 0.455487 0.603753 0.082816 0.029433
3 0.455487 0.669242 0.285714 0.058867
3 0.455487 0.749448 0.285714 0.058867
3 0.115942 0.398455 0.207039 0.058867
3 0.455487 0.927520 0.285714 0.058867
5 0.455487 0.865710 0.082816 0.029433
2 0.455487 0.984915 0.057971 0.020603
5 0.628217 0.073951 0.082816 0.029433
4 0.455487 0.814937 0.082816 0.029433
13 0.628217 0.042678 0.020704 0.036056
13 0.521148 0.271891 0.139604 0.047829
13 0.751996 0.271891 0.173026 0.047829
13 0.351375 0.221670 0.479148 0.297645
13 0.456117 0.578366 0.020704 0.024283
13 0.456124 0.629139 0.020704 0.024283
13 0.455487 0.709345 0.020704 0.024283
13 0.456117 0.789551 0.020704 0.024283
13 0.592133 0.709713 0.198758 0.214128
13 0.456522 0.840324 0.020704 0.024283
13 0.456131 0.889257 0.020704 0.020603
13 0.265010 0.646983 0.306418 0.441133
13 0.628408 0.217807 0.020704 0.036056
13 0.628217 0.115526 0.020704 0.056659
13 0.665631 0.609639 0.345756 0.515820
13 0.455487 0.965784 0.020704 0.020603
11 0.629412 0.171891 0.174042 0.031494
11 0.511517 0.014643 0.149327 0.008830
11 0.522823 0.230243 0.159517 0.008830
11 0.458254 0.307579 0.240392 0.042090
11 0.458259 0.398528 0.178216 0.020898
11 0.455487 0.468433 0.246551 0.010302
11 0.837484 0.318175 0.248609 0.031494
11 0.455487 0.533039 0.223040 0.031494
11 0.299431 0.606696 0.141337 0.018543
11 0.457899 0.669316 0.144992 0.031494
11 0.458614 0.744224 0.151947 0.031494
11 0.115942 0.393230 0.149861 0.031494
11 0.458606 0.922296 0.219365 0.031494
11 0.354668 0.263797 0.154471 0.018543
11 0.922522 0.266004 0.126617 0.018543
11 0.394992 0.626858 0.019798 0.008830
11 0.537057 0.593745 0.043058 0.008830
