8 0.500000 0.375298 0.989381 0.736277
11 0.015044 0.409129 0.021239 0.383413
8 0.500000 0.902745 0.989381 0.180191
11 0.015044 0.914482 0.021239 0.133021
9 0.513274 0.177804 0.962832 0.341289
11 0.041593 0.191095 0.021239 0.150626
9 0.513274 0.467184 0.962832 0.237470
11 0.041593 0.482373 0.021239 0.172145
9 0.513274 0.664678 0.962832 0.157518
11 0.041593 0.680730 0.021239 0.181926
3 0.420354 0.251790 0.088496 0.095465
11 0.420354 0.254773 0.083970 0.060859
0 0.098230 0.251790 0.026549 0.035800
11 0.098230 0.281101 0.176473 0.027894
3 0.779646 0.251790 0.088496 0.095465
11 0.779646 0.254773 0.087042 0.060859
5 0.261947 0.192124 0.035398 0.047733
3 0.182301 0.108592 0.088496 0.095465
11 0.182301 0.111575 0.079874 0.060859
4 0.315044 0.108592 0.035398 0.047733
11 0.315929 0.070704 0.117762 0.030430
3 0.461062 0.108592 0.088496 0.095465
11 0.461062 0.111575 0.069633 0.060859
3 0.646903 0.108592 0.088496 0.095465
11 0.646903 0.111575 0.074753 0.060859
3 0.553982 0.505967 0.088496 0.095465
11 0.553982 0.508950 0.094210 0.060859
4 0.420354 0.410501 0.035398 0.047733
11 0.471681 0.372613 0.102402 0.030430
4 0.672566 0.410501 0.035398 0.047733
4 0.779646 0.410501 0.035398 0.047733
3 0.381416 0.668258 0.088496 0.095465
11 0.381416 0.668556 0.115714 0.030430
2 0.867257 0.668258 0.024779 0.033413
11 0.867257 0.696375 0.170841 0.027894
5 0.779646 0.668258 0.035398 0.047733
13 0.374779 0.109189 0.087611 0.011933
11 0.344260 0.095167 0.019494 0.030430
13 0.348384 0.185455 0.058984 0.110767
11 0.347110 0.133179 0.030709 0.063897
13 0.826106 0.668258 0.061062 0.011933
13 0.707125 0.180191 0.062294 0.052506
13 0.593805 0.668854 0.339823 0.011933
13 0.626549 0.453802 0.060177 0.056831
13 0.546460 0.411098 0.220354 0.011933
11 0.455032 0.397076 0.030417 0.030430
13 0.473894 0.461140 0.075221 0.072330
11 0.453575 0.419360 0.023977 0.039510
13 0.553982 0.107995 0.100885 0.011933
13 0.133486 0.195107 0.051785 0.082339
13 0.235571 0.155855 0.021584 0.029578
13 0.301630 0.439343 0.074616 0.451479
13 0.289317 0.150358 0.026296 0.040573
13 0.420796 0.343079 0.008850 0.091885
13 0.780088 0.539379 0.008850 0.214797
13 0.726106 0.411098 0.075221 0.011933
13 0.780088 0.343079 0.008850 0.091885
