8 0.500000 0.500000 0.989899 0.978339
11 0.014310 0.526631 0.020202 0.301818
9 0.512626 0.500000 0.964646 0.245487
11 0.039562 0.522976 0.020202 0.260392
9 0.512626 0.805957 0.964646 0.366426
11 0.039562 0.830238 0.020202 0.275187
9 0.512626 0.194043 0.964646 0.366426
11 0.039562 0.214147 0.020202 0.227843
4 0.274411 0.500000 0.033670 0.072202
11 0.223497 0.504513 0.089610 0.092058
3 0.398148 0.500000 0.084175 0.144404
11 0.398148 0.504513 0.089610 0.092058
4 0.741582 0.500000 0.033670 0.072202
2 0.963805 0.792419 0.023569 0.050542
11 0.952862 0.885718 0.084821 0.126579
5 0.741582 0.792419 0.033670 0.072202
3 0.160774 0.792419 0.084175 0.144404
11 0.160774 0.792870 0.110065 0.046029
3 0.829966 0.792419 0.084175 0.144404
11 0.829966 0.800993 0.109091 0.138087
3 0.398148 0.133934 0.084175 0.144404
11 0.398148 0.142508 0.096429 0.138087
0 0.093434 0.133934 0.025253 0.054152
11 0.100168 0.061167 0.062500 0.126579
4 0.223906 0.133934 0.033670 0.072202
11 0.234848 0.055414 0.104221 0.092058
3 0.602694 0.133574 0.084175 0.144404
11 0.602694 0.138087 0.071104 0.092058
1 0.497475 0.133574 0.025253 0.054152
11 0.499158 0.067013 0.060714 0.084386
3 0.398148 0.283394 0.084175 0.144404
11 0.398148 0.287906 0.079870 0.092058
3 0.741582 0.133574 0.084175 0.144404
11 0.741582 0.142148 0.082792 0.138087
5 0.274411 0.283394 0.033670 0.072202
5 0.160774 0.133934 0.033670 0.072202
13 0.125000 0.134354 0.041246 0.018051
13 0.535354 0.133574 0.053872 0.018051
13 0.462542 0.133700 0.047980 0.018051
13 0.298401 0.134451 0.118687 0.018051
11 0.251629 0.113493 0.018567 0.046122
13 0.240951 0.227165 0.036616 0.121482
11 0.212542 0.142975 0.020202 0.085811
13 0.672138 0.133574 0.058081 0.018051
13 0.323653 0.283939 0.068182 0.018051
13 0.274832 0.391697 0.008418 0.151625
13 0.323653 0.500545 0.068182 0.018051
11 0.302107 0.479506 0.018577 0.046160
13 0.192340 0.134836 0.032828 0.018051
13 0.160997 0.445126 0.008418 0.557402
13 0.912037 0.792419 0.083333 0.018051
13 0.463805 0.792889 0.525253 0.018051
13 0.773148 0.793002 0.032828 0.018051
13 0.591120 0.373646 0.305135 0.187726
13 0.742003 0.646209 0.008418 0.227437
13 0.741813 0.334838 0.008418 0.265343
13 0.582492 0.500484 0.287879 0.018051
13 0.501930 0.565884 0.457564 0.066787
11 0.263047 0.509041 0.020202 0.085811
