0 0.036219 0.292070 0.026502 0.058027
4 0.296820 0.292070 0.035336 0.077369
3 0.707597 0.098646 0.088339 0.154739
4 0.469081 0.098646 0.035336 0.077369
3 0.535336 0.417795 0.088339 0.154739
4 0.601590 0.098646 0.035336 0.077369
3 0.385159 0.707930 0.088339 0.154739
3 0.504417 0.707930 0.088339 0.154739
3 0.623675 0.707930 0.088339 0.154739
3 0.199647 0.292070 0.088339 0.154739
3 0.173145 0.911025 0.088339 0.154739
3 0.848940 0.911025 0.088339 0.154739
5 0.093640 0.292070 0.035336 0.077369
2 0.962898 0.911025 0.024735 0.054159
5 0.756184 0.911025 0.035336 0.077369
4 0.756184 0.707930 0.035336 0.077369
13 0.590769 0.277563 0.026060 0.288201
13 0.480345 0.277563 0.025177 0.288201
13 0.575088 0.098646 0.180212 0.019342
13 0.374117 0.176015 0.158127 0.162476
13 0.564046 0.707930 0.034452 0.019342
13 0.318905 0.519342 0.047703 0.384913
13 0.062721 0.292070 0.030035 0.019342
13 0.261484 0.292682 0.038869 0.019342
13 0.444788 0.707930 0.034452 0.019342
13 0.477915 0.911025 0.524735 0.019342
13 0.133392 0.292070 0.047703 0.019342
13 0.111528 0.620890 0.038428 0.588008
13 0.921820 0.911025 0.060954 0.019342
13 0.789311 0.911025 0.034452 0.019342
13 0.703180 0.707930 0.074205 0.019342
13 0.756404 0.809478 0.008834 0.133462
13 0.750883 0.422631 0.008834 0.500967
11 0.036274 0.336364 0.063715 0.023211
11 0.354427 0.350290 0.067510 0.074275
11 0.707971 0.097872 0.062626 0.082785
11 0.489938 0.048549 0.057614 0.074275
11 0.536670 0.417021 0.064833 0.054932
11 0.386489 0.707157 0.049222 0.082785
11 0.504417 0.707157 0.046561 0.054932
11 0.623675 0.707157 0.056874 0.054932
11 0.199647 0.291296 0.058628 0.054932
11 0.174293 0.910251 0.052377 0.082785
11 0.848940 0.910251 0.057448 0.082785
11 0.962953 0.953385 0.063715 0.023211
11 0.470743 0.226112 0.072228 0.023211
11 0.537220 0.190909 0.060305 0.048743
11 0.336848 0.060928 0.058856 0.048743
11 0.253803 0.552611 0.065909 0.099807
