8 0.295500 0.263667 0.561000 0.487333
9 0.300500 0.061667 0.551000 0.083333
9 0.300500 0.406333 0.551000 0.202000
9 0.300500 0.204333 0.551000 0.202000
3 0.359667 0.075000 0.033333 0.026667
3 0.137667 0.364667 0.033333 0.026667
3 0.513000 0.370283 0.033333 0.026667
3 0.130833 0.212983 0.033333 0.026667
3 0.224667 0.188783 0.033333 0.026667
3 0.224667 0.243233 0.033333 0.026667
4 0.183000 0.212983 0.013333 0.013333
3 0.282833 0.188783 0.033333 0.026667
3 0.282833 0.243233 0.033333 0.026667
3 0.331167 0.243233 0.033333 0.026667
4 0.321333 0.188783 0.013333 0.013333
4 0.359667 0.188783 0.013333 0.013333
4 0.381667 0.218417 0.013333 0.013333
5 0.442000 0.218417 0.013333 0.013333
5 0.078667 0.212983 0.013333 0.013333
0 0.052000 0.212983 0.010000 0.010000
2 0.549333 0.218417 0.009333 0.009333
11 0.263167 0.279900 0.033333 0.016667
