8 0.499727 0.638029 0.990856 0.708407
8 0.499727 0.055593 0.990856 0.095033
9 0.511265 0.875748 0.967779 0.232968
9 0.511265 0.521544 0.967779 0.475439
5 0.658232 0.892158 0.030769 0.052632
3 0.369770 0.892158 0.076923 0.105263
2 0.817644 0.892158 0.021538 0.036842
3 0.735497 0.892158 0.076923 0.105263
0 0.073530 0.416720 0.023077 0.039474
4 0.262078 0.416720 0.030769 0.052632
3 0.369770 0.416720 0.076923 0.105263
3 0.369770 0.573299 0.076923 0.105263
4 0.458232 0.573299 0.030769 0.052632
3 0.546693 0.573299 0.076923 0.105263
4 0.627463 0.685141 0.030769 0.052632
3 0.559770 0.416720 0.076923 0.105263
3 0.671309 0.416720 0.076923 0.105263
3 0.170605 0.416720 0.076923 0.105263
4 0.696728 0.685141 0.030769 0.052632
13 0.425540 0.573712 0.037692 0.013158
13 0.490924 0.573715 0.037692 0.013158
13 0.606501 0.616062 0.045769 0.090789
13 0.615540 0.416720 0.037692 0.013158
13 0.535347 0.642707 0.156538 0.091447
13 0.202419 0.664308 0.260856 0.460965
13 0.525540 0.892513 0.237692 0.013158
13 0.685326 0.892588 0.026496 0.013158
13 0.679951 0.788650 0.036999 0.159649
13 0.712251 0.537772 0.029456 0.247368
13 0.369770 0.233599 0.007692 0.266242
13 0.671309 0.233599 0.007692 0.266242
13 0.464770 0.416720 0.116154 0.013158
13 0.454702 0.193467 0.007692 0.185979
13 0.108606 0.416720 0.050152 0.013158
13 0.227880 0.416720 0.040704 0.013158
13 0.662095 0.685799 0.041573 0.013158
13 0.304386 0.417121 0.056923 0.013158
13 0.296886 0.508167 0.071923 0.135526
13 0.790417 0.892158 0.035993 0.013158
11 0.015846 0.638158 0.010769 0.103837
11 0.038923 0.521711 0.010769 0.077226
11 0.038923 0.875658 0.010769 0.086459
11 0.370000 0.891579 0.043609 0.037368
11 0.817428 0.849342 0.050168 0.033158
11 0.736541 0.891579 0.058245 0.037368
11 0.073990 0.374342 0.040288 0.033158
11 0.271821 0.361711 0.062103 0.015789
11 0.370000 0.416579 0.010000 0.018421
11 0.370000 0.573158 0.019235 0.018421
11 0.458972 0.528816 0.054868 0.015789
11 0.548085 0.573158 0.056454 0.037368
11 0.561158 0.416579 0.042861 0.037368
11 0.671538 0.416579 0.063621 0.018421
11 0.171797 0.416579 0.047212 0.037368
11 0.483678 0.555132 0.007356 0.015789
11 0.447999 0.566974 0.015998 0.015789
11 0.500000 0.054737 0.038742 0.018421
11 0.443798 0.138026 0.067596 0.015789
