8 0.500150 0.499974 0.990130 0.976562
11 0.013836 0.528789 0.019093 0.326576
9 0.512084 0.255833 0.966264 0.488281
11 0.037703 0.277586 0.019093 0.246533
9 0.512084 0.744114 0.966264 0.488281
11 0.037703 0.770387 0.019093 0.297761
7 0.511847 0.391779 0.133652 0.156250
11 0.511847 0.392267 0.098500 0.049805
0 0.090246 0.255833 0.023866 0.058594
11 0.090246 0.303807 0.113919 0.045654
5 0.155601 0.255833 0.031822 0.078125
4 0.383664 0.255833 0.031822 0.078125
11 0.433931 0.256321 0.091135 0.049805
7 0.511847 0.124554 0.133652 0.156250
11 0.511847 0.125042 0.111388 0.049805
4 0.623655 0.255833 0.031822 0.078125
5 0.707998 0.255833 0.031822 0.078125
2 0.933391 0.255833 0.022275 0.054688
3 0.823931 0.255833 0.079554 0.156250
11 0.823931 0.260716 0.078248 0.099609
3 0.247089 0.255833 0.079554 0.156250
11 0.247089 0.260716 0.070883 0.099609
3 0.301368 0.744114 0.079554 0.156250
11 0.301368 0.744603 0.104023 0.049805
13 0.120935 0.255833 0.040693 0.019531
13 0.208795 0.519505 0.108774 0.457031
13 0.601363 0.170662 0.048562 0.100029
13 0.603110 0.343337 0.052056 0.104696
13 0.665827 0.256810 0.055704 0.019531
13 0.524771 0.519505 0.370433 0.457031
13 0.754032 0.256424 0.063427 0.019531
13 0.892981 0.255833 0.061727 0.019531
13 0.414542 0.170662 0.064143 0.100029
11 0.404267 0.099998 0.027344 0.049805
13 0.414542 0.343337 0.064143 0.104696
11 0.408954 0.368789 0.017525 0.049805
13 0.189412 0.256452 0.038982 0.019531
13 0.327309 0.256405 0.084069 0.019531
