8 0.500000 0.500000 0.988711 0.982709
9 0.514111 0.188761 0.960489 0.360231
9 0.514111 0.860231 0.960489 0.262248
9 0.514111 0.548991 0.960489 0.360231
0 0.090310 0.200288 0.028222 0.043228
3 0.222013 0.203170 0.094073 0.115274
4 0.334901 0.200288 0.037629 0.057637
3 0.433678 0.131124 0.094073 0.115274
5 0.137347 0.200288 0.037629 0.057637
1 0.527752 0.131124 0.028222 0.043228
3 0.433678 0.282421 0.094073 0.115274
5 0.334901 0.282421 0.037629 0.057637
3 0.631232 0.131124 0.094073 0.115274
3 0.222013 0.887608 0.094073 0.115274
3 0.871119 0.865994 0.094073 0.115274
5 0.786453 0.865994 0.037629 0.057637
2 0.950141 0.865994 0.026341 0.040346
3 0.433678 0.548991 0.094073 0.115274
3 0.645343 0.548991 0.094073 0.115274
4 0.532455 0.548991 0.037629 0.057637
4 0.730009 0.548991 0.037629 0.057637
5 0.786453 0.548991 0.037629 0.057637
4 0.786453 0.644597 0.037629 0.057637
13 0.111477 0.201729 0.017874 0.014409
13 0.165569 0.201409 0.022578 0.014409
13 0.292568 0.202384 0.050800 0.014409
13 0.335069 0.241354 0.009407 0.030259
13 0.370179 0.282886 0.036689 0.014409
13 0.361085 0.423631 0.054876 0.230548
13 0.518344 0.862612 0.502352 0.014409
13 0.927563 0.865994 0.022578 0.014409
13 0.814675 0.866477 0.022578 0.014409
13 0.497178 0.548991 0.036689 0.014409
13 0.574788 0.548991 0.050800 0.014409
13 0.786128 0.755295 0.009407 0.169525
13 0.156632 0.543948 0.040452 0.635447
13 0.701787 0.549182 0.022578 0.014409
13 0.631938 0.474063 0.200847 0.097983
13 0.497178 0.131124 0.036689 0.014409
13 0.563029 0.131124 0.046096 0.014409
13 0.360409 0.150403 0.056228 0.047896
13 0.633819 0.401297 0.309972 0.243516
13 0.774290 0.387860 0.195804 0.520677
13 0.786924 0.598537 0.009407 0.047219
13 0.758231 0.549712 0.022578 0.014409
11 0.019379 0.500000 0.013170 0.142722
11 0.040828 0.548991 0.013170 0.097552
11 0.040828 0.860231 0.013170 0.104298
11 0.040828 0.188761 0.013170 0.084570
11 0.092082 0.242795 0.050579 0.036311
11 0.222803 0.202594 0.043311 0.040922
11 0.435097 0.130548 0.081609 0.061671
11 0.435099 0.281844 0.064646 0.040922
11 0.632654 0.130548 0.079095 0.061671
11 0.222013 0.876657 0.053332 0.040922
11 0.871119 0.865418 0.080650 0.061671
11 0.433678 0.548415 0.077184 0.040922
11 0.646765 0.548415 0.069041 0.040922
11 0.321466 0.126657 0.061559 0.017291
11 0.563294 0.528674 0.008996 0.017291
11 0.520601 0.485447 0.019564 0.017291
11 0.358155 0.067579 0.061559 0.017291
