0 0.032182 0.411504 0.020325 0.066372
3 0.135501 0.411504 0.067751 0.176991
4 0.213415 0.411504 0.027100 0.088496
3 0.389566 0.411504 0.067751 0.176991
3 0.271003 0.898230 0.067751 0.176991
3 0.369241 0.898230 0.067751 0.176991
3 0.467480 0.898230 0.067751 0.176991
4 0.467480 0.411504 0.027100 0.088496
3 0.663957 0.772124 0.067751 0.176991
4 0.565718 0.411504 0.027100 0.088496
5 0.074526 0.411504 0.027100 0.088496
3 0.325203 0.101770 0.067751 0.176991
3 0.841192 0.101770 0.067751 0.176991
5 0.841192 0.256637 0.027100 0.088496
3 0.841192 0.411504 0.067751 0.176991
2 0.969241 0.256637 0.018970 0.061947
4 0.709079 0.411504 0.027100 0.088496
13 0.184621 0.412199 0.033198 0.022124
13 0.291328 0.412123 0.131436 0.022124
13 0.438686 0.412199 0.033198 0.022124
13 0.320122 0.898230 0.033198 0.022124
13 0.418360 0.898230 0.033198 0.022124
13 0.225440 0.676991 0.026084 0.451327
13 0.467665 0.632743 0.006775 0.362832
13 0.516599 0.412611 0.073848 0.022124
13 0.051660 0.412009 0.021341 0.022124
13 0.094851 0.412246 0.016260 0.022124
13 0.183096 0.234513 0.219173 0.274336
13 0.583198 0.101770 0.450948 0.022124
13 0.841409 0.201327 0.006775 0.030973
13 0.841412 0.311947 0.006775 0.030973
13 0.907249 0.257174 0.107724 0.022124
13 0.703625 0.613938 0.014295 0.325221
13 0.764973 0.412144 0.087398 0.022124
13 0.637398 0.412611 0.118970 0.022124
13 0.598069 0.634098 0.066734 0.365541
11 0.032281 0.462168 0.057786 0.026549
11 0.135501 0.410619 0.047672 0.062832
11 0.236243 0.346239 0.049723 0.055752
11 0.389566 0.426549 0.056717 0.094690
11 0.272026 0.897345 0.057408 0.126549
11 0.369241 0.897345 0.055361 0.094690
11 0.467480 0.897345 0.049041 0.062832
11 0.663957 0.771239 0.054460 0.126549
11 0.566486 0.321903 0.046250 0.055752
11 0.325713 0.100885 0.050059 0.094690
11 0.842370 0.100885 0.059896 0.094690
11 0.841463 0.410619 0.058289 0.126549
11 0.969009 0.319690 0.054550 0.055752
11 0.283007 0.440044 0.044334 0.026549
11 0.242357 0.641372 0.044334 0.026549
11 0.637126 0.382522 0.014090 0.026549
11 0.556762 0.634735 0.006479 0.026549
