8 0.500283 0.500285 0.991995 0.984177
9 0.510543 0.168858 0.971475 0.321323
9 0.510543 0.831712 0.971475 0.321323
9 0.510543 0.500285 0.971475 0.341530
0 0.105278 0.169399 0.020520 0.040984
3 0.423393 0.103825 0.068399 0.109290
3 0.536252 0.103825 0.068399 0.109290
3 0.635316 0.103825 0.068399 0.109290
3 0.751710 0.103825 0.068399 0.109290
4 0.314295 0.169399 0.027360 0.054645
3 0.423393 0.245902 0.068399 0.109290
4 0.512312 0.245902 0.027360 0.054645
3 0.590971 0.245902 0.068399 0.109290
5 0.163475 0.169399 0.027360 0.054645
3 0.235636 0.169709 0.068399 0.109290
3 0.163475 0.814493 0.068399 0.109290
4 0.751710 0.814493 0.027360 0.054645
3 0.820109 0.814493 0.068399 0.109290
2 0.894665 0.814493 0.019152 0.038251
3 0.512312 0.431694 0.068399 0.109290
13 0.585784 0.103825 0.033400 0.013661
13 0.693513 0.103825 0.050731 0.013661
13 0.351915 0.122951 0.077291 0.043716
13 0.479822 0.103825 0.047196 0.013661
13 0.512509 0.325137 0.006840 0.109290
13 0.478112 0.246320 0.043776 0.013661
13 0.541382 0.246334 0.033516 0.013661
13 0.568741 0.366120 0.047196 0.136612
13 0.132666 0.169399 0.036993 0.013661
13 0.163653 0.478285 0.006840 0.568591
13 0.189295 0.169510 0.027018 0.013661
13 0.285226 0.169943 0.033516 0.013661
13 0.351744 0.221311 0.077633 0.054645
13 0.751887 0.472820 0.006840 0.634165
13 0.688611 0.516536 0.129617 0.546733
13 0.467852 0.814846 0.543092 0.013661
13 0.775650 0.814939 0.023256 0.013661
13 0.869699 0.814493 0.033516 0.013661
11 0.014090 0.500000 0.009576 0.099753
11 0.034610 0.500000 0.009576 0.092488
11 0.034610 0.831284 0.009576 0.043300
11 0.034610 0.168716 0.009576 0.080180
11 0.105100 0.200683 0.055617 0.016393
11 0.423393 0.103279 0.058624 0.019126
11 0.537284 0.103279 0.053629 0.058470
11 0.635431 0.103279 0.039467 0.038798
11 0.751710 0.103279 0.044036 0.038798
11 0.423453 0.245355 0.051219 0.058470
11 0.590971 0.245355 0.045848 0.019126
11 0.235294 0.168852 0.050873 0.019126
11 0.163475 0.813661 0.038777 0.038798
11 0.820109 0.813661 0.058639 0.038798
11 0.513345 0.431148 0.050199 0.038798
11 0.359589 0.125546 0.044759 0.016393
11 0.522663 0.320355 0.046693 0.034426
11 0.339753 0.267623 0.044759 0.016393
