8 0.497227 0.404536 0.984945 0.511603
8 0.497227 0.061709 0.984945 0.110759
8 0.467512 0.832278 0.925515 0.322785
9 0.509113 0.270570 0.961173 0.243671
9 0.509113 0.459388 0.961173 0.133966
9 0.509113 0.593354 0.961173 0.133966
0 0.076070 0.222574 0.023772 0.031646
3 0.163233 0.222574 0.079239 0.084388
4 0.246434 0.222574 0.031696 0.042194
3 0.334786 0.190928 0.089540 0.084388
3 0.389065 0.333333 0.079239 0.084388
3 0.496038 0.190928 0.079239 0.084388
3 0.709984 0.190928 0.079239 0.084388
5 0.591125 0.190928 0.031696 0.042194
3 0.709984 0.333333 0.079239 0.084388
5 0.816957 0.248945 0.031696 0.042194
2 0.931062 0.248945 0.022187 0.029536
4 0.531696 0.333333 0.031696 0.042194
3 0.531696 0.459916 0.079239 0.084388
3 0.531696 0.593882 0.079239 0.084388
3 0.674326 0.593882 0.079239 0.084388
2 0.788431 0.593882 0.022187 0.029536
3 0.175119 0.062236 0.079239 0.084388
3 0.876387 0.062236 0.079239 0.084388
2 0.966719 0.062236 0.022187 0.029536
0 0.076070 0.062236 0.023772 0.031646
9 0.479398 0.912975 0.901743 0.161392
9 0.479398 0.751582 0.901743 0.161392
3 0.674326 0.913502 0.079239 0.084388
0 0.444532 0.913502 0.023772 0.031646
2 0.816957 0.913502 0.022187 0.029536
3 0.236133 0.752110 0.079239 0.084388
0 0.103803 0.752110 0.023772 0.031646
1 0.444532 0.752110 0.023772 0.031646
3 0.674326 0.752110 0.079239 0.084388
2 0.816957 0.752110 0.022187 0.029536
12 0.105784 0.222574 0.038827 0.010549
12 0.216719 0.222911 0.030903 0.010549
12 0.268423 0.196203 0.046355 0.014768
12 0.298138 0.288502 0.105784 0.093882
12 0.156101 0.752110 0.083994 0.010549
12 0.417987 0.190928 0.080032 0.010549
12 0.555468 0.191257 0.042789 0.010549
12 0.603011 0.593882 0.066561 0.010549
12 0.638669 0.191246 0.066561 0.010549
12 0.630943 0.272679 0.082013 0.125527
12 0.783479 0.209388 0.070919 0.041139
12 0.783479 0.301688 0.070919 0.067511
12 0.876387 0.249199 0.090333 0.010549
12 0.745642 0.593882 0.066561 0.010549
12 0.354200 0.752110 0.160063 0.010549
12 0.545563 0.752110 0.181458 0.010549
12 0.759905 0.752110 0.095087 0.010549
12 0.472266 0.333640 0.090333 0.010549
12 0.640650 0.472867 0.141838 0.198898
12 0.531928 0.386076 0.007924 0.067511
12 0.608954 0.333633 0.125990 0.010549
12 0.620840 0.396906 0.102219 0.074230
12 0.545563 0.913502 0.181458 0.010549
12 0.759905 0.913502 0.095087 0.010549
12 0.674326 0.672996 0.007924 0.078059
12 0.674326 0.753692 0.007924 0.239451
12 0.169905 0.142405 0.008109 0.080169
12 0.525753 0.062236 0.625198 0.010549
12 0.935816 0.062236 0.042789 0.010549
12 0.795591 0.422101 0.166459 0.639561
12 0.803007 0.502118 0.181291 0.799596
12 0.288431 0.471519 0.095880 0.481013
12 0.379981 0.475137 0.211626 0.488249
12 0.111727 0.062236 0.050713 0.010549
