8 0.500000 0.500000 0.990776 0.985130
11 0.013067 0.505198 0.018447 0.058909
9 0.511530 0.162330 0.967717 0.309789
11 0.036126 0.176131 0.018447 0.156413
9 0.511530 0.421933 0.967717 0.209418
11 0.036126 0.434121 0.018447 0.138131
9 0.511530 0.643123 0.967717 0.232962
11 0.036126 0.658895 0.018447 0.178757
9 0.511530 0.876084 0.967717 0.232962
11 0.036126 0.892753 0.018447 0.188914
0 0.089162 0.162330 0.023059 0.037175
11 0.089162 0.202138 0.114143 0.057931
3 0.239047 0.162330 0.076864 0.099133
11 0.239047 0.165428 0.080938 0.063197
4 0.342813 0.162330 0.030746 0.049566
11 0.343582 0.203532 0.088943 0.031599
3 0.455035 0.075589 0.076864 0.099133
11 0.455035 0.081475 0.060481 0.094796
3 0.665642 0.075589 0.076864 0.099133
11 0.665642 0.078686 0.064928 0.063197
3 0.795542 0.075589 0.076864 0.099133
11 0.795542 0.075898 0.085385 0.031599
5 0.158340 0.162330 0.030746 0.049566
3 0.455035 0.242875 0.089931 0.099133
11 0.455035 0.248761 0.101395 0.094796
4 0.561875 0.242875 0.030746 0.049566
11 0.571099 0.168835 0.228582 0.031599
4 0.850115 0.242875 0.030746 0.049566
4 0.665642 0.242875 0.030746 0.049566
3 0.561875 0.643123 0.076864 0.099133
11 0.561875 0.646221 0.081827 0.063197
3 0.250576 0.876084 0.076864 0.099133
11 0.250576 0.876394 0.100505 0.031599
3 0.850115 0.876084 0.076864 0.099133
11 0.850115 0.876394 0.085385 0.031599
2 0.937740 0.876084 0.021522 0.034696
11 0.937740 0.905282 0.097837 0.028965
5 0.746349 0.876084 0.030746 0.049566
13 0.302460 0.162707 0.053036 0.012392
13 0.121829 0.162330 0.045350 0.012392
13 0.379900 0.106568 0.076480 0.066914
11 0.332437 0.123451 0.018447 0.028439
13 0.560338 0.075589 0.136818 0.012392
13 0.730592 0.075589 0.056111 0.012392
13 0.376633 0.214994 0.069946 0.060719
11 0.374917 0.255955 0.027012 0.031599
13 0.523251 0.243269 0.049577 0.012392
13 0.187164 0.162330 0.029977 0.012392
13 0.185434 0.531599 0.056495 0.693928
13 0.509992 0.876408 0.445042 0.012392
13 0.907763 0.876084 0.041507 0.012392
13 0.786703 0.876464 0.053036 0.012392
13 0.562311 0.430917 0.007686 0.330235
11 0.551849 0.254298 0.018475 0.028543
13 0.842237 0.146840 0.019600 0.147460
13 0.633167 0.455390 0.068793 0.380421
13 0.798809 0.560099 0.107225 0.587361
13 0.757879 0.243829 0.156802 0.012392
13 0.613759 0.243494 0.076095 0.012392
11 0.592292 0.228934 0.027012 0.031599
