8 0.499915 0.499689 0.990528 0.983631
11 0.013178 0.506902 0.018605 0.081749
9 0.511543 0.583583 0.967272 0.271948
11 0.036434 0.600287 0.018605 0.189314
9 0.511543 0.227742 0.967272 0.439735
11 0.036434 0.242358 0.018605 0.165650
9 0.511543 0.855531 0.967272 0.271948
11 0.036434 0.873184 0.018605 0.200070
3 0.500000 0.584092 0.077519 0.104987
11 0.500000 0.587373 0.082525 0.066929
4 0.353180 0.584092 0.031008 0.052493
5 0.842120 0.584092 0.031008 0.052493
4 0.612403 0.584092 0.031008 0.052493
0 0.086047 0.119423 0.023256 0.039370
11 0.086047 0.151657 0.161163 0.030676
3 0.260465 0.119423 0.077519 0.104987
11 0.260465 0.122703 0.086113 0.066929
4 0.359192 0.119423 0.031008 0.052493
3 0.506013 0.119423 0.077519 0.104987
11 0.506013 0.125656 0.083422 0.100394
3 0.618416 0.119423 0.077519 0.104987
11 0.618416 0.125656 0.074452 0.100394
3 0.730819 0.119423 0.077519 0.104987
11 0.730819 0.122703 0.067276 0.066929
5 0.159690 0.119423 0.031008 0.052493
3 0.506013 0.257218 0.077519 0.104987
11 0.506013 0.260499 0.073555 0.066929
4 0.842120 0.257218 0.031008 0.052493
3 0.842120 0.370831 0.077519 0.104987
11 0.842120 0.380017 0.087010 0.133858
5 0.618416 0.257218 0.031008 0.052493
3 0.159690 0.856040 0.077519 0.104987
11 0.159690 0.856368 0.101362 0.033465
5 0.359192 0.856040 0.031008 0.052493
2 0.940612 0.856040 0.021705 0.036745
11 0.940612 0.886962 0.092093 0.030676
3 0.842120 0.856040 0.077519 0.104987
11 0.842120 0.862273 0.082525 0.100394
3 0.506013 0.856040 0.077519 0.104987
11 0.506013 0.865226 0.092392 0.133858
3 0.642839 0.856040 0.077519 0.104987
11 0.642839 0.859321 0.076246 0.066929
13 0.120930 0.119732 0.049612 0.013123
13 0.562214 0.119423 0.037984 0.013123
13 0.674617 0.119423 0.037984 0.013123
13 0.198450 0.119828 0.049612 0.013123
13 0.159891 0.474608 0.007752 0.663126
13 0.420975 0.119804 0.095658 0.013123
11 0.405349 0.104495 0.073592 0.033931
13 0.413417 0.201444 0.110774 0.116798
11 0.348727 0.109861 0.018605 0.172103
13 0.414962 0.584473 0.095658 0.013123
11 0.410400 0.569134 0.106781 0.034142
13 0.567829 0.584487 0.061240 0.013123
13 0.727262 0.584748 0.201810 0.013123
13 0.842360 0.300901 0.007752 0.040122
13 0.601044 0.720066 0.486029 0.224704
13 0.420975 0.856421 0.095658 0.013123
13 0.905319 0.856040 0.051980 0.013123
13 0.842337 0.490585 0.007752 0.139771
13 0.806043 0.175197 0.076030 0.116798
13 0.271069 0.856040 0.148340 0.013123
13 0.574426 0.856040 0.062407 0.013123
13 0.742480 0.856040 0.124863 0.013123
13 0.321457 0.119826 0.047565 0.013123
13 0.573842 0.257612 0.061240 0.013123
13 0.730268 0.257874 0.195797 0.013123
13 0.486185 0.420655 0.268337 0.279630
13 0.483360 0.639815 0.262685 0.064202
11 0.472897 0.690617 0.119302 0.033465
