0 0.020508 0.255061 0.029297 0.121457
3 0.277344 0.255061 0.097656 0.323887
11 0.277344 0.256073 0.127693 0.103239
4 0.389648 0.255061 0.039062 0.161943
3 0.555664 0.255061 0.097656 0.323887
11 0.555664 0.265182 0.092662 0.206478
3 0.555664 0.680162 0.097656 0.323887
11 0.555664 0.690283 0.092662 0.206478
5 0.147949 0.255061 0.039062 0.161943
3 0.874023 0.255061 0.097656 0.323887
11 0.874023 0.265182 0.096052 0.206478
3 0.147949 0.680162 0.097656 0.323887
11 0.147949 0.690283 0.105092 0.206478
3 0.714844 0.680162 0.097656 0.323887
11 0.714844 0.681174 0.126562 0.103239
2 0.980469 0.255061 0.027344 0.113360
13 0.348145 0.256331 0.047852 0.040486
13 0.081787 0.256030 0.097168 0.040486
13 0.197998 0.256307 0.064941 0.040486
13 0.714844 0.255061 0.224609 0.040486
13 0.448486 0.508097 0.120605 0.360324
11 0.376465 0.216780 0.023438 0.590674
13 0.148241 0.427126 0.009766 0.198381
13 0.458008 0.255917 0.101562 0.040486
11 0.454151 0.208651 0.111944 0.105964
13 0.510986 0.696356 0.729980 0.574899
13 0.635254 0.680162 0.065430 0.040486
13 0.806641 0.548583 0.089844 0.279352
13 0.944824 0.255061 0.047852 0.040486
