8 0.500000 0.500000 0.990734 0.980424
9 0.511583 0.169657 0.967568 0.319739
9 0.511583 0.500000 0.967568 0.340946
9 0.511583 0.830343 0.967568 0.319739
0 0.108880 0.156607 0.023166 0.048940
5 0.170656 0.156607 0.030888 0.065253
3 0.259459 0.156607 0.077220 0.130506
4 0.348263 0.156607 0.030888 0.065253
3 0.500386 0.099511 0.077220 0.130506
3 0.612355 0.099511 0.077220 0.130506
3 0.724324 0.099511 0.077220 0.130506
3 0.500386 0.246330 0.077220 0.130506
4 0.589189 0.246330 0.030888 0.065253
4 0.724324 0.246330 0.030888 0.065253
4 0.789961 0.246330 0.030888 0.065253
3 0.657143 0.500816 0.077220 0.130506
3 0.170656 0.831974 0.077220 0.130506
5 0.789961 0.831974 0.030888 0.065253
3 0.878764 0.831974 0.077220 0.130506
2 0.962162 0.831974 0.021622 0.045677
12 0.137838 0.156987 0.037838 0.016313
12 0.170859 0.477977 0.007722 0.584013
12 0.203475 0.157123 0.037838 0.016313
12 0.315444 0.157119 0.037838 0.016313
12 0.405212 0.111746 0.116216 0.030995
12 0.556371 0.099511 0.037838 0.016313
12 0.668340 0.099511 0.037838 0.016313
12 0.405212 0.217781 0.116216 0.063622
12 0.556371 0.246842 0.037838 0.016313
12 0.604054 0.389886 0.032046 0.228385
12 0.491892 0.832397 0.568340 0.016313
12 0.656757 0.247145 0.107336 0.016313
12 0.710232 0.389886 0.032046 0.228385
12 0.757143 0.247145 0.037838 0.016313
12 0.776641 0.156607 0.030502 0.120718
12 0.790347 0.539152 0.007722 0.526917
12 0.822780 0.832490 0.037838 0.016313
12 0.934363 0.831974 0.037066 0.016313
