8 0.500153 0.515408 0.990023 0.950693
11 0.014567 0.529895 0.020566 0.164181
9 0.513006 0.879045 0.964316 0.223421
11 0.040274 0.897320 0.020566 0.207121
9 0.513006 0.180277 0.964316 0.280431
11 0.040274 0.197438 0.020566 0.194492
9 0.513006 0.655624 0.964316 0.223421
11 0.040274 0.681923 0.030848 0.298052
9 0.513006 0.432203 0.964316 0.223421
11 0.040274 0.451816 0.020566 0.222276
0 0.082262 0.180277 0.025707 0.046225
3 0.176521 0.180277 0.085690 0.123267
11 0.176521 0.191063 0.106096 0.157165
4 0.279349 0.180277 0.034276 0.061633
11 0.281063 0.069723 0.053544 0.039291
3 0.408342 0.104854 0.072211 0.061633
11 0.408342 0.108706 0.081307 0.078582
3 0.408342 0.244684 0.072211 0.061633
11 0.408342 0.248536 0.081307 0.078582
4 0.599336 0.244684 0.034276 0.061633
2 0.757241 0.180277 0.023993 0.043143
11 0.757241 0.216583 0.102708 0.036017
3 0.513590 0.244684 0.060598 0.092450
11 0.513590 0.248536 0.077341 0.078582
3 0.632819 0.656394 0.085690 0.123267
11 0.632819 0.656780 0.115020 0.039291
3 0.632819 0.432974 0.085690 0.123267
11 0.632819 0.436826 0.091223 0.078582
3 0.757241 0.432974 0.085690 0.123267
11 0.757241 0.433359 0.115020 0.039291
2 0.885030 0.432974 0.023993 0.043143
11 0.885030 0.469280 0.102708 0.036017
10 0.507858 0.396456 0.075407 0.149461
13 0.114396 0.180277 0.041988 0.015408
13 0.240788 0.180757 0.046272 0.015408
13 0.326007 0.127157 0.095887 0.050770
11 0.267781 0.097389 0.020566 0.270267
13 0.326007 0.227889 0.095887 0.039753
11 0.267781 0.152336 0.020566 0.315733
13 0.616292 0.435131 0.036482 0.325424
13 0.616292 0.323421 0.036482 0.102003
13 0.695030 0.432974 0.042159 0.015408
13 0.836560 0.432974 0.076375 0.015408
13 0.710454 0.418336 0.073008 0.482280
13 0.463869 0.244684 0.042271 0.015408
13 0.563043 0.245126 0.041737 0.015408
