8 0.205167 0.148667 0.350333 0.227333
9 0.210167 0.076667 0.340333 0.083333
9 0.210167 0.232000 0.340333 0.060667
9 0.210167 0.160000 0.340333 0.083333
0 0.060000 0.079333 0.010000 0.010000
3 0.106667 0.080000 0.033333 0.026667
4 0.146667 0.079333 0.013333 0.013333
3 0.181667 0.063333 0.033333 0.026667
5 0.076667 0.079333 0.013333 0.013333
1 0.215000 0.063333 0.010000 0.010000
3 0.181667 0.098333 0.033333 0.026667
5 0.146667 0.098333 0.013333 0.013333
3 0.251667 0.063333 0.033333 0.026667
3 0.106667 0.238333 0.033333 0.026667
3 0.336667 0.233333 0.033333 0.026667
5 0.306667 0.233333 0.013333 0.013333
2 0.364667 0.233333 0.009333 0.009333
3 0.181667 0.160000 0.033333 0.026667
3 0.256667 0.160000 0.033333 0.026667
4 0.216667 0.160000 0.013333 0.013333
4 0.286667 0.160000 0.013333 0.013333
5 0.306667 0.160000 0.013333 0.013333
4 0.306667 0.182117 0.013333 0.013333
