8 0.500141 0.500000 0.991536 0.987207
9 0.511074 0.233475 0.969670 0.454158
9 0.511074 0.860341 0.969670 0.266525
9 0.511074 0.593817 0.969670 0.266525
0 0.080904 0.139659 0.021866 0.031983
5 0.139213 0.139659 0.029155 0.042644
3 0.233965 0.139659 0.072886 0.085288
4 0.336006 0.139659 0.029155 0.042644
4 0.411079 0.379531 0.029155 0.042644
4 0.587464 0.379531 0.029155 0.042644
3 0.510933 0.046221 0.072886 0.058327
3 0.510933 0.139659 0.072886 0.085288
3 0.510933 0.240938 0.072886 0.085288
5 0.411079 0.139659 0.029155 0.042644
5 0.587464 0.139659 0.029155 0.042644
3 0.681487 0.139659 0.086006 0.085288
4 0.779883 0.139659 0.029155 0.042644
5 0.866571 0.140192 0.029155 0.042644
3 0.336006 0.283582 0.072886 0.085288
3 0.135569 0.860341 0.072886 0.085288
2 0.939329 0.914867 0.020408 0.029851
3 0.939329 0.793593 0.072886 0.085288
3 0.510933 0.549041 0.086006 0.085288
13 0.108236 0.139907 0.035714 0.010661
13 0.295918 0.139981 0.053936 0.010661
13 0.175656 0.139988 0.046647 0.010661
13 0.137757 0.489339 0.007289 0.660981
13 0.439687 0.474947 0.059402 0.152452
13 0.499271 0.380064 0.150146 0.010661
13 0.373542 0.140192 0.048834 0.010661
13 0.442966 0.082279 0.065962 0.076380
13 0.450073 0.139985 0.051749 0.010661
13 0.442966 0.200959 0.065962 0.084222
13 0.567602 0.082279 0.043367 0.076380
13 0.560131 0.140000 0.028426 0.010661
13 0.567602 0.200959 0.043367 0.084222
13 0.620262 0.140007 0.039359 0.010661
13 0.744898 0.140001 0.043732 0.010661
13 0.691144 0.270522 0.181122 0.223348
13 0.823227 0.140456 0.060448 0.010661
13 0.939329 0.868089 0.007289 0.067969
13 0.910239 0.445837 0.061097 0.614488
13 0.519473 0.510928 0.697839 0.703092
13 0.570767 0.474947 0.036578 0.152452
13 0.366254 0.353145 0.063411 0.058102
13 0.336216 0.200959 0.007289 0.084222
11 0.015015 0.500000 0.010204 0.084132
11 0.036880 0.593817 0.010204 0.072176
11 0.036880 0.860341 0.010204 0.077167
11 0.036880 0.233475 0.010204 0.062571
11 0.080949 0.171109 0.052569 0.026866
11 0.234882 0.139232 0.044847 0.030277
11 0.336849 0.103305 0.035213 0.012793
11 0.412633 0.350213 0.049756 0.026866
11 0.511544 0.045949 0.047171 0.045629
11 0.512146 0.139232 0.048139 0.045629
11 0.512026 0.240512 0.048617 0.045629
11 0.682588 0.139232 0.061281 0.045629
11 0.337106 0.283156 0.050087 0.030277
11 0.135569 0.859915 0.041320 0.030277
11 0.939670 0.945096 0.064470 0.026866
11 0.939504 0.792751 0.047399 0.045629
11 0.512034 0.548614 0.053492 0.030277
11 0.402173 0.448721 0.006970 0.012793
11 0.466763 0.364499 0.015158 0.012793
11 0.359899 0.125693 0.006970 0.012793
11 0.326092 0.135288 0.015158 0.012793
