8 0.500000 0.499964 0.989286 0.991363
9 0.513393 0.093505 0.962500 0.178444
9 0.513393 0.906424 0.962500 0.178444
9 0.513393 0.356531 0.962500 0.347609
9 0.513393 0.604925 0.962500 0.149179
9 0.513393 0.748358 0.962500 0.137687
3 0.451786 0.093505 0.089286 0.057102
5 0.733036 0.093505 0.035714 0.028551
3 0.835714 0.093505 0.089286 0.057102
2 0.933036 0.093505 0.025000 0.019986
1 0.112500 0.874304 0.026786 0.021413
1 0.746429 0.874304 0.026786 0.021413
3 0.844643 0.874304 0.089286 0.057102
2 0.941964 0.874304 0.025000 0.019986
0 0.099107 0.231977 0.026786 0.021413
4 0.183929 0.231977 0.035714 0.028551
3 0.344643 0.231977 0.089286 0.057102
3 0.183929 0.292648 0.089286 0.057102
5 0.183929 0.364026 0.035714 0.028551
5 0.451786 0.231977 0.035714 0.028551
4 0.518750 0.231977 0.035714 0.028551
3 0.621429 0.231977 0.089286 0.057102
4 0.733036 0.231977 0.035714 0.028551
5 0.282143 0.346181 0.035714 0.028551
3 0.384821 0.346181 0.089286 0.057102
4 0.487500 0.346181 0.035714 0.028551
3 0.590179 0.346181 0.089286 0.057102
3 0.652679 0.421128 0.089286 0.057102
3 0.746429 0.490364 0.089286 0.057102
1 0.183929 0.605282 0.026786 0.021413
3 0.282143 0.605282 0.089286 0.057102
1 0.590179 0.605282 0.026786 0.021413
3 0.835714 0.605282 0.089286 0.057102
2 0.933036 0.605282 0.025000 0.019986
1 0.112500 0.733048 0.026786 0.021413
1 0.652679 0.745896 0.026786 0.021413
3 0.835714 0.745896 0.089286 0.057102
2 0.939456 0.745896 0.025000 0.019986
13 0.139286 0.232145 0.057143 0.007138
13 0.184195 0.335475 0.008929 0.031406
13 0.184149 0.486438 0.008929 0.219129
13 0.411607 0.232199 0.048214 0.007138
13 0.452031 0.169879 0.008929 0.098501
13 0.485268 0.232334 0.034821 0.007138
13 0.690625 0.231977 0.052679 0.007138
13 0.605804 0.093700 0.222321 0.007138
13 0.733260 0.162741 0.008929 0.112777
13 0.626339 0.270878 0.217857 0.052106
13 0.556696 0.232203 0.043750 0.007138
13 0.770982 0.093731 0.043750 0.007138
13 0.900446 0.093505 0.043750 0.007138
13 0.250893 0.232186 0.101786 0.007138
13 0.183929 0.255175 0.008929 0.020700
13 0.217411 0.605282 0.043750 0.007138
13 0.282379 0.468594 0.008929 0.219129
13 0.320089 0.346407 0.043750 0.007138
13 0.449554 0.346405 0.043750 0.007138
13 0.525446 0.346407 0.043750 0.007138
13 0.590179 0.484654 0.008929 0.222698
13 0.547991 0.390792 0.123661 0.063526
13 0.594866 0.425410 0.217411 0.132762
13 0.652679 0.592434 0.008929 0.288365
13 0.746429 0.691256 0.008929 0.347538
13 0.139286 0.543362 0.057143 0.360814
13 0.114732 0.619343 0.106250 0.512777
13 0.697321 0.605282 0.191071 0.007138
13 0.900446 0.605282 0.043750 0.007138
13 0.728571 0.745896 0.128571 0.007138
13 0.904156 0.745896 0.051170 0.007138
13 0.779911 0.874304 0.043750 0.007138
13 0.909375 0.874304 0.043750 0.007138
11 0.018393 0.500000 0.012500 0.024291
11 0.045179 0.748394 0.012500 0.044042
11 0.045179 0.604925 0.012500 0.043819
11 0.045179 0.356531 0.012500 0.041893
11 0.045179 0.906495 0.012500 0.044042
11 0.045179 0.093505 0.012500 0.022623
11 0.451786 0.093219 0.050617 0.020271
11 0.835714 0.093219 0.061040 0.030550
11 0.112856 0.895432 0.075711 0.017987
11 0.844643 0.874090 0.067494 0.020271
11 0.099163 0.248323 0.064397 0.008565
11 0.184431 0.207637 0.072433 0.008565
11 0.344643 0.231692 0.073270 0.030550
11 0.183934 0.292363 0.046168 0.020271
11 0.519294 0.203783 0.058231 0.017987
11 0.622777 0.231692 0.065527 0.020271
11 0.384821 0.345896 0.051519 0.020271
11 0.591664 0.345896 0.069392 0.020271
11 0.652679 0.420842 0.066704 0.020271
11 0.746429 0.490079 0.066704 0.020271
11 0.184284 0.626338 0.075711 0.017987
11 0.283337 0.604996 0.043792 0.020271
11 0.589895 0.621627 0.060146 0.008565
11 0.835714 0.604996 0.075813 0.020271
11 0.112856 0.754104 0.075711 0.017987
11 0.835714 0.745610 0.067494 0.020271
11 0.506606 0.229051 0.018569 0.008565
11 0.548019 0.221913 0.008538 0.008565
11 0.219922 0.221913 0.020201 0.008565
11 0.171830 0.226196 0.020445 0.008565
