8 0.500000 0.500065 0.994100 0.987810
9 0.507375 0.113577 0.979351 0.214834
9 0.507375 0.510532 0.979351 0.579076
9 0.507375 0.897020 0.979351 0.193900
3 0.100787 0.084961 0.049164 0.078125
5 0.779253 0.084961 0.019666 0.039062
3 0.911996 0.084961 0.049164 0.078125
2 0.990167 0.084961 0.013766 0.027344
3 0.468535 0.333984 0.049164 0.078125
0 0.047342 0.514852 0.014749 0.029297
5 0.100787 0.514701 0.019666 0.039062
4 0.249263 0.612305 0.019666 0.039062
3 0.150442 0.612508 0.049164 0.078125
3 0.249263 0.727539 0.049164 0.078125
3 0.249263 0.465820 0.049164 0.078125
4 0.358899 0.727539 0.019666 0.039062
4 0.499017 0.727539 0.019666 0.039062
4 0.364307 0.465820 0.019666 0.039062
3 0.468535 0.465820 0.049164 0.078125
3 0.468535 0.583008 0.049164 0.078125
4 0.565388 0.465820 0.019666 0.039062
4 0.609636 0.675781 0.019666 0.039062
3 0.543265 0.676270 0.049164 0.078125
3 0.358899 0.903320 0.049164 0.078125
12 0.207227 0.612672 0.066372 0.009766
12 0.072835 0.515012 0.038204 0.009766
12 0.249401 0.548828 0.004916 0.091797
12 0.249407 0.660156 0.004916 0.060547
12 0.311455 0.727815 0.077188 0.009766
12 0.359036 0.805664 0.004916 0.121094
12 0.441372 0.825195 0.117748 0.160156
12 0.120615 0.553759 0.021957 0.043280
12 0.100915 0.309597 0.004916 0.375052
12 0.314159 0.466095 0.082596 0.009766
12 0.404253 0.390137 0.081367 0.116211
12 0.409046 0.466100 0.071780 0.009766
12 0.404253 0.534180 0.081367 0.101562
12 0.529376 0.390137 0.074484 0.116211
12 0.524336 0.466101 0.064405 0.009766
12 0.529376 0.534180 0.074484 0.101562
12 0.592552 0.561279 0.036627 0.193848
12 0.447394 0.085210 0.646018 0.009766
12 0.699484 0.390381 0.161996 0.575684
12 0.838250 0.085233 0.100295 0.009766
12 0.508972 0.692139 0.021386 0.035645
12 0.583825 0.676270 0.033923 0.009766
12 0.959931 0.084961 0.048673 0.009766
12 0.428958 0.728027 0.122419 0.009766
