8 0.500029 0.500000 0.993025 0.987382
9 0.508822 0.588854 0.975440 0.161935
9 0.508822 0.257098 0.975440 0.177708
9 0.508822 0.426919 0.975440 0.161935
9 0.508822 0.087277 0.975440 0.161935
9 0.508822 0.912723 0.975440 0.161935
9 0.508822 0.750789 0.975440 0.161935
3 0.446073 0.588854 0.058617 0.084122
3 0.762603 0.588854 0.058617 0.084122
0 0.056272 0.257624 0.017585 0.031546
3 0.120750 0.257624 0.058617 0.084122
4 0.237984 0.257624 0.023447 0.042061
5 0.188159 0.257624 0.023447 0.042061
3 0.309496 0.289169 0.058617 0.084122
5 0.366940 0.289169 0.023447 0.042061
5 0.507620 0.289169 0.023447 0.042061
3 0.424678 0.226078 0.068581 0.084122
4 0.560375 0.226078 0.023447 0.042061
4 0.604338 0.226078 0.023447 0.042061
3 0.665885 0.289169 0.058617 0.084122
4 0.718640 0.289169 0.023447 0.042061
4 0.815358 0.226078 0.023447 0.042061
5 0.861342 0.226078 0.023447 0.042061
3 0.921395 0.226078 0.058617 0.084122
3 0.446073 0.426919 0.058617 0.084122
3 0.762603 0.426919 0.058617 0.084122
3 0.586612 0.087277 0.075920 0.084122
3 0.188159 0.912723 0.058617 0.084122
3 0.921395 0.912723 0.058617 0.084122
2 0.974766 0.912723 0.016413 0.029443
3 0.446073 0.750789 0.058617 0.084122
3 0.762603 0.750789 0.058617 0.084122
13 0.078253 0.257624 0.028722 0.010515
13 0.163247 0.257954 0.028722 0.010515
13 0.188311 0.574658 0.005862 0.596215
13 0.213072 0.258149 0.028722 0.010515
13 0.259232 0.283912 0.044256 0.014721
13 0.347011 0.289511 0.018757 0.010515
13 0.391999 0.368559 0.051876 0.120925
13 0.391999 0.449527 0.051876 0.282860
13 0.391999 0.530494 0.051876 0.444795
13 0.491647 0.368559 0.034877 0.120925
13 0.491647 0.449527 0.034877 0.282860
13 0.491647 0.530494 0.034877 0.444795
13 0.314332 0.220820 0.154455 0.035752
13 0.503810 0.226384 0.092028 0.010515
13 0.582356 0.226604 0.022860 0.010515
13 0.577960 0.289462 0.119578 0.010515
13 0.701055 0.289518 0.014068 0.010515
13 0.726114 0.449527 0.016706 0.282860
13 0.726114 0.530494 0.016706 0.444795
13 0.726114 0.368559 0.016706 0.120925
13 0.803781 0.417981 0.026084 0.345952
13 0.803781 0.498948 0.026084 0.507886
13 0.803781 0.337014 0.026084 0.184017
13 0.882576 0.226419 0.021366 0.010515
13 0.921395 0.569401 0.005862 0.606730
13 0.958631 0.912723 0.018200 0.010515
13 0.604631 0.167192 0.005862 0.079916
13 0.560668 0.167192 0.005862 0.079916
13 0.709848 0.226604 0.189918 0.010515
13 0.838350 0.227089 0.024883 0.010515
13 0.539552 0.579916 0.646512 0.669821
11 0.012075 0.500000 0.008206 0.073672
11 0.029660 0.750789 0.008206 0.064882
11 0.029660 0.912723 0.008206 0.076112
11 0.029660 0.087277 0.008206 0.071189
11 0.029660 0.426919 0.008206 0.064554
11 0.029660 0.257098 0.008206 0.061715
11 0.029660 0.588854 0.008206 0.064882
11 0.446856 0.588433 0.028750 0.029863
11 0.762603 0.588433 0.047718 0.029863
11 0.121386 0.257203 0.041345 0.029863
11 0.239646 0.228707 0.045529 0.026498
11 0.310085 0.288749 0.029138 0.029863
11 0.425363 0.225657 0.050438 0.045005
11 0.561039 0.196109 0.040015 0.026498
11 0.666330 0.288749 0.043320 0.045005
11 0.922336 0.225657 0.044576 0.029863
11 0.446856 0.426498 0.028750 0.029863
11 0.762603 0.426498 0.047718 0.029863
11 0.587638 0.086856 0.043019 0.029863
11 0.188159 0.912303 0.033231 0.029863
11 0.922335 0.912303 0.044384 0.029863
11 0.446856 0.750368 0.028750 0.029863
11 0.762603 0.750368 0.047718 0.029863
