8 0.500121 0.500006 0.990582 0.986999
11 0.012644 0.509417 0.017048 0.106660
9 0.510776 0.249756 0.969272 0.486499
11 0.033954 0.260905 0.017048 0.126351
9 0.510776 0.618131 0.969272 0.250250
11 0.033954 0.630872 0.017048 0.144402
9 0.510776 0.868381 0.969272 0.250250
11 0.033954 0.881846 0.017048 0.152606
0 0.074798 0.139640 0.021310 0.030030
11 0.074798 0.164227 0.086647 0.023398
3 0.432519 0.139640 0.071033 0.080080
11 0.432519 0.142142 0.049317 0.051051
3 0.329379 0.413013 0.071033 0.080080
11 0.329379 0.415516 0.067400 0.051051
4 0.411209 0.413013 0.028413 0.040040
5 0.127575 0.139640 0.028413 0.040040
3 0.561443 0.139640 0.071033 0.080080
11 0.561443 0.142142 0.060002 0.051051
3 0.677475 0.139640 0.071033 0.080080
11 0.677475 0.142142 0.069866 0.051051
4 0.217822 0.139640 0.028413 0.040040
3 0.548551 0.578378 0.071033 0.080080
11 0.548551 0.580881 0.075620 0.051051
4 0.677475 0.649199 0.028413 0.040040
4 0.746768 0.649199 0.028413 0.040040
3 0.329379 0.868381 0.071033 0.080080
11 0.329379 0.873136 0.059180 0.076577
3 0.845077 0.868381 0.071033 0.080080
11 0.845077 0.870883 0.092059 0.051051
5 0.746413 0.868381 0.028413 0.040040
2 0.948430 0.868381 0.019889 0.028028
11 0.948430 0.891967 0.100210 0.023398
13 0.099410 0.139640 0.030757 0.010010
13 0.380949 0.413327 0.034948 0.010010
13 0.210896 0.514020 0.168774 0.712725
13 0.785090 0.868686 0.051783 0.010010
13 0.909540 0.868381 0.060733 0.010010
13 0.486983 0.475926 0.125977 0.128829
11 0.479319 0.401752 0.144663 0.025526
13 0.496981 0.139640 0.060733 0.010010
13 0.619459 0.139640 0.047841 0.010010
13 0.172699 0.139640 0.064675 0.010010
13 0.314516 0.139640 0.167815 0.010010
11 0.288060 0.127878 0.152061 0.025526
13 0.256020 0.286336 0.078527 0.257357
11 0.208233 0.117868 0.017048 0.229730
13 0.537417 0.540796 0.254546 0.219530
11 0.401620 0.374108 0.017048 0.346236
13 0.729880 0.384409 0.036617 0.493544
13 0.630949 0.603779 0.096605 0.054805
13 0.712122 0.649700 0.043721 0.010010
13 0.548551 0.868381 0.370152 0.010010
13 0.746768 0.758790 0.007103 0.183146
