8 0.500203 0.500000 0.990331 0.981453
9 0.512798 0.500000 0.965142 0.536321
9 0.512798 0.879444 0.965142 0.222566
9 0.512798 0.120556 0.965142 0.222566
3 0.295049 0.448223 0.083963 0.123648
0 0.144755 0.448223 0.025189 0.046368
4 0.370616 0.448223 0.033585 0.061824
3 0.483966 0.448223 0.083963 0.123648
3 0.483966 0.613601 0.083963 0.123648
4 0.572127 0.613601 0.033585 0.061824
5 0.206888 0.448223 0.033585 0.061824
3 0.661165 0.448223 0.083963 0.123648
3 0.773555 0.448223 0.083963 0.123648
4 0.718223 0.613601 0.033585 0.061824
4 0.879488 0.448223 0.033585 0.061824
3 0.646015 0.851623 0.083963 0.123648
3 0.332832 0.120556 0.083963 0.123648
3 0.718223 0.120556 0.083963 0.123648
2 0.806384 0.120556 0.023510 0.043277
5 0.474730 0.120556 0.033585 0.061824
13 0.345427 0.448735 0.020151 0.015456
13 0.414696 0.448697 0.057935 0.015456
13 0.406510 0.546368 0.074307 0.140649
13 0.540641 0.614096 0.032746 0.015456
13 0.173722 0.448580 0.036104 0.015456
13 0.238374 0.448722 0.032746 0.015456
13 0.249079 0.268934 0.086902 0.302937
13 0.777417 0.120556 0.037783 0.015456
13 0.717360 0.448223 0.031785 0.015456
13 0.416376 0.121010 0.086482 0.015456
13 0.703319 0.748068 0.034005 0.213292
13 0.588290 0.748068 0.034845 0.213292
13 0.645175 0.614374 0.115869 0.015456
13 0.839116 0.448699 0.050517 0.015456
13 0.807461 0.546754 0.148251 0.141422
13 0.677529 0.284389 0.408116 0.272025
13 0.572566 0.448223 0.096595 0.015456
13 0.583882 0.120556 0.188077 0.015456
11 0.017296 0.500000 0.011755 0.230759
11 0.042485 0.120556 0.011755 0.111875
11 0.042485 0.879444 0.011755 0.104639
11 0.042485 0.500000 0.011755 0.090713
11 0.295480 0.447604 0.049692 0.066151
11 0.144607 0.493818 0.074268 0.038949
11 0.396207 0.474343 0.033388 0.018547
11 0.483627 0.447604 0.066360 0.088408
11 0.483844 0.612983 0.059799 0.088408
11 0.628155 0.649923 0.057318 0.038949
11 0.662053 0.447604 0.053789 0.043895
11 0.773300 0.447604 0.054056 0.043895
11 0.646944 0.851005 0.061621 0.043895
11 0.332494 0.119938 0.047600 0.043895
11 0.717884 0.119938 0.054602 0.066151
11 0.806597 0.174807 0.053160 0.059351
11 0.406968 0.426430 0.023005 0.018547
11 0.359624 0.438794 0.018997 0.018547
11 0.560690 0.625811 0.008029 0.018547
11 0.604869 0.593354 0.017462 0.018547
