8 0.311583 0.234664 0.476499 0.373215
9 0.316583 0.098945 0.466499 0.101777
9 0.316583 0.241446 0.466499 0.183225
9 0.316583 0.377165 0.466499 0.088213
3 0.366483 0.126112 0.033333 0.026667
0 0.096483 0.242695 0.010000 0.010000
3 0.228150 0.179570 0.033333 0.026667
4 0.123817 0.242695 0.013333 0.013333
3 0.306483 0.308075 0.033333 0.026667
3 0.200000 0.308075 0.033333 0.026667
3 0.448150 0.213387 0.033333 0.026667
4 0.366483 0.179570 0.013333 0.013333
5 0.408150 0.213387 0.013333 0.013333
4 0.278150 0.179570 0.013333 0.013333
3 0.368150 0.308075 0.033333 0.026667
4 0.493150 0.269749 0.013333 0.013333
2 0.521150 0.269749 0.009333 0.009333
3 0.311667 0.377058 0.033333 0.026667
3 0.448150 0.369330 0.033333 0.026667
