8 0.402560 0.952145 0.355619 0.080429
11 0.402560 0.953150 0.104247 0.056971
8 0.500010 0.370095 0.991485 0.723349
11 0.012091 0.395301 0.017070 0.285666
9 0.510679 0.081788 0.970148 0.146735
11 0.033428 0.099820 0.017070 0.204361
9 0.510679 0.239718 0.970148 0.169124
11 0.033428 0.253872 0.017070 0.160413
9 0.510679 0.528025 0.970148 0.407490
11 0.033428 0.542954 0.017070 0.169202
3 0.498578 0.095262 0.071124 0.080429
11 0.498578 0.095597 0.092999 0.034182
5 0.775960 0.095262 0.028450 0.053619
3 0.876058 0.095262 0.095074 0.080429
11 0.876058 0.098614 0.129212 0.068365
2 0.963727 0.095262 0.019915 0.037534
11 0.963727 0.126847 0.061862 0.031334
3 0.498578 0.251938 0.071124 0.107239
11 0.498578 0.255289 0.075716 0.068365
3 0.265469 0.397425 0.076458 0.107239
11 0.265469 0.403793 0.093822 0.102547
3 0.109175 0.629374 0.071124 0.107239
11 0.109175 0.635741 0.083946 0.102547
5 0.190967 0.629374 0.028450 0.053619
4 0.265647 0.629374 0.028450 0.053619
11 0.265647 0.673945 0.043619 0.034182
3 0.361664 0.629374 0.071124 0.107239
11 0.361664 0.632725 0.067486 0.068365
4 0.347440 0.397425 0.028450 0.053619
11 0.353129 0.455401 0.082300 0.034182
1 0.439900 0.629374 0.021337 0.040214
11 0.444168 0.578603 0.082232 0.062668
3 0.553698 0.629374 0.071124 0.107239
11 0.553698 0.632725 0.060079 0.068365
3 0.671053 0.629374 0.071124 0.107239
11 0.671053 0.632725 0.069955 0.068365
4 0.649716 0.397425 0.028450 0.053619
4 0.775960 0.397425 0.028450 0.053619
0 0.109175 0.490814 0.021337 0.040214
11 0.107752 0.443311 0.125988 0.031334
10 0.317710 0.836662 0.042248 0.104960
11 0.317710 0.840013 0.050203 0.068365
10 0.479232 0.836327 0.042248 0.082842
11 0.479232 0.836662 0.055964 0.034182
13 0.160740 0.629374 0.034851 0.013405
13 0.413229 0.629374 0.034851 0.013405
13 0.612376 0.629374 0.049075 0.013405
13 0.265766 0.526804 0.007112 0.156882
11 0.284371 0.581873 0.017143 0.068268
13 0.302987 0.629637 0.049075 0.013405
11 0.294480 0.614017 0.027234 0.034606
13 0.405405 0.311277 0.118065 0.124040
11 0.337838 0.334363 0.017070 0.173597
13 0.592105 0.311277 0.118777 0.124040
13 0.327169 0.348913 0.274538 0.512664
13 0.647937 0.095623 0.230441 0.013405
13 0.228307 0.629707 0.049075 0.013405
13 0.318457 0.397857 0.032361 0.013405
13 0.712838 0.398095 0.100640 0.013405
13 0.741465 0.526804 0.072546 0.210501
13 0.809353 0.095711 0.041181 0.013405
13 0.776316 0.246344 0.007112 0.253906
13 0.938682 0.095262 0.033020 0.013405
13 0.350249 0.808794 0.025676 0.024915
13 0.361664 0.797462 0.007112 0.234299
13 0.449004 0.810468 0.021053 0.020938
13 0.484353 0.629374 0.070413 0.013405
13 0.498578 0.398095 0.276671 0.013405
11 0.399726 0.382345 0.097114 0.034182
13 0.109175 0.543338 0.007112 0.070195
13 0.439900 0.780706 0.007112 0.267811
