0 0.020000 0.446512 0.014634 0.046512
3 0.161463 0.446512 0.048780 0.124031
4 0.227317 0.446512 0.019512 0.062016
3 0.324878 0.252713 0.048780 0.124031
5 0.268780 0.252713 0.019512 0.062016
3 0.324878 0.089922 0.048780 0.124031
3 0.324878 0.446512 0.048780 0.124031
3 0.437073 0.252713 0.048780 0.124031
3 0.578537 0.252713 0.048780 0.124031
5 0.380976 0.252713 0.019512 0.062016
4 0.507805 0.252713 0.019512 0.062016
3 0.578537 0.089922 0.048780 0.124031
3 0.578537 0.415504 0.048780 0.124031
3 0.324878 0.640310 0.048780 0.124031
4 0.507805 0.640310 0.019512 0.062016
3 0.578537 0.773643 0.048780 0.124031
4 0.665366 0.640310 0.019512 0.062016
5 0.073659 0.446512 0.019512 0.062016
3 0.161463 0.903876 0.048780 0.124031
4 0.665366 0.252713 0.019512 0.062016
4 0.737561 0.477519 0.019512 0.062016
5 0.811707 0.903876 0.019512 0.062016
3 0.885854 0.903876 0.048780 0.124031
2 0.978049 0.903876 0.013659 0.043411
3 0.437073 0.640310 0.048780 0.124031
12 0.045610 0.446880 0.038537 0.015504
12 0.201707 0.446984 0.033659 0.015504
12 0.289512 0.253204 0.023902 0.015504
12 0.284756 0.365116 0.033415 0.168992
12 0.284756 0.155814 0.033415 0.137984
12 0.243293 0.334496 0.033415 0.168217
12 0.360244 0.253200 0.023902 0.015504
12 0.365244 0.365116 0.033902 0.168992
12 0.365244 0.155814 0.033902 0.137984
12 0.401707 0.253204 0.023902 0.015504
12 0.479756 0.253179 0.038537 0.015504
12 0.535854 0.253183 0.038537 0.015504
12 0.531098 0.155814 0.048049 0.137984
12 0.531098 0.349612 0.048049 0.137984
12 0.263902 0.558915 0.075122 0.168992
12 0.531098 0.722481 0.048049 0.108527
12 0.634268 0.722481 0.064634 0.108527
12 0.586585 0.641085 0.140000 0.015504
12 0.105488 0.690698 0.065122 0.432558
12 0.110244 0.446965 0.055610 0.015504
12 0.634268 0.155814 0.064634 0.137984
12 0.629268 0.253165 0.054634 0.015504
12 0.634268 0.349612 0.064634 0.137984
12 0.493902 0.904272 0.618049 0.015504
12 0.779634 0.675581 0.066585 0.400775
12 0.706341 0.574419 0.064390 0.137984
12 0.841463 0.904342 0.041951 0.015504
12 0.940732 0.903876 0.062927 0.015504
12 0.706463 0.350000 0.064634 0.199225
12 0.380976 0.640310 0.065366 0.015504
12 0.479756 0.640776 0.038537 0.015504
