8 0.500034 0.500075 0.995808 0.992930
9 0.505359 0.119079 0.985158 0.230939
9 0.505359 0.310748 0.985158 0.152398
9 0.505359 0.463146 0.985158 0.152398
9 0.505359 0.615545 0.985158 0.152398
9 0.505359 0.767943 0.985158 0.152398
9 0.505359 0.920341 0.985158 0.152398
0 0.039969 0.118823 0.010650 0.018051
3 0.147456 0.184285 0.035499 0.048135
4 0.085619 0.118823 0.014200 0.024067
3 0.147456 0.118823 0.035499 0.048135
4 0.484641 0.118823 0.014200 0.024067
4 0.188279 0.184285 0.014200 0.024067
4 0.355616 0.182086 0.014200 0.024067
3 0.396439 0.182086 0.035499 0.048135
5 0.057831 0.118942 0.014200 0.024067
1 0.527466 0.182086 0.010650 0.018051
1 0.249831 0.118933 0.010650 0.018051
3 0.458602 0.182086 0.035499 0.048135
3 0.229668 0.310748 0.035499 0.048135
1 0.275743 0.310748 0.010650 0.018051
3 0.314792 0.310748 0.035499 0.048135
3 0.229668 0.463146 0.035499 0.048135
1 0.275743 0.463146 0.010650 0.018051
3 0.315221 0.463146 0.035499 0.048135
3 0.229668 0.623787 0.035499 0.048135
1 0.275743 0.623787 0.010650 0.018051
3 0.316294 0.622531 0.035499 0.048135
3 0.527466 0.767943 0.035499 0.048135
1 0.587435 0.767943 0.010650 0.018051
3 0.249831 0.898789 0.035499 0.048135
1 0.297368 0.898789 0.010650 0.018051
5 0.705709 0.898789 0.014200 0.024067
3 0.746533 0.898789 0.035499 0.048135
12 0.048012 0.119010 0.006858 0.006017
12 0.111212 0.119000 0.038408 0.006017
12 0.258918 0.310748 0.024421 0.006017
12 0.258918 0.463146 0.024421 0.006017
12 0.258918 0.623787 0.024421 0.006017
12 0.107751 0.157571 0.045330 0.055835
12 0.173192 0.184474 0.017394 0.006017
12 0.200188 0.410053 0.024882 0.429874
12 0.200188 0.331610 0.024882 0.272989
12 0.200188 0.253533 0.024882 0.116836
12 0.289055 0.310748 0.017394 0.006017
12 0.289270 0.463146 0.017824 0.006017
12 0.289806 0.623159 0.018896 0.006017
12 0.344167 0.252434 0.024672 0.119035
12 0.344382 0.328633 0.024242 0.271434
12 0.344918 0.408325 0.023170 0.430818
12 0.370703 0.182276 0.017394 0.006017
12 0.279812 0.898789 0.025884 0.006017
12 0.071725 0.119184 0.015008 0.006017
12 0.145045 0.514882 0.175493 0.770220
12 0.204855 0.118885 0.080721 0.006017
12 0.497268 0.449400 0.026318 0.639493
12 0.563663 0.767943 0.038315 0.006017
12 0.720796 0.898979 0.017394 0.006017
12 0.500651 0.898939 0.397336 0.006017
12 0.427521 0.182086 0.028084 0.006017
12 0.619339 0.534420 0.174516 0.707076
12 0.649323 0.827349 0.114547 0.121219
12 0.366348 0.119028 0.223806 0.006017
12 0.595175 0.509107 0.208288 0.782372
12 0.499246 0.182086 0.047209 0.006017
