8 0.209667 0.263167 0.401333 0.286333
9 0.214667 0.265910 0.391333 0.097274
9 0.214667 0.168637 0.391333 0.097274
9 0.214667 0.360440 0.391333 0.091786
3 0.211667 0.252292 0.033333 0.026667
5 0.175000 0.252292 0.013333 0.013333
5 0.314128 0.252292 0.013333 0.013333
3 0.256667 0.269551 0.033333 0.026667
4 0.292166 0.252292 0.013333 0.013333
0 0.060000 0.156964 0.010000 0.010000
4 0.136667 0.156964 0.013333 0.013333
3 0.136667 0.188333 0.033333 0.026667
3 0.175000 0.156964 0.033333 0.026667
3 0.101667 0.156964 0.033333 0.026667
3 0.266667 0.156964 0.033333 0.026667
3 0.326667 0.156964 0.033333 0.026667
5 0.380012 0.156964 0.013333 0.013333
3 0.211667 0.363184 0.033333 0.026667
2 0.407294 0.156964 0.009333 0.009333
