8 0.500165 0.500000 0.992078 0.984252
11 0.011692 0.519362 0.016506 0.219432
9 0.510482 0.171916 0.971445 0.328084
11 0.032325 0.186532 0.016506 0.165650
9 0.510482 0.500000 0.971445 0.328084
11 0.032325 0.516704 0.016506 0.189314
9 0.510482 0.828084 0.971445 0.328084
11 0.032325 0.845737 0.016506 0.200070
0 0.107290 0.093176 0.020633 0.039370
11 0.107290 0.125410 0.142985 0.030676
4 0.210644 0.093176 0.027510 0.052493
11 0.282063 0.117782 0.192592 0.033465
3 0.399778 0.093176 0.068776 0.104987
11 0.399778 0.096457 0.065258 0.066929
3 0.399778 0.257218 0.068776 0.104987
11 0.399778 0.263451 0.087542 0.100394
4 0.598809 0.093176 0.027510 0.052493
11 0.653250 0.117782 0.141658 0.033465
4 0.708851 0.093386 0.027510 0.052493
4 0.520135 0.093176 0.027510 0.052493
5 0.559473 0.093505 0.027510 0.052493
5 0.767310 0.094042 0.027510 0.052493
3 0.664146 0.523622 0.068776 0.104987
11 0.664146 0.526903 0.073217 0.066929
3 0.873783 0.828084 0.068776 0.104987
11 0.873783 0.831365 0.076400 0.066929
2 0.948749 0.828084 0.019257 0.036745
3 0.664146 0.828084 0.068776 0.104987
11 0.664146 0.828412 0.089929 0.033465
13 0.157248 0.093492 0.082034 0.013123
13 0.294895 0.093540 0.143741 0.013123
11 0.237819 0.078330 0.024185 0.033582
13 0.288189 0.188320 0.157153 0.143045
11 0.201360 0.104495 0.016506 0.030118
13 0.653830 0.093936 0.085282 0.013123
11 0.626029 0.078468 0.024178 0.033529
13 0.923646 0.828084 0.033700 0.013123
13 0.614456 0.321522 0.033356 0.409449
11 0.589524 0.104494 0.016506 0.030118
13 0.738080 0.094366 0.033700 0.013123
13 0.703864 0.321627 0.013412 0.409239
13 0.470273 0.093559 0.074966 0.013123
13 0.477322 0.188320 0.089065 0.143045
13 0.539804 0.093994 0.014578 0.013123
13 0.579141 0.093673 0.014577 0.013123
13 0.594787 0.473918 0.072693 0.713581
13 0.810230 0.461063 0.061081 0.739291
13 0.733094 0.474186 0.071871 0.713045
