8 0.250167 0.170500 0.489667 0.211000
9 0.255167 0.201333 0.479667 0.046000
9 0.255167 0.121667 0.479667 0.113333
9 0.255167 0.250167 0.479667 0.051667
3 0.251667 0.204333 0.033333 0.026667
0 0.045000 0.121667 0.010000 0.010000
3 0.221667 0.082667 0.033333 0.013333
4 0.136667 0.121667 0.013333 0.013333
3 0.176667 0.154333 0.033333 0.026667
5 0.166667 0.100667 0.013333 0.013333
3 0.221667 0.100667 0.033333 0.014667
3 0.221667 0.120000 0.033333 0.013333
5 0.276667 0.100667 0.013333 0.013333
3 0.311667 0.100667 0.033333 0.026667
3 0.361667 0.100667 0.033333 0.026667
3 0.101667 0.121667 0.033333 0.026667
4 0.211667 0.154333 0.013333 0.013333
4 0.301667 0.154333 0.013333 0.013333
5 0.066667 0.121667 0.013333 0.013333
4 0.391667 0.127667 0.013333 0.013333
3 0.211667 0.255000 0.033333 0.026667
5 0.411667 0.255000 0.013333 0.013333
3 0.450000 0.255000 0.033333 0.026667
2 0.486333 0.255000 0.009333 0.009333
