8 0.166208 0.144050 0.332415 0.288100
9 0.171208 0.241292 0.322415 0.093615
9 0.171208 0.071333 0.322415 0.142667
9 0.171208 0.168576 0.322415 0.051818
3 0.097942 0.240052 0.033333 0.026667
2 0.318167 0.241152 0.009333 0.009333
4 0.287167 0.241152 0.013333 0.013333
4 0.130000 0.241152 0.013333 0.013333
4 0.248667 0.241152 0.013333 0.013333
5 0.198167 0.241152 0.013333 0.013333
3 0.130000 0.123333 0.033333 0.026667
4 0.130000 0.082000 0.013333 0.013333
3 0.198167 0.123333 0.033333 0.026667
0 0.043500 0.082000 0.010000 0.010000
5 0.097576 0.082000 0.013333 0.013333
4 0.248667 0.082000 0.013333 0.013333
5 0.198167 0.082167 0.013333 0.013333
3 0.248667 0.175333 0.033333 0.026667
