8 0.500059 0.500000 0.991733 0.984252
11 0.011880 0.514616 0.016771 0.165650
9 0.510542 0.272749 0.970769 0.529751
11 0.032844 0.287365 0.016771 0.165650
9 0.510542 0.656411 0.970769 0.237572
11 0.032844 0.674064 0.016771 0.200070
9 0.510542 0.883661 0.970769 0.216929
11 0.032844 0.893152 0.016771 0.107565
0 0.065409 0.139370 0.020964 0.039370
11 0.065409 0.171604 0.075606 0.030676
3 0.142278 0.139370 0.069881 0.104987
11 0.142278 0.139698 0.084097 0.033465
4 0.222642 0.139370 0.027952 0.052493
3 0.343536 0.113123 0.069881 0.104987
11 0.343536 0.113451 0.070350 0.033465
3 0.280119 0.247507 0.069881 0.104987
11 0.280119 0.247835 0.053369 0.033465
3 0.546471 0.113123 0.069881 0.104987
11 0.546471 0.116404 0.074394 0.066929
3 0.707198 0.113123 0.069881 0.104987
11 0.707198 0.116404 0.074394 0.066929
3 0.707198 0.247507 0.069881 0.104987
11 0.707198 0.250787 0.066307 0.066929
5 0.474773 0.113255 0.027952 0.052493
5 0.627184 0.113255 0.027952 0.052493
2 0.851083 0.247507 0.019567 0.036745
11 0.851083 0.278428 0.151213 0.030676
2 0.851083 0.113123 0.019567 0.036745
11 0.851083 0.144045 0.151213 0.030676
3 0.559154 0.657047 0.069881 0.104987
11 0.559154 0.657375 0.091375 0.033465
4 0.639518 0.657047 0.027952 0.052493
3 0.707198 0.902625 0.069881 0.104987
11 0.707198 0.905905 0.073585 0.066929
2 0.851083 0.902625 0.019567 0.036745
11 0.851083 0.933547 0.151213 0.030676
13 0.192942 0.139782 0.034242 0.013123
13 0.419637 0.113656 0.085115 0.013123
13 0.597310 0.113699 0.034591 0.013123
13 0.656709 0.113711 0.033892 0.013123
13 0.272607 0.126575 0.074773 0.032152
11 0.250025 0.124606 0.024019 0.033465
13 0.649720 0.193504 0.047869 0.113255
13 0.499770 0.398274 0.051683 0.522795
13 0.609818 0.657459 0.034242 0.013123
13 0.656062 0.792959 0.035185 0.224580
13 0.791719 0.902625 0.101957 0.013123
13 0.091614 0.139370 0.034242 0.013123
13 0.500140 0.113724 0.025577 0.013123
11 0.561518 0.098854 0.015394 0.033465
13 0.791719 0.247507 0.101957 0.013123
13 0.791719 0.113123 0.101957 0.013123
13 0.234085 0.206562 0.024983 0.087139
11 0.213208 0.151005 0.016771 0.027967
