8 0.500000 0.500166 0.989483 0.990543
9 0.513146 0.782053 0.963190 0.142256
9 0.513146 0.065903 0.963190 0.122018
9 0.513146 0.351537 0.963190 0.149750
9 0.513146 0.497540 0.963190 0.142256
9 0.513146 0.639797 0.963190 0.142256
9 0.513146 0.924309 0.963190 0.142256
9 0.513146 0.201787 0.963190 0.149750
3 0.502191 0.781887 0.087642 0.065253
0 0.097283 0.066069 0.026293 0.024470
3 0.246275 0.066069 0.087642 0.065253
4 0.338300 0.066069 0.035057 0.032626
2 0.957055 0.066069 0.024540 0.022838
3 0.456617 0.066069 0.087642 0.065253
5 0.154251 0.066069 0.035057 0.032626
4 0.577564 0.066069 0.035057 0.032626
4 0.666959 0.066069 0.035057 0.032626
3 0.851008 0.066069 0.087642 0.065253
4 0.758983 0.066069 0.035057 0.032626
5 0.410167 0.497374 0.035057 0.032626
3 0.502191 0.497374 0.087642 0.065253
3 0.502191 0.639631 0.087642 0.065253
3 0.312007 0.924144 0.087642 0.065253
3 0.561788 0.924144 0.087642 0.065253
3 0.577564 0.201952 0.087642 0.065253
13 0.305434 0.066329 0.034181 0.008157
13 0.530237 0.066316 0.063103 0.008157
13 0.123576 0.066255 0.029798 0.008157
13 0.443032 0.497638 0.034181 0.008157
13 0.434487 0.576659 0.051271 0.129206
13 0.434487 0.647787 0.051271 0.271462
13 0.187117 0.066204 0.034181 0.008157
13 0.436897 0.924144 0.165644 0.008157
13 0.211437 0.503263 0.117003 0.845024
13 0.775197 0.495106 0.342682 0.861338
13 0.577810 0.125854 0.008764 0.090207
13 0.384312 0.066319 0.060473 0.008157
13 0.365688 0.290082 0.057406 0.418663
13 0.712971 0.066273 0.060473 0.008157
13 0.644391 0.142167 0.049518 0.122833
13 0.622261 0.066476 0.057844 0.008157
13 0.652717 0.289878 0.216915 0.418255
13 0.652717 0.361006 0.216915 0.560512
13 0.791849 0.066069 0.034181 0.008157
13 0.919807 0.066069 0.053462 0.008157
13 0.652717 0.432134 0.216915 0.702768
11 0.018054 0.500000 0.012270 0.043797
11 0.044347 0.202284 0.012270 0.055221
11 0.044347 0.924144 0.012270 0.025853
11 0.044347 0.639478 0.012270 0.050329
11 0.044347 0.497553 0.012270 0.050074
11 0.044347 0.351550 0.012270 0.020129
11 0.044347 0.066069 0.012270 0.047872
11 0.044347 0.782219 0.012270 0.050329
11 0.502191 0.781892 0.045307 0.023165
11 0.097482 0.090131 0.077522 0.020555
11 0.247446 0.065742 0.053791 0.023165
11 0.339169 0.037439 0.064842 0.009788
11 0.956754 0.089315 0.055489 0.020555
11 0.457940 0.065742 0.060227 0.023165
11 0.594332 0.043638 0.059830 0.020555
11 0.851159 0.065742 0.050873 0.023165
11 0.502191 0.497227 0.045307 0.023165
11 0.502191 0.639152 0.045307 0.023165
11 0.312007 0.923817 0.049686 0.023165
11 0.561788 0.923817 0.056995 0.034910
11 0.578888 0.201958 0.064321 0.023165
11 0.566882 0.095351 0.010188 0.009788
11 0.371001 0.077406 0.019829 0.009788
11 0.327618 0.307423 0.010188 0.009788
11 0.612018 0.055383 0.019829 0.009788
