8 0.500000 0.499926 0.992268 0.992416
11 0.010954 0.509067 0.015464 0.103598
9 0.509665 0.747993 0.972938 0.114622
11 0.030284 0.755341 0.015464 0.083285
9 0.509665 0.508216 0.972938 0.364932
11 0.030284 0.515116 0.015464 0.078206
9 0.519330 0.508216 0.953608 0.364932
9 0.509665 0.853011 0.972938 0.095415
11 0.030284 0.860360 0.015464 0.083285
9 0.509665 0.948426 0.972938 0.095415
11 0.030284 0.955775 0.015464 0.083285
9 0.509665 0.245242 0.972938 0.161016
11 0.030284 0.253128 0.015464 0.089379
9 0.509665 0.084226 0.972938 0.161016
11 0.030284 0.092560 0.015464 0.094457
3 0.340851 0.768129 0.064433 0.049566
11 0.340851 0.769678 0.044735 0.031599
3 0.733247 0.748302 0.064433 0.049566
11 0.733247 0.751245 0.078286 0.047398
3 0.826675 0.748302 0.064433 0.049566
11 0.826675 0.749851 0.064120 0.031599
2 0.896907 0.748302 0.018041 0.017348
0 0.061856 0.596518 0.019330 0.018587
4 0.113402 0.596518 0.025773 0.024783
11 0.114046 0.617119 0.072321 0.015799
3 0.187500 0.596518 0.064433 0.049566
11 0.187500 0.598067 0.051445 0.031599
5 0.268041 0.596518 0.025773 0.024783
3 0.342139 0.596518 0.064433 0.049566
3 0.342139 0.596518 0.064433 0.049566
3 0.342139 0.596518 0.064433 0.049566
11 0.342139 0.598067 0.066357 0.031599
3 0.461340 0.596518 0.064433 0.049566
11 0.461340 0.596673 0.088724 0.015799
3 0.554768 0.596518 0.064433 0.049566
11 0.554768 0.599461 0.081268 0.047398
3 0.187500 0.427980 0.064433 0.049566
11 0.187500 0.429529 0.061138 0.031599
4 0.313144 0.427980 0.025773 0.024783
11 0.313789 0.448581 0.074558 0.015799
5 0.625644 0.596524 0.025773 0.024783
3 0.340851 0.853011 0.064433 0.049566
11 0.340851 0.854560 0.044735 0.031599
3 0.732603 0.851772 0.064433 0.049566
11 0.732603 0.854715 0.078286 0.047398
2 0.802835 0.851772 0.018041 0.017348
3 0.340851 0.948426 0.064433 0.049566
11 0.340851 0.949975 0.044735 0.031599
3 0.731959 0.948426 0.064433 0.049566
11 0.731959 0.951369 0.078286 0.047398
2 0.802191 0.948426 0.018041 0.017348
3 0.454897 0.248947 0.064433 0.049566
11 0.454897 0.250496 0.068594 0.031599
2 0.525129 0.248947 0.018041 0.017348
3 0.570876 0.084263 0.064433 0.049566
11 0.570876 0.084418 0.084251 0.015799
3 0.728737 0.084263 0.064433 0.049566
11 0.728737 0.087206 0.063374 0.047398
2 0.889175 0.084263 0.018041 0.017348
13 0.086018 0.596662 0.031572 0.006196
13 0.140786 0.596714 0.031572 0.006196
11 0.134582 0.589465 0.014227 0.015857
13 0.237436 0.596709 0.038015 0.006196
13 0.295425 0.596714 0.031572 0.006196
13 0.288499 0.688519 0.042848 0.161698
13 0.295425 0.596714 0.031572 0.006196
13 0.295425 0.596714 0.031572 0.006196
13 0.288499 0.778668 0.042848 0.341995
13 0.288499 0.730960 0.042848 0.246580
13 0.401740 0.596518 0.057345 0.006196
13 0.401095 0.682323 0.058634 0.174089
13 0.401095 0.724765 0.058634 0.258971
13 0.401095 0.772472 0.058634 0.354387
13 0.508054 0.596518 0.031572 0.006196
13 0.599871 0.596722 0.028351 0.006196
13 0.778673 0.948426 0.031572 0.006196
13 0.779317 0.851772 0.031572 0.006196
13 0.663177 0.730344 0.076997 0.245335
11 0.662325 0.845112 0.055919 0.015799
13 0.663499 0.678609 0.077642 0.141865
11 0.660455 0.741642 0.039516 0.015799
13 0.662854 0.778671 0.076353 0.341989
11 0.662325 0.941766 0.055919 0.015799
13 0.779961 0.748302 0.031572 0.006196
13 0.873389 0.748302 0.031572 0.006196
13 0.134504 0.506053 0.044137 0.158625
11 0.104704 0.574838 0.015464 0.029454
13 0.259987 0.428158 0.083119 0.006196
13 0.649807 0.084263 0.096005 0.006196
13 0.820554 0.084263 0.121778 0.006196
13 0.390464 0.351010 0.131443 0.157038
11 0.334416 0.421010 0.014194 0.015799
13 0.426063 0.249926 0.227771 0.333804
11 0.300818 0.358615 0.022147 0.015799
13 0.501611 0.248947 0.031572 0.006196
