8 0.499985 0.500151 0.990229 0.987481
11 0.013799 0.514059 0.019481 0.157624
9 0.512160 0.217415 0.965878 0.422009
11 0.038149 0.229314 0.019481 0.134856
9 0.512160 0.577608 0.965878 0.298378
11 0.038149 0.591207 0.019481 0.154121
9 0.512160 0.860344 0.965878 0.267094
11 0.038149 0.874716 0.019481 0.162878
0 0.094156 0.054487 0.024351 0.032051
11 0.094156 0.080729 0.030995 0.024973
4 0.167208 0.139957 0.032468 0.042735
11 0.204093 0.140224 0.049780 0.027244
3 0.333036 0.081197 0.081169 0.085470
11 0.333036 0.083868 0.077018 0.054487
3 0.167208 0.257479 0.081169 0.085470
11 0.167208 0.260150 0.054476 0.054487
4 0.512175 0.139957 0.032468 0.042735
5 0.094156 0.139957 0.032468 0.042735
5 0.581169 0.139957 0.032468 0.042735
3 0.300625 0.257479 0.081169 0.085470
11 0.300625 0.260150 0.068564 0.054487
2 0.871002 0.139957 0.022727 0.029915
3 0.430268 0.257479 0.081169 0.085470
11 0.430268 0.257746 0.102377 0.027244
3 0.362013 0.594017 0.081169 0.085470
11 0.362013 0.596688 0.086410 0.054487
4 0.276786 0.497863 0.032468 0.042735
11 0.278409 0.453259 0.093924 0.027244
4 0.447240 0.497863 0.032468 0.042735
3 0.215909 0.860344 0.081169 0.085470
11 0.215909 0.860611 0.106134 0.027244
3 0.770580 0.860344 0.081169 0.085470
11 0.770580 0.865419 0.079835 0.081731
13 0.230032 0.099893 0.128084 0.041667
11 0.234659 0.068643 0.083592 0.027244
13 0.443101 0.099893 0.142208 0.041667
13 0.130682 0.140491 0.043831 0.010684
13 0.134943 0.510834 0.084010 0.703293
13 0.425122 0.556624 0.048295 0.079060
13 0.362013 0.498397 0.141234 0.010684
11 0.308592 0.485844 0.027899 0.027244
13 0.299310 0.556624 0.047484 0.079060
11 0.265828 0.507336 0.019481 0.022768
13 0.546672 0.140491 0.039773 0.010684
13 0.419034 0.510834 0.328328 0.703293
13 0.233916 0.257479 0.055495 0.010684
13 0.663699 0.500418 0.135840 0.724126
13 0.835402 0.500151 0.051721 0.724660
13 0.094345 0.094551 0.008117 0.052350
13 0.365446 0.257479 0.051721 0.010684
13 0.491717 0.209402 0.044976 0.100427
13 0.167449 0.188034 0.008117 0.057692
11 0.204383 0.185834 0.092045 0.027244
13 0.522524 0.329861 0.121347 0.341346
13 0.177354 0.329594 0.169643 0.340812
