8 0.300029 0.112493 0.400059 0.194985
9 0.305029 0.060438 0.390059 0.090876
9 0.305029 0.186509 0.390059 0.046953
9 0.305029 0.134454 0.390059 0.057157
0 0.131457 0.043333 0.010000 0.010000
3 0.213666 0.043333 0.033333 0.026667
4 0.264295 0.043333 0.013333 0.013333
3 0.320146 0.043333 0.033333 0.026667
3 0.264295 0.076667 0.033333 0.026667
3 0.368480 0.043333 0.033333 0.026667
3 0.416813 0.043333 0.033333 0.026667
5 0.166728 0.043333 0.013333 0.013333
3 0.375998 0.184699 0.033333 0.026667
2 0.430536 0.184699 0.009333 0.009333
5 0.320146 0.184699 0.013333 0.013333
5 0.264296 0.184805 0.013333 0.013333
4 0.264295 0.133376 0.013333 0.013333
3 0.320146 0.133376 0.033333 0.026667
