8 0.239363 0.209369 0.474059 0.356070
9 0.244363 0.099518 0.464059 0.136369
9 0.244363 0.235886 0.464059 0.136369
9 0.244363 0.345737 0.464059 0.083333
0 0.035250 0.071651 0.010000 0.010000
3 0.171917 0.071770 0.033333 0.026667
4 0.116917 0.071770 0.013333 0.013333
3 0.241917 0.071770 0.033333 0.026667
3 0.241917 0.107029 0.033333 0.026667
3 0.241250 0.145657 0.033333 0.026667
5 0.201917 0.071770 0.013333 0.013333
5 0.280375 0.071878 0.013333 0.013333
3 0.402657 0.071878 0.033333 0.026667
2 0.438990 0.071878 0.009333 0.009333
3 0.336107 0.071969 0.033333 0.026667
5 0.065231 0.071756 0.013333 0.013333
3 0.173967 0.192604 0.033333 0.026667
3 0.409312 0.192604 0.033333 0.026667
4 0.321508 0.192604 0.013333 0.013333
3 0.355042 0.245807 0.039101 0.026667
3 0.241917 0.192604 0.033333 0.026667
2 0.445645 0.192604 0.009333 0.009333
3 0.065231 0.345737 0.033333 0.026667
2 0.445849 0.345737 0.009333 0.009333
3 0.360730 0.345737 0.033333 0.026667
