8 0.500224 0.499991 0.992977 0.978979
11 0.010146 0.525168 0.013986 0.285336
4 0.195221 0.312287 0.023310 0.068259
11 0.224043 0.344283 0.068107 0.043515
3 0.335082 0.312851 0.058275 0.136519
11 0.335082 0.317117 0.055295 0.087031
5 0.125582 0.312851 0.023310 0.068259
2 0.873543 0.689420 0.016317 0.047782
3 0.335082 0.510239 0.058275 0.136519
11 0.335082 0.514505 0.045854 0.087031
3 0.218947 0.689420 0.058275 0.136519
11 0.218947 0.689846 0.076199 0.043515
4 0.414918 0.312287 0.023310 0.068259
11 0.462396 0.344283 0.124076 0.043515
3 0.772145 0.689420 0.058275 0.136519
11 0.772145 0.697526 0.075524 0.130546
3 0.457459 0.510381 0.058275 0.136519
11 0.457459 0.514648 0.049226 0.087031
3 0.571096 0.510239 0.058275 0.136519
11 0.571096 0.514505 0.057318 0.087031
5 0.685023 0.689420 0.023310 0.068259
4 0.685023 0.510381 0.023310 0.068259
4 0.588578 0.312287 0.023310 0.068259
0 0.069930 0.312287 0.017483 0.051195
12 0.929487 0.510239 0.058275 0.085324
11 0.927855 0.512799 0.075524 0.087031
3 0.509907 0.075085 0.058275 0.136519
11 0.509907 0.079352 0.062038 0.087031
13 0.250728 0.428328 0.112762 0.170648
11 0.187354 0.327005 0.013986 0.039164
13 0.096299 0.313042 0.037587 0.017065
13 0.160402 0.313524 0.048660 0.017065
13 0.157842 0.518200 0.066267 0.349265
13 0.256410 0.313014 0.101399 0.017065
11 0.218268 0.293046 0.020484 0.043575
13 0.383741 0.313026 0.041375 0.017065
13 0.447990 0.176621 0.067890 0.209898
11 0.407051 0.258746 0.013986 0.039164
13 0.460726 0.689420 0.427615 0.017065
13 0.563957 0.176621 0.052156 0.209898
13 0.396270 0.510310 0.066434 0.017065
13 0.514277 0.510310 0.057692 0.017065
13 0.636801 0.510812 0.075466 0.017065
13 0.888755 0.588955 0.025520 0.159974
13 0.833333 0.689420 0.066434 0.017065
13 0.719843 0.689420 0.048660 0.017065
13 0.685466 0.599901 0.005828 0.117605
13 0.642774 0.394696 0.087412 0.169938
13 0.501748 0.312287 0.152681 0.017065
11 0.437701 0.292235 0.020480 0.043515
