0 0.065500 0.075000 0.010000 0.010000
3 0.107417 0.075000 0.033333 0.026667
4 0.218417 0.075000 0.013333 0.013333
3 0.252617 0.033333 0.033333 0.026667
3 0.300547 0.109516 0.033333 0.026667
3 0.300950 0.170336 0.033333 0.026667
3 0.300950 0.033333 0.033333 0.026667
3 0.349283 0.033333 0.033333 0.026667
3 0.428067 0.075000 0.033333 0.026667
6 0.145817 0.075000 0.013333 0.013333
3 0.300950 0.208143 0.033333 0.026667
6 0.387817 0.075000 0.013333 0.013333
4 0.349283 0.075000 0.013333 0.013333
2 0.464467 0.075000 0.009333 0.009333
5 0.218633 0.109516 0.013333 0.013333
4 0.218633 0.145817 0.013333 0.013333
4 0.349443 0.145817 0.013333 0.013333
5 0.349283 0.109516 0.013333 0.013333
11 0.089267 0.044633 0.033333 0.016667
11 0.349283 0.191043 0.033333 0.016667
