8 0.349661 0.197472 0.619321 0.302353
8 0.347934 0.016655 0.309944 0.020000
9 0.354661 0.114139 0.609321 0.135686
9 0.354661 0.223649 0.609321 0.083333
9 0.354661 0.306982 0.609321 0.083333
0 0.084860 0.101716 0.010000 0.010000
3 0.129802 0.101716 0.033333 0.026667
4 0.196621 0.101077 0.013333 0.013333
3 0.257852 0.101716 0.054629 0.026667
3 0.257865 0.158856 0.039988 0.026667
4 0.432911 0.158856 0.013333 0.013333
1 0.257870 0.064895 0.010000 0.010000
1 0.328054 0.064895 0.010000 0.010000
3 0.328054 0.101716 0.033333 0.026667
3 0.372996 0.101716 0.033333 0.026667
1 0.372996 0.064895 0.010000 0.010000
5 0.164578 0.101077 0.013333 0.013333
3 0.432790 0.223649 0.044425 0.026667
4 0.480792 0.223649 0.013333 0.013333
4 0.514126 0.223815 0.013333 0.013333
3 0.432911 0.306982 0.033333 0.026667
3 0.546578 0.306982 0.033333 0.026667
5 0.514126 0.306982 0.013333 0.013333
2 0.589667 0.306982 0.009333 0.009333
11 0.259861 0.124130 0.033333 0.008681
