8 0.500116 0.499876 0.993102 0.983651
9 0.509029 0.599385 0.975276 0.247040
9 0.509029 0.241957 0.975276 0.467815
9 0.509029 0.857303 0.975276 0.268797
3 0.676768 0.598963 0.059418 0.110650
4 0.770351 0.598963 0.023767 0.055325
0 0.057041 0.241798 0.017825 0.041494
3 0.248960 0.241798 0.059418 0.110650
3 0.428996 0.241798 0.059418 0.110650
4 0.311349 0.241798 0.023767 0.055325
3 0.525253 0.241798 0.059418 0.110650
3 0.428996 0.373195 0.059418 0.110650
3 0.525253 0.373195 0.059418 0.110650
4 0.596554 0.373195 0.023767 0.055325
3 0.130333 0.241798 0.059418 0.110650
5 0.187998 0.241798 0.023767 0.055325
3 0.561705 0.857068 0.059418 0.110650
3 0.356803 0.857068 0.059418 0.110650
3 0.842097 0.857068 0.059418 0.110650
5 0.770351 0.857068 0.023767 0.055325
2 0.928550 0.857068 0.016637 0.038728
12 0.464646 0.110401 0.059418 0.069156
13 0.083289 0.241798 0.037047 0.013831
13 0.289067 0.242241 0.023173 0.013831
13 0.439078 0.165726 0.007876 0.047026
13 0.477124 0.241798 0.039216 0.013831
13 0.355466 0.321328 0.090018 0.109267
13 0.477124 0.373195 0.039216 0.013831
13 0.569816 0.373625 0.032086 0.013831
13 0.168078 0.242248 0.018449 0.013831
13 0.209566 0.242247 0.021747 0.013831
13 0.257695 0.563264 0.141176 0.593140
13 0.459254 0.857068 0.147861 0.013831
13 0.689542 0.472593 0.164587 0.202946
13 0.732472 0.599373 0.054367 0.013831
13 0.662805 0.406549 0.218063 0.335035
13 0.770648 0.728015 0.005942 0.208313
13 0.674941 0.857443 0.169430 0.013831
13 0.797311 0.857501 0.032531 0.013831
13 0.896019 0.857068 0.050802 0.013831
13 0.621955 0.499910 0.052585 0.203638
13 0.361260 0.242664 0.078431 0.013831
11 0.012240 0.500000 0.008318 0.125022
11 0.030065 0.857538 0.008318 0.043839
11 0.030065 0.242047 0.008318 0.081178
11 0.030065 0.599585 0.008318 0.093639
11 0.677665 0.598340 0.043607 0.039281
11 0.249854 0.241494 0.047571 0.039281
11 0.429691 0.241494 0.043412 0.059198
11 0.526150 0.241494 0.049957 0.079115
11 0.429893 0.372891 0.040831 0.039281
11 0.526150 0.372891 0.043607 0.039281
11 0.130125 0.241494 0.051524 0.039281
11 0.561497 0.856985 0.033685 0.039281
11 0.356506 0.856985 0.039356 0.019364
11 0.841949 0.856985 0.038640 0.059198
11 0.459411 0.095159 0.040628 0.019364
11 0.353600 0.353942 0.038157 0.016598
11 0.619912 0.353942 0.013443 0.016598
11 0.597631 0.442462 0.006907 0.016598
11 0.349701 0.222545 0.041054 0.016598
