0 0.013628 0.289272 0.019468 0.057471
11 0.036989 0.229047 0.152809 0.044780
4 0.206360 0.289272 0.025957 0.076628
11 0.235951 0.325192 0.068332 0.048851
3 0.280986 0.088123 0.064893 0.153257
11 0.280986 0.092912 0.061574 0.097701
3 0.280986 0.538314 0.064893 0.153257
11 0.280986 0.543103 0.045054 0.097701
4 0.475016 0.088123 0.025957 0.076628
11 0.529137 0.124042 0.141921 0.048851
3 0.543154 0.088123 0.064893 0.153257
11 0.543154 0.092912 0.069083 0.097701
4 0.617781 0.088123 0.025957 0.076628
3 0.830305 0.289272 0.064893 0.153257
11 0.830305 0.298372 0.084101 0.146552
2 0.928618 0.289272 0.018170 0.053640
11 0.970798 0.355484 0.205810 0.044780
3 0.429591 0.538314 0.064893 0.153257
11 0.429591 0.547414 0.072087 0.146552
4 0.672940 0.289272 0.025957 0.076628
5 0.065542 0.289272 0.025957 0.076628
3 0.475016 0.911877 0.064893 0.153257
11 0.475016 0.912356 0.084852 0.048851
5 0.728099 0.289272 0.025957 0.076628
3 0.131733 0.289272 0.064893 0.153257
11 0.131733 0.294061 0.058571 0.097701
3 0.387735 0.088123 0.064893 0.153257
11 0.387735 0.097222 0.081849 0.146552
13 0.227612 0.432950 0.044452 0.218391
11 0.197599 0.262846 0.015574 0.336022
13 0.590201 0.088724 0.031798 0.019157
13 0.546723 0.247126 0.145360 0.249042
11 0.466256 0.097256 0.015574 0.094212
13 0.891142 0.289272 0.059377 0.019157
13 0.355289 0.538314 0.086308 0.019157
13 0.652012 0.170019 0.045101 0.169540
13 0.567651 0.432950 0.213822 0.218391
13 0.037962 0.289718 0.031798 0.019157
13 0.088903 0.289895 0.023361 0.019157
13 0.254218 0.619732 0.379299 0.591954
13 0.700519 0.290230 0.031798 0.019157
13 0.769468 0.289844 0.059377 0.019157
13 0.617943 0.619732 0.223556 0.591954
13 0.226198 0.169540 0.047280 0.170498
11 0.194771 0.172244 0.015574 0.483621
13 0.178780 0.289873 0.031798 0.019157
13 0.334361 0.088123 0.044452 0.019157
13 0.499351 0.088123 0.025308 0.019157
13 0.441110 0.088706 0.044452 0.019157
