8 0.298333 0.266833 0.593333 0.391000
9 0.303333 0.225667 0.583333 0.083333
9 0.303333 0.127667 0.583333 0.112667
9 0.303333 0.374167 0.583333 0.047000
9 0.303333 0.309000 0.583333 0.083333
9 0.303333 0.413833 0.583333 0.032333
9 0.303333 0.446167 0.583333 0.032333
3 0.085000 0.225667 0.033333 0.026667
3 0.551667 0.225667 0.033333 0.026667
2 0.584667 0.208333 0.009333 0.009333
3 0.246667 0.113333 0.033333 0.026667
0 0.030000 0.126333 0.010000 0.010000
4 0.076667 0.126333 0.013333 0.013333
3 0.106667 0.154667 0.033333 0.026667
3 0.246667 0.146667 0.033333 0.026667
5 0.145000 0.154667 0.013333 0.013333
5 0.215000 0.146667 0.013333 0.013333
3 0.295000 0.146667 0.033333 0.026667
4 0.333333 0.146667 0.013333 0.013333
3 0.416667 0.098333 0.033333 0.026667
4 0.333333 0.113333 0.013333 0.013333
5 0.051667 0.126333 0.013333 0.013333
5 0.551667 0.154667 0.013333 0.013333
1 0.525000 0.154667 0.010000 0.010000
3 0.295000 0.113333 0.033333 0.026667
4 0.561667 0.136667 0.013333 0.013333
3 0.165000 0.380667 0.033333 0.026667
3 0.361667 0.374333 0.033333 0.026667
4 0.486667 0.374333 0.013333 0.013333
3 0.366667 0.309000 0.033333 0.026667
3 0.183667 0.414000 0.033333 0.026667
3 0.361667 0.414000 0.033333 0.026667
3 0.205000 0.445333 0.033333 0.026667
3 0.361667 0.445333 0.033333 0.026667
