0 0.017355 0.507788 0.024793 0.046729
4 0.288017 0.507788 0.033058 0.062305
3 0.294215 0.647975 0.082645 0.124611
3 0.740496 0.071651 0.082645 0.124611
4 0.430579 0.149533 0.033058 0.062305
3 0.554545 0.422118 0.082645 0.124611
2 0.983471 0.235202 0.023140 0.043614
3 0.319008 0.928349 0.082645 0.124611
3 0.889256 0.928349 0.082645 0.124611
3 0.860331 0.266355 0.082645 0.124611
5 0.150620 0.507788 0.033058 0.062305
3 0.150620 0.087227 0.082645 0.124611
12 0.486455 0.270249 0.086140 0.185358
12 0.351240 0.313474 0.128926 0.332555
12 0.939116 0.561526 0.086088 0.615265
12 0.604132 0.928349 0.490909 0.015576
12 0.830165 0.137850 0.100000 0.138629
12 0.936777 0.247015 0.073554 0.024002
12 0.565083 0.095016 0.271488 0.052960
12 0.668182 0.278037 0.147934 0.294393
12 0.081921 0.507788 0.107645 0.015576
12 0.219318 0.508567 0.107645 0.015576
12 0.150841 0.313084 0.008264 0.333333
12 0.505475 0.176791 0.630372 0.164499
12 0.290660 0.562305 0.008264 0.052960
12 0.519938 0.507788 0.659298 0.753241
12 0.242975 0.819315 0.072727 0.224299
