8 0.267667 0.143500 0.425333 0.201667
9 0.272667 0.088833 0.415333 0.092333
9 0.272667 0.159500 0.415333 0.049000
9 0.272667 0.214167 0.415333 0.060333
0 0.085000 0.067333 0.010000 0.010000
4 0.166667 0.067333 0.013333 0.013333
4 0.261667 0.111667 0.013333 0.013333
5 0.126667 0.067333 0.013333 0.013333
3 0.166667 0.111667 0.050000 0.026667
3 0.273333 0.067333 0.033333 0.026667
3 0.326667 0.067333 0.033333 0.026667
3 0.386667 0.067333 0.033333 0.026667
3 0.261667 0.159667 0.033333 0.026667
4 0.336667 0.159667 0.013333 0.013333
3 0.216333 0.216333 0.042667 0.026667
3 0.391667 0.216333 0.033333 0.026667
5 0.336667 0.216333 0.013333 0.013333
2 0.434667 0.216333 0.009333 0.009333
