0 0.036364 0.067548 0.024793 0.044053
3 0.127273 0.067548 0.082645 0.117474
4 0.222314 0.067548 0.033058 0.058737
3 0.426446 0.067548 0.082645 0.117474
5 0.300826 0.067548 0.033058 0.058737
3 0.426446 0.243759 0.082645 0.117474
3 0.426446 0.397944 0.082645 0.117474
5 0.705785 0.082232 0.033058 0.058737
3 0.800826 0.082232 0.082645 0.117474
3 0.920661 0.082232 0.082645 0.117474
3 0.222314 0.331865 0.082645 0.117474
3 0.222314 0.530565 0.082645 0.117474
4 0.371074 0.530103 0.033058 0.058737
3 0.548760 0.530103 0.082645 0.117474
5 0.437191 0.530565 0.033058 0.058737
3 0.561157 0.720999 0.082645 0.117474
4 0.437191 0.720999 0.033058 0.058737
2 0.655372 0.530565 0.023140 0.041116
3 0.685124 0.720999 0.082645 0.117474
3 0.804959 0.720999 0.082645 0.117474
2 0.965289 0.720999 0.023140 0.041116
13 0.067355 0.067548 0.040496 0.014684
13 0.187190 0.068009 0.040496 0.014684
13 0.261570 0.067917 0.048760 0.014684
13 0.351240 0.067548 0.071074 0.014684
13 0.578512 0.075257 0.224793 0.021292
13 0.586983 0.177680 0.241736 0.138032
13 0.586983 0.254772 0.241736 0.292217
13 0.740909 0.082697 0.040496 0.014684
13 0.860744 0.082232 0.040496 0.014684
13 0.309091 0.530723 0.094215 0.014684
13 0.480579 0.530837 0.057024 0.014684
13 0.404133 0.531065 0.036364 0.014684
13 0.437604 0.625782 0.008264 0.137570
13 0.486777 0.721441 0.069421 0.014684
13 0.396075 0.640602 0.052480 0.168135
13 0.616942 0.530398 0.057025 0.014684
13 0.623140 0.720999 0.044628 0.014684
13 0.679133 0.566079 0.486363 0.856094
13 0.745041 0.720999 0.040496 0.014684
13 0.343182 0.247430 0.087190 0.306902
13 0.343182 0.170338 0.087190 0.152717
13 0.222544 0.185022 0.008264 0.182085
13 0.222314 0.431215 0.008264 0.087099
13 0.900000 0.720999 0.110744 0.014684
11 0.037054 0.110866 0.064192 0.037004
11 0.127273 0.066960 0.066427 0.020558
11 0.247837 0.092364 0.032864 0.017621
11 0.427828 0.066960 0.048812 0.041703
11 0.427695 0.243172 0.048812 0.041703
11 0.427695 0.397357 0.048812 0.041703
11 0.800826 0.081645 0.047687 0.041703
11 0.920661 0.081645 0.053207 0.041703
11 0.223562 0.331278 0.056792 0.041703
11 0.222314 0.529515 0.068631 0.041703
11 0.439779 0.564611 0.056418 0.037004
11 0.550009 0.529515 0.060653 0.041703
11 0.561157 0.720411 0.046852 0.041703
11 0.685124 0.720411 0.053745 0.041703
11 0.804959 0.720411 0.062474 0.020558
11 0.964909 0.753157 0.060396 0.017621
11 0.398166 0.510866 0.007903 0.017621
11 0.359833 0.524082 0.017188 0.017621
