8 0.500000 0.500000 0.990283 0.987395
11 0.013765 0.518688 0.019433 0.211798
9 0.512146 0.456933 0.965992 0.376050
11 0.038057 0.468632 0.019433 0.132589
9 0.512146 0.906513 0.965992 0.174370
11 0.038057 0.920643 0.019433 0.160140
9 0.512146 0.137605 0.965992 0.262605
11 0.038057 0.150975 0.019433 0.151531
9 0.512146 0.732143 0.965992 0.174370
11 0.038057 0.742474 0.019433 0.117092
0 0.065587 0.400210 0.024291 0.031513
11 0.065587 0.426011 0.062698 0.024554
3 0.154656 0.400210 0.080972 0.084034
11 0.154656 0.402836 0.074957 0.053571
4 0.276113 0.400210 0.032389 0.042017
11 0.276113 0.365809 0.086200 0.026786
3 0.393522 0.400210 0.080972 0.084034
11 0.393522 0.402836 0.076831 0.053571
4 0.559514 0.400210 0.032389 0.042017
11 0.508918 0.361870 0.086200 0.053571
3 0.276113 0.555672 0.080972 0.084034
11 0.276113 0.558298 0.100254 0.053571
4 0.676923 0.400210 0.032389 0.042017
3 0.486640 0.555672 0.080972 0.084034
11 0.486640 0.558298 0.079641 0.053571
5 0.393522 0.555672 0.032389 0.042017
3 0.676923 0.906513 0.080972 0.084034
11 0.676923 0.906775 0.105876 0.026786
2 0.859109 0.906513 0.022672 0.029412
11 0.859109 0.931263 0.114231 0.024554
3 0.676923 0.137605 0.080972 0.084034
11 0.676923 0.140231 0.104002 0.053571
3 0.393522 0.732143 0.080972 0.084034
11 0.393522 0.734769 0.063713 0.053571
2 0.859109 0.732143 0.022672 0.029412
11 0.859109 0.756893 0.089323 0.024554
5 0.745749 0.732143 0.032389 0.042017
13 0.095951 0.400210 0.039676 0.010504
13 0.227530 0.400524 0.068016 0.010504
13 0.276344 0.467437 0.008097 0.096639
11 0.265092 0.409305 0.019463 0.024198
13 0.322672 0.400528 0.063968 0.010504
11 0.308064 0.388267 0.028489 0.026964
13 0.488664 0.400510 0.112551 0.010504
13 0.677141 0.279412 0.008097 0.203782
13 0.598178 0.258403 0.079757 0.245798
11 0.571255 0.367253 0.019433 0.024107
13 0.598178 0.663866 0.079757 0.489496
11 0.567611 0.465861 0.028456 0.026786
13 0.677134 0.642857 0.008097 0.447479
13 0.393749 0.633403 0.008097 0.117647
13 0.346964 0.555988 0.063968 0.010504
13 0.427935 0.556005 0.039676 0.010504
13 0.636640 0.633403 0.222267 0.159664
13 0.581781 0.732423 0.298785 0.010504
13 0.804858 0.732395 0.089069 0.010504
13 0.782591 0.906513 0.133603 0.010504
