8 0.500000 0.500000 0.990861 0.987408
11 0.012947 0.508044 0.018279 0.091167
9 0.511424 0.862539 0.968012 0.262329
11 0.035796 0.876655 0.018279 0.159972
9 0.511424 0.237671 0.968012 0.462749
11 0.035796 0.249357 0.018279 0.132450
9 0.511424 0.600210 0.968012 0.262329
11 0.035796 0.613566 0.018279 0.151372
3 0.385377 0.835257 0.076161 0.083945
11 0.385377 0.835519 0.099587 0.026758
3 0.842346 0.835257 0.076161 0.083945
11 0.842346 0.840241 0.074910 0.080273
5 0.739528 0.835257 0.030465 0.041973
0 0.050267 0.069255 0.022848 0.031480
11 0.050267 0.095029 0.158340 0.024528
3 0.168317 0.137461 0.076161 0.083945
11 0.168317 0.140084 0.088130 0.053515
4 0.242955 0.137461 0.030465 0.041973
11 0.258187 0.080010 0.170090 0.026758
3 0.330541 0.137461 0.076161 0.083945
11 0.330541 0.140084 0.079317 0.053515
3 0.330541 0.237146 0.076161 0.083945
11 0.330541 0.239769 0.072266 0.053515
3 0.440975 0.137461 0.076161 0.083945
11 0.440975 0.142445 0.073148 0.080273
3 0.551409 0.137461 0.076161 0.083945
11 0.551409 0.140084 0.074910 0.053515
5 0.242955 0.237146 0.030465 0.041973
5 0.579589 0.237146 0.030465 0.041973
5 0.088347 0.137461 0.030465 0.041973
4 0.638995 0.137461 0.030465 0.041973
2 0.952018 0.146905 0.021325 0.029381
11 0.952018 0.171629 0.180960 0.024528
3 0.440975 0.520462 0.076161 0.083945
11 0.440975 0.523085 0.081079 0.053515
4 0.293983 0.520462 0.030465 0.041973
11 0.320640 0.480850 0.156871 0.026758
4 0.579589 0.520462 0.030465 0.041973
13 0.075209 0.092865 0.030084 0.051417
13 0.217060 0.137461 0.024372 0.010493
13 0.275324 0.137793 0.037319 0.010493
11 0.267991 0.125516 0.016817 0.026855
13 0.385758 0.137461 0.037319 0.010493
13 0.496192 0.137461 0.037319 0.010493
13 0.243336 0.185857 0.007616 0.059017
11 0.232673 0.142717 0.018279 0.049884
13 0.275324 0.237478 0.037319 0.010493
13 0.261043 0.389559 0.038462 0.267051
13 0.356055 0.520986 0.096725 0.010493
11 0.319127 0.508657 0.016777 0.026758
13 0.466489 0.237432 0.198781 0.010493
13 0.521706 0.520766 0.088347 0.010493
13 0.579970 0.378804 0.007616 0.245540
13 0.116908 0.137800 0.029703 0.010493
13 0.218012 0.496852 0.261615 0.681007
13 0.606626 0.137790 0.037319 0.010493
13 0.617098 0.198059 0.047601 0.083421
13 0.697068 0.476128 0.088728 0.680483
13 0.779513 0.835463 0.052551 0.010493
13 0.573877 0.835536 0.303884 0.010493
13 0.910891 0.491081 0.063976 0.692550
13 0.436883 0.618048 0.288085 0.157398
11 0.283701 0.525718 0.018279 0.049884
