8 0.500088 0.499783 0.994213 0.987444
11 0.008449 0.522867 0.011928 0.261623
9 0.507544 0.672727 0.979302 0.252525
11 0.023360 0.686315 0.011928 0.153994
9 0.507544 0.276263 0.979302 0.540404
11 0.023360 0.287513 0.011928 0.127500
9 0.507544 0.896247 0.979302 0.194515
11 0.023360 0.909105 0.011928 0.145714
3 0.124751 0.672727 0.049702 0.080808
11 0.124751 0.672980 0.064989 0.025758
3 0.683576 0.672727 0.049702 0.080808
11 0.683576 0.677525 0.048885 0.077273
0 0.070080 0.112121 0.014911 0.030303
11 0.070080 0.136932 0.060627 0.023611
3 0.474801 0.112121 0.049702 0.080808
11 0.474801 0.116919 0.066139 0.077273
4 0.601569 0.112121 0.019881 0.040404
3 0.668666 0.112121 0.049702 0.080808
11 0.668666 0.114646 0.050036 0.051515
5 0.124751 0.112121 0.019881 0.040404
3 0.683576 0.243434 0.049702 0.080808
11 0.683576 0.248232 0.044284 0.077273
5 0.758129 0.243434 0.019881 0.040404
3 0.817771 0.243434 0.049702 0.080808
11 0.817771 0.248232 0.044284 0.077273
3 0.817771 0.470707 0.049702 0.080808
11 0.817771 0.475505 0.044284 0.077273
3 0.817771 0.349495 0.049702 0.080808
11 0.817771 0.354293 0.044284 0.077273
4 0.892324 0.243434 0.019881 0.040404
11 0.929941 0.262374 0.097195 0.025758
4 0.296471 0.112121 0.019881 0.040404
3 0.184394 0.112121 0.049702 0.080808
11 0.184394 0.114646 0.052911 0.051515
2 0.954029 0.112121 0.013917 0.028283
3 0.782483 0.112121 0.049702 0.080808
11 0.782483 0.116919 0.056937 0.077273
4 0.892324 0.112121 0.019881 0.040404
4 0.392280 0.112121 0.019881 0.040404
3 0.392280 0.927980 0.049702 0.080808
11 0.392280 0.930505 0.052911 0.051515
13 0.096173 0.112361 0.039264 0.010101
13 0.545640 0.112403 0.093964 0.010101
13 0.124880 0.382323 0.004970 0.504040
11 0.118019 0.110127 0.011948 0.096062
13 0.728308 0.243736 0.041750 0.010101
13 0.780495 0.243751 0.026839 0.010101
13 0.775649 0.306566 0.036531 0.089899
13 0.775649 0.367172 0.036531 0.211111
13 0.862503 0.243736 0.041750 0.010101
13 0.867597 0.306566 0.051938 0.089899
13 0.867597 0.367172 0.051938 0.211111
13 0.147117 0.112438 0.026839 0.010101
13 0.247888 0.112407 0.079274 0.010101
13 0.725575 0.112121 0.066103 0.010101
13 0.331950 0.530152 0.072946 0.799697
11 0.289513 0.120353 0.011928 0.023182
13 0.404164 0.672727 0.511111 0.010101
13 0.831228 0.399495 0.247589 0.550505
13 0.844859 0.112407 0.077038 0.010101
13 0.892573 0.177778 0.004970 0.094949
13 0.924667 0.112363 0.046794 0.010101
13 0.392054 0.509949 0.004970 0.759293
13 0.426085 0.112420 0.049718 0.010101
13 0.344376 0.111111 0.077916 0.010101
11 0.315430 0.099242 0.017467 0.025758
13 0.627662 0.112431 0.034294 0.010101
11 0.621176 0.100628 0.017489 0.025942
13 0.630271 0.185354 0.058897 0.110101
11 0.594859 0.120833 0.011928 0.023182
