8 0.500059 0.500000 0.991733 0.984252
9 0.510542 0.272749 0.970769 0.529751
9 0.510542 0.656411 0.970769 0.237572
9 0.510542 0.883661 0.970769 0.216929
0 0.065409 0.139370 0.020964 0.039370
3 0.142278 0.139370 0.069881 0.104987
4 0.222642 0.139370 0.027952 0.052493
3 0.343536 0.113123 0.069881 0.104987
3 0.280119 0.247507 0.069881 0.104987
3 0.546471 0.113123 0.069881 0.104987
3 0.707198 0.113123 0.069881 0.104987
3 0.707198 0.247507 0.069881 0.104987
5 0.474773 0.113255 0.027952 0.052493
5 0.627184 0.113255 0.027952 0.052493
2 0.851083 0.247507 0.019567 0.036745
2 0.851083 0.113123 0.019567 0.036745
3 0.559154 0.657047 0.069881 0.104987
4 0.639518 0.657047 0.027952 0.052493
3 0.707198 0.902625 0.069881 0.104987
2 0.851083 0.902625 0.019567 0.036745
12 0.192942 0.139782 0.034242 0.013123
12 0.419637 0.113656 0.085115 0.013123
12 0.597310 0.113699 0.034591 0.013123
12 0.656709 0.113711 0.033892 0.013123
12 0.272607 0.126575 0.074773 0.032152
12 0.649720 0.193504 0.047869 0.113255
12 0.499770 0.398274 0.051683 0.522795
12 0.609818 0.657459 0.034242 0.013123
12 0.656062 0.792959 0.035185 0.224580
12 0.791719 0.902625 0.101957 0.013123
12 0.091614 0.139370 0.034242 0.013123
12 0.500140 0.113724 0.025577 0.013123
12 0.791719 0.247507 0.101957 0.013123
12 0.791719 0.113123 0.101957 0.013123
12 0.234085 0.206562 0.024983 0.087139
