8 0.497867 0.500000 0.986898 0.981102
9 0.508913 0.589764 0.964806 0.267192
9 0.508913 0.232808 0.964806 0.446719
9 0.508913 0.856955 0.964806 0.267192
3 0.604566 0.590026 0.073638 0.125984
0 0.036762 0.143045 0.022091 0.047244
3 0.218760 0.143045 0.094993 0.125984
3 0.449926 0.079762 0.073638 0.125984
3 0.604566 0.079762 0.073638 0.125984
4 0.335052 0.143045 0.029455 0.062992
3 0.449926 0.229790 0.073638 0.078478
5 0.373343 0.229921 0.029455 0.062992
3 0.449926 0.355906 0.073638 0.125984
4 0.534610 0.355906 0.029455 0.062992
5 0.692931 0.229921 0.029455 0.062992
3 0.702657 0.079762 0.073638 0.125984
5 0.105132 0.143521 0.029455 0.062992
2 0.957827 0.229921 0.020619 0.044094
4 0.752010 0.229921 0.029455 0.062992
5 0.881385 0.229921 0.029455 0.062992
1 0.813015 0.229921 0.022091 0.047244
4 0.692931 0.355906 0.029455 0.062992
3 0.604566 0.804724 0.073638 0.125984
1 0.813015 0.804724 0.022091 0.047244
12 0.069106 0.143270 0.045542 0.015748
12 0.527246 0.079762 0.083947 0.015748
12 0.400589 0.230385 0.027982 0.015748
12 0.393409 0.308661 0.042342 0.100787
12 0.503314 0.356400 0.036082 0.015748
12 0.551362 0.488714 0.035714 0.208924
12 0.582474 0.230290 0.194404 0.015748
12 0.653611 0.079762 0.027399 0.015748
12 0.336623 0.489871 0.465192 0.636006
12 0.745927 0.139094 0.015847 0.124962
12 0.722470 0.230709 0.032569 0.015748
12 0.784353 0.230293 0.038178 0.015748
12 0.721677 0.804724 0.163531 0.015748
12 0.845359 0.230292 0.045542 0.015748
12 0.852907 0.533071 0.060638 0.549606
12 0.921815 0.230294 0.054350 0.015748
12 0.145562 0.143862 0.054350 0.015748
12 0.293290 0.143548 0.057013 0.015748
12 0.374264 0.095655 0.080633 0.038085
12 0.347018 0.202625 0.026141 0.062467
12 0.667342 0.488714 0.054860 0.208924
12 0.613770 0.356693 0.131811 0.015748
12 0.693299 0.292913 0.007364 0.069291
