8 0.500000 0.500258 0.991649 0.984854
9 0.510438 0.844314 0.970772 0.296743
9 0.510438 0.134373 0.970772 0.253083
9 0.510438 0.478429 0.970772 0.435028
4 0.436774 0.794264 0.027836 0.048900
3 0.516309 0.927074 0.069589 0.097800
4 0.583191 0.794264 0.027836 0.048900
3 0.355037 0.112628 0.069589 0.097800
3 0.186663 0.371376 0.069589 0.097800
4 0.278166 0.370938 0.027836 0.048900
3 0.375913 0.370938 0.069589 0.097800
3 0.512565 0.370938 0.069589 0.097800
3 0.640029 0.370938 0.069589 0.097800
3 0.860942 0.371376 0.069589 0.097800
5 0.120834 0.370938 0.027836 0.048900
3 0.278166 0.544871 0.069589 0.097800
3 0.375995 0.544871 0.079496 0.097800
4 0.727685 0.371376 0.027836 0.048900
5 0.772638 0.370938 0.027836 0.048900
0 0.051526 0.370938 0.020877 0.036675
2 0.948746 0.371376 0.019485 0.034230
13 0.084440 0.370938 0.047736 0.012225
13 0.278365 0.445680 0.006959 0.105474
13 0.576297 0.370938 0.060659 0.012225
13 0.324604 0.544871 0.026070 0.012225
13 0.426433 0.657343 0.024162 0.229833
13 0.694295 0.371585 0.041726 0.012225
13 0.806352 0.371624 0.042376 0.012225
13 0.567322 0.872894 0.035219 0.113250
13 0.581432 0.229558 0.385985 0.238750
13 0.459318 0.872894 0.047176 0.113250
13 0.509982 0.794875 0.121365 0.012225
13 0.444239 0.370938 0.069846 0.012225
13 0.316601 0.371310 0.051818 0.012225
13 0.917370 0.371376 0.046049 0.012225
13 0.750161 0.371883 0.019901 0.012225
13 0.143310 0.371087 0.019900 0.012225
13 0.221071 0.229558 0.201125 0.238750
13 0.242853 0.371482 0.045574 0.012225
13 0.662197 0.595351 0.132959 0.403940
11 0.009325 0.500000 0.009743 0.088879
11 0.035212 0.477995 0.009743 0.071750
11 0.035212 0.133863 0.009743 0.088488
11 0.035212 0.844132 0.009743 0.083588
11 0.450336 0.745110 0.047506 0.030807
11 0.517405 0.926161 0.051072 0.069927
11 0.354906 0.111980 0.039451 0.034719
11 0.187428 0.371149 0.042700 0.069927
11 0.278260 0.327506 0.048517 0.014670
11 0.375783 0.369927 0.057801 0.069927
11 0.513053 0.369927 0.040512 0.034719
11 0.640223 0.369927 0.044802 0.034719
11 0.860821 0.371149 0.051757 0.034719
11 0.278358 0.544743 0.046645 0.034719
11 0.375783 0.544743 0.061282 0.034719
11 0.051584 0.414548 0.034970 0.046944
11 0.949627 0.406479 0.037041 0.030807
11 0.268892 0.365403 0.014472 0.014670
11 0.427127 0.804279 0.006654 0.014670
11 0.463743 0.777384 0.014472 0.014670
11 0.301170 0.354401 0.006654 0.014670
