8 0.500000 0.500000 0.991131 0.986607
9 0.511086 0.805246 0.968958 0.376116
9 0.511086 0.172433 0.968958 0.331473
9 0.511086 0.477679 0.968958 0.279018
3 0.389505 0.809152 0.073910 0.089286
3 0.877310 0.812500 0.073910 0.089286
5 0.799704 0.809152 0.029564 0.044643
2 0.957871 0.812500 0.020695 0.031250
0 0.056911 0.215402 0.022173 0.033482
3 0.134516 0.215402 0.073910 0.089286
5 0.223208 0.215402 0.029564 0.044643
3 0.308204 0.215402 0.073910 0.089286
4 0.393200 0.215402 0.029564 0.044643
3 0.522542 0.215402 0.073910 0.089286
3 0.644494 0.215402 0.073910 0.089286
3 0.522542 0.106027 0.073910 0.089286
4 0.729490 0.215402 0.029564 0.044643
3 0.629712 0.106027 0.073910 0.089286
3 0.736881 0.106027 0.073910 0.089286
3 0.855137 0.477679 0.073910 0.089286
13 0.082779 0.215402 0.032520 0.011161
13 0.189948 0.215749 0.039911 0.011161
13 0.288064 0.523438 0.131929 0.575893
13 0.254619 0.215755 0.036216 0.011161
13 0.361789 0.215752 0.036216 0.011161
13 0.446785 0.215730 0.080562 0.011161
13 0.583518 0.215402 0.050998 0.011161
13 0.698078 0.215752 0.036216 0.011161
13 0.576127 0.106027 0.036216 0.011161
13 0.683296 0.106027 0.036216 0.011161
13 0.605691 0.809446 0.361419 0.011161
13 0.831566 0.654576 0.050098 0.268973
13 0.799704 0.324498 0.113821 0.221540
13 0.869364 0.451256 0.194013 0.694923
13 0.827421 0.810698 0.028825 0.011161
13 0.930894 0.812500 0.036216 0.011161
13 0.439579 0.146205 0.094974 0.098214
13 0.760120 0.512277 0.063478 0.553571
11 0.009904 0.500000 0.010347 0.088076
11 0.032077 0.477679 0.010347 0.075559
11 0.032077 0.172433 0.010347 0.065504
11 0.032077 0.805246 0.010347 0.080784
11 0.389505 0.808705 0.041901 0.031696
11 0.878423 0.812054 0.052511 0.047768
11 0.135507 0.214955 0.042163 0.047768
11 0.308396 0.214955 0.046954 0.031696
11 0.523658 0.214955 0.050790 0.031696
11 0.645607 0.214955 0.057696 0.047768
11 0.523655 0.097545 0.065341 0.047768
11 0.630947 0.105580 0.047337 0.047768
11 0.736881 0.097545 0.047584 0.031696
11 0.856253 0.477232 0.054243 0.031696
11 0.441819 0.199665 0.052892 0.013393
11 0.789455 0.208147 0.050455 0.028125
11 0.383425 0.104799 0.052880 0.013393
11 0.720719 0.094308 0.050455 0.028125
