8 0.500117 0.499946 0.993398 0.987004
11 0.008908 0.537207 0.017966 0.422294
9 0.507603 0.507558 0.978426 0.615273
11 0.023879 0.519664 0.011977 0.137201
9 0.507603 0.904321 0.978426 0.178253
11 0.023879 0.918943 0.011977 0.165710
9 0.507603 0.103183 0.978426 0.193478
11 0.023879 0.117018 0.011977 0.156801
0 0.052301 0.314052 0.014972 0.032609
11 0.052301 0.340751 0.073050 0.025408
3 0.400991 0.314052 0.049905 0.086957
11 0.400991 0.321661 0.047353 0.110870
4 0.495531 0.314304 0.019962 0.043478
11 0.495531 0.350445 0.146678 0.027717
5 0.186660 0.314052 0.019962 0.043478
3 0.122266 0.314052 0.049905 0.086957
11 0.122266 0.319215 0.045620 0.083152
3 0.400991 0.569773 0.049905 0.086957
11 0.400991 0.572491 0.039268 0.055435
3 0.495531 0.569773 0.049905 0.086957
11 0.495531 0.572491 0.042156 0.055435
4 0.575240 0.569773 0.019962 0.043478
3 0.654118 0.428183 0.049905 0.086957
11 0.654118 0.430900 0.049085 0.055435
3 0.654118 0.569773 0.049905 0.086957
11 0.654118 0.572491 0.049085 0.055435
3 0.654118 0.721529 0.049905 0.086957
11 0.654118 0.724246 0.049085 0.055435
4 0.726826 0.569773 0.019962 0.043478
4 0.764547 0.314304 0.019962 0.043478
4 0.624175 0.314052 0.019962 0.043478
4 0.236478 0.314304 0.019962 0.043478
11 0.236478 0.266749 0.046775 0.027717
3 0.186660 0.904325 0.049905 0.086957
11 0.186660 0.904597 0.065255 0.027717
1 0.495531 0.904325 0.014972 0.032609
11 0.495531 0.931023 0.114869 0.025408
3 0.899082 0.904325 0.049905 0.086957
11 0.899082 0.909488 0.049085 0.083152
2 0.960824 0.904325 0.013973 0.030435
5 0.814365 0.904325 0.019962 0.043478
3 0.495531 0.103183 0.049905 0.086957
11 0.495531 0.105900 0.053128 0.055435
13 0.448261 0.569773 0.046631 0.010870
13 0.542871 0.570095 0.046771 0.010870
13 0.186781 0.598319 0.004991 0.529403
13 0.455747 0.313229 0.061603 0.010870
13 0.161949 0.314052 0.031456 0.010870
13 0.078550 0.314052 0.039524 0.010870
13 0.495668 0.219613 0.004991 0.150251
11 0.489323 0.232440 0.011378 0.027717
13 0.607193 0.569773 0.045941 0.010870
11 0.603412 0.557002 0.043311 0.027717
13 0.602327 0.488109 0.055672 0.124199
11 0.600696 0.415413 0.043311 0.027717
13 0.703121 0.488116 0.050097 0.124183
13 0.349829 0.904325 0.278428 0.010870
13 0.938936 0.904325 0.031800 0.010870
13 0.211569 0.314596 0.031852 0.010870
13 0.306249 0.452908 0.141574 0.238078
11 0.287896 0.585805 0.125889 0.027717
13 0.849238 0.904555 0.051779 0.010870
13 0.795102 0.598717 0.043144 0.572087
13 0.653700 0.904325 0.303364 0.010870
13 0.750951 0.453879 0.030284 0.240020
13 0.311249 0.314424 0.131575 0.010870
11 0.293335 0.301845 0.128800 0.028755
13 0.694361 0.313749 0.122407 0.010870
13 0.572848 0.197205 0.106725 0.194565
13 0.702945 0.655977 0.049745 0.133277
13 0.697957 0.570100 0.039770 0.010870
13 0.559853 0.313096 0.110678 0.010870
11 0.559052 0.300272 0.017538 0.027717
13 0.602327 0.656521 0.055672 0.134364
11 0.603717 0.736685 0.043311 0.027717
