8 0.499898 0.499503 0.991199 0.982899
9 0.510643 0.636811 0.969709 0.397613
9 0.510643 0.223029 0.969709 0.429950
9 0.510643 0.913285 0.969709 0.155336
5 0.297994 0.543839 0.028653 0.053691
4 0.297994 0.712698 0.028653 0.053691
3 0.457570 0.543839 0.071633 0.107383
3 0.457570 0.712698 0.071633 0.107383
4 0.574583 0.711204 0.028653 0.053691
4 0.700697 0.543839 0.028653 0.053691
3 0.700697 0.711204 0.104145 0.107383
5 0.574625 0.544407 0.028653 0.053691
0 0.090258 0.175839 0.021490 0.040268
3 0.196880 0.175839 0.084305 0.107383
5 0.297994 0.175839 0.028653 0.053691
4 0.361712 0.175839 0.028653 0.053691
3 0.457570 0.175839 0.071633 0.107383
3 0.457570 0.339195 0.071633 0.107383
3 0.574583 0.175839 0.071633 0.107383
3 0.700697 0.175839 0.071633 0.107383
3 0.872316 0.919020 0.071633 0.107383
2 0.950396 0.919020 0.020057 0.037584
13 0.127865 0.175839 0.056590 0.013423
13 0.261350 0.176265 0.047500 0.013423
13 0.329853 0.176510 0.037930 0.013423
13 0.298351 0.359839 0.007163 0.319678
13 0.367037 0.544221 0.112298 0.013423
13 0.298352 0.628268 0.007163 0.120537
13 0.526822 0.712212 0.069735 0.013423
13 0.526843 0.544921 0.069777 0.013423
13 0.574985 0.627806 0.007163 0.118474
13 0.516077 0.175839 0.048245 0.013423
13 0.637661 0.545095 0.100284 0.013423
13 0.597221 0.428094 0.210534 0.183168
13 0.637640 0.175839 0.057346 0.013423
13 0.740008 0.360174 0.052833 0.374040
13 0.924250 0.919020 0.035100 0.013423
13 0.391912 0.270940 0.062549 0.141879
13 0.367037 0.713080 0.112298 0.013423
13 0.436647 0.774052 0.279454 0.077373
13 0.398896 0.176251 0.048580 0.013423
13 0.700906 0.614099 0.007163 0.092197
13 0.768598 0.841958 0.138668 0.159494
11 0.014756 0.499329 0.010029 0.209039
11 0.036246 0.914094 0.010029 0.097158
11 0.036246 0.222819 0.010029 0.078780
11 0.036246 0.636242 0.010029 0.090874
11 0.245958 0.707248 0.039194 0.016107
11 0.457736 0.543087 0.040610 0.038121
11 0.457736 0.712215 0.040601 0.038121
11 0.700215 0.710872 0.086731 0.038121
11 0.089950 0.206577 0.059556 0.016107
11 0.198069 0.175302 0.065477 0.038121
11 0.342278 0.117987 0.024098 0.016107
11 0.458816 0.175302 0.060944 0.057450
11 0.458818 0.339060 0.049225 0.038121
11 0.575043 0.175302 0.040982 0.038121
11 0.701653 0.175302 0.048744 0.038121
11 0.873685 0.918926 0.041950 0.038121
11 0.950510 0.948859 0.050017 0.016107
11 0.383462 0.319329 0.016207 0.016107
11 0.341640 0.693826 0.017091 0.016107
11 0.342614 0.790470 0.021904 0.016107
11 0.390723 0.156913 0.016403 0.016107
