8 0.500000 0.500000 0.986014 0.985507
9 0.517483 0.158213 0.951049 0.301932
9 0.517483 0.460145 0.951049 0.301932
9 0.517483 0.706522 0.951049 0.190821
9 0.517483 0.897343 0.951049 0.190821
0 0.076923 0.158213 0.034965 0.036232
5 0.129371 0.248792 0.046620 0.048309
4 0.170163 0.399758 0.046620 0.048309
3 0.298368 0.399758 0.116550 0.096618
3 0.455711 0.399758 0.116550 0.096618
3 0.613054 0.399758 0.116550 0.096618
3 0.298368 0.526570 0.135198 0.096618
4 0.455711 0.526570 0.046620 0.048309
3 0.455711 0.706522 0.116550 0.096618
3 0.129371 0.897343 0.116550 0.096618
5 0.624709 0.897343 0.046620 0.048309
13 0.377040 0.399758 0.045455 0.012077
13 0.534382 0.399758 0.045455 0.012077
13 0.200758 0.475242 0.064685 0.107488
13 0.216783 0.400144 0.051282 0.012077
13 0.399184 0.526956 0.071096 0.012077
13 0.456043 0.604469 0.011655 0.112319
13 0.112179 0.191425 0.040210 0.071256
13 0.150350 0.324275 0.045455 0.107488
13 0.129673 0.560990 0.011655 0.580918
13 0.394522 0.897666 0.418415 0.012077
11 0.024009 0.500000 0.016317 0.029410
11 0.058974 0.897343 0.016317 0.087419
11 0.058974 0.706522 0.016317 0.081765
11 0.058974 0.460145 0.016317 0.070883
11 0.152945 0.123792 0.103092 0.030435
11 0.247214 0.358575 0.100488 0.014493
11 0.300127 0.399275 0.091383 0.051691
11 0.455711 0.399275 0.067251 0.034300
11 0.613054 0.399275 0.075036 0.034300
11 0.300129 0.526087 0.105751 0.051691
11 0.567144 0.487319 0.101654 0.030435
11 0.457472 0.706039 0.085537 0.051691
11 0.129371 0.896860 0.066074 0.034300
11 0.208370 0.382729 0.011145 0.014493
