8 0.495047 0.500000 0.981138 0.984906
9 0.506241 0.703145 0.958750 0.578616
9 0.517435 0.558491 0.936362 0.289308
9 0.517435 0.847799 0.936362 0.289308
9 0.506241 0.210692 0.958750 0.406289
3 0.503849 0.558491 0.074627 0.100629
4 0.589670 0.558491 0.029851 0.050314
3 0.675491 0.558491 0.074627 0.100629
3 0.503849 0.847799 0.074627 0.100629
5 0.799094 0.847799 0.029851 0.050314
3 0.884915 0.847799 0.074627 0.100629
2 0.966258 0.847799 0.020896 0.035220
0 0.094030 0.164780 0.022388 0.037736
3 0.176119 0.164780 0.074627 0.100629
4 0.429758 0.164780 0.029851 0.050314
1 0.503849 0.164780 0.022388 0.037736
3 0.503849 0.322013 0.074627 0.100629
5 0.298479 0.165083 0.029851 0.050314
5 0.589728 0.164780 0.029851 0.050314
3 0.675491 0.068177 0.074627 0.100629
3 0.675491 0.272656 0.074627 0.100629
3 0.675549 0.164780 0.074627 0.100629
5 0.753406 0.165083 0.029851 0.050314
3 0.839227 0.165083 0.074627 0.100629
13 0.122015 0.164780 0.036567 0.012579
13 0.248493 0.165329 0.073106 0.012579
13 0.448650 0.255975 0.038756 0.137107
13 0.470947 0.164780 0.046400 0.012579
13 0.503849 0.440252 0.007463 0.140881
13 0.557953 0.558885 0.036567 0.012579
13 0.621386 0.558889 0.036567 0.012579
13 0.364118 0.165561 0.104413 0.012579
13 0.382694 0.519019 0.170669 0.662590
13 0.662665 0.848136 0.245992 0.012579
13 0.830811 0.848197 0.036567 0.012579
13 0.939020 0.847799 0.036567 0.012579
13 0.544923 0.165079 0.062745 0.012579
13 0.614139 0.103900 0.051061 0.076477
13 0.614139 0.231296 0.051061 0.087750
13 0.621445 0.165178 0.036567 0.012579
13 0.733292 0.104051 0.043960 0.076780
13 0.725672 0.165377 0.028603 0.012579
13 0.733292 0.231448 0.043960 0.087447
13 0.785122 0.165481 0.036567 0.012579
13 0.756136 0.690566 0.089648 0.269182
13 0.694755 0.703145 0.212410 0.244025
13 0.819347 0.519019 0.042745 0.612276
11 0.015373 0.500000 0.010448 0.117890
11 0.037761 0.210692 0.010448 0.073826
11 0.037761 0.703145 0.010448 0.052437
11 0.060149 0.847799 0.010448 0.091048
11 0.060149 0.558491 0.010448 0.085159
11 0.504730 0.557987 0.058745 0.053836
11 0.676501 0.557987 0.054769 0.035723
11 0.503731 0.847296 0.042307 0.035723
11 0.885075 0.847296 0.048531 0.053836
11 0.966046 0.883648 0.058957 0.031698
11 0.095435 0.201887 0.040124 0.031698
11 0.177243 0.164277 0.052274 0.035723
11 0.505101 0.201887 0.057964 0.031698
11 0.504858 0.321509 0.051283 0.035723
11 0.676621 0.067421 0.044076 0.035723
11 0.676501 0.263396 0.044076 0.035723
11 0.676501 0.164277 0.044076 0.035723
11 0.839552 0.164277 0.062239 0.035723
11 0.450921 0.155849 0.018260 0.015094
