2 0.665691 0.024608 0.009333 0.009333
3 0.264667 0.195000 0.033333 0.026667
0 0.233333 0.070000 0.010000 0.010000
3 0.299556 0.070887 0.033333 0.026667
4 0.330000 0.070000 0.013333 0.013333
5 0.361667 0.056667 0.013333 0.013333
3 0.436667 0.123333 0.033333 0.026667
3 0.436667 0.056667 0.033333 0.026667
3 0.436667 0.088333 0.033333 0.026667
3 0.436667 0.023333 0.033333 0.026667
5 0.264667 0.069333 0.013333 0.013333
5 0.379347 0.123333 0.013333 0.013333
3 0.665691 0.061333 0.033333 0.026667
3 0.618125 0.061333 0.033333 0.026667
3 0.435920 0.176836 0.033333 0.020899
4 0.379347 0.150053 0.013333 0.013333
3 0.534137 0.056667 0.033333 0.026667
4 0.618125 0.123333 0.013333 0.013333
3 0.582342 0.123333 0.033333 0.026667
5 0.486667 0.056667 0.013333 0.013333
