8 0.500000 0.500000 0.991507 0.985965
9 0.510616 0.944444 0.970276 0.097076
9 0.510616 0.286550 0.970276 0.559064
9 0.510616 0.628655 0.970276 0.125146
9 0.510616 0.793567 0.970276 0.204678
0 0.067941 0.211696 0.021231 0.035088
3 0.145789 0.211696 0.070771 0.093567
4 0.230715 0.211696 0.028309 0.046784
3 0.639066 0.474854 0.070771 0.093567
5 0.347488 0.211696 0.028309 0.046784
3 0.447983 0.088889 0.070771 0.093567
3 0.447983 0.211696 0.070771 0.093567
3 0.449398 0.334503 0.070771 0.093567
3 0.639066 0.211696 0.070771 0.093567
3 0.741684 0.211696 0.070771 0.093567
2 0.836518 0.211696 0.019816 0.032749
5 0.230715 0.474854 0.028309 0.046784
5 0.543524 0.211696 0.028309 0.046784
3 0.639066 0.629240 0.070771 0.093567
2 0.927813 0.629240 0.019816 0.032749
3 0.844303 0.629240 0.070771 0.093567
5 0.761500 0.629240 0.028309 0.046784
3 0.639066 0.825731 0.070771 0.093567
4 0.347488 0.754386 0.028309 0.046784
13 0.094480 0.211696 0.034678 0.011696
13 0.198868 0.212060 0.038217 0.011696
13 0.380219 0.138596 0.067587 0.104094
13 0.387120 0.212051 0.053786 0.011696
13 0.380927 0.284795 0.069002 0.104094
13 0.513623 0.138596 0.063340 0.104094
13 0.506369 0.212052 0.048832 0.011696
13 0.514331 0.284795 0.061925 0.104094
13 0.580679 0.212055 0.048832 0.011696
13 0.690375 0.211696 0.034678 0.011696
13 0.801840 0.211696 0.052371 0.011696
13 0.231069 0.343275 0.007077 0.221053
13 0.289101 0.212281 0.091295 0.011696
13 0.424275 0.474854 0.361642 0.011696
13 0.230892 0.343275 0.007077 0.221053
13 0.417374 0.563743 0.375442 0.135673
13 0.282201 0.626608 0.105096 0.261404
13 0.710899 0.629582 0.075725 0.011696
13 0.561748 0.703801 0.403043 0.107018
13 0.475584 0.801754 0.259023 0.052632
13 0.792286 0.629609 0.036093 0.011696
13 0.898797 0.629240 0.041047 0.011696
13 0.718153 0.540351 0.090234 0.135673
11 0.014579 0.500000 0.009908 0.115847
11 0.035810 0.793567 0.009908 0.079183
11 0.035810 0.628655 0.009908 0.084658
11 0.035810 0.286550 0.009908 0.068645
11 0.068151 0.246199 0.048545 0.029474
11 0.146735 0.211228 0.039190 0.033216
11 0.236294 0.169006 0.043712 0.029474
11 0.639066 0.474386 0.046496 0.033216
11 0.447983 0.088421 0.044615 0.050058
11 0.447983 0.211228 0.044387 0.050058
11 0.449398 0.334035 0.045084 0.050058
11 0.639066 0.211228 0.040836 0.033216
11 0.741684 0.211228 0.045563 0.033216
11 0.837281 0.245029 0.035496 0.029474
11 0.545090 0.164327 0.034271 0.029474
11 0.639066 0.628772 0.040121 0.033216
11 0.844303 0.628772 0.060673 0.033216
11 0.763154 0.583041 0.055677 0.029474
11 0.640135 0.825263 0.051940 0.033216
11 0.348997 0.722222 0.048313 0.029474
11 0.287548 0.227953 0.052802 0.014035
11 0.202108 0.322222 0.043281 0.029474
11 0.579131 0.737895 0.016012 0.014035
11 0.491729 0.809240 0.008227 0.014035
