0 0.014841 0.119593 0.021201 0.076336
3 0.124382 0.119593 0.070671 0.203562
11 0.124382 0.120229 0.092408 0.064885
4 0.253534 0.119593 0.028269 0.101781
11 0.253534 0.036260 0.092408 0.064885
3 0.350530 0.119593 0.070671 0.203562
11 0.350530 0.137405 0.071146 0.259542
4 0.474205 0.119593 0.028269 0.101781
11 0.474205 0.036260 0.081777 0.064885
3 0.580212 0.119593 0.070671 0.203562
11 0.580212 0.125954 0.075235 0.129771
5 0.193464 0.119593 0.028269 0.101781
3 0.350530 0.564886 0.070671 0.203562
11 0.350530 0.576972 0.076053 0.194656
2 0.985866 0.120407 0.019788 0.071247
5 0.827562 0.119593 0.028269 0.101781
3 0.253534 0.882952 0.070671 0.203562
11 0.253534 0.895038 0.094861 0.194656
3 0.447526 0.882952 0.070671 0.203562
11 0.447526 0.900763 0.081777 0.259542
3 0.908834 0.120407 0.070671 0.203562
11 0.908834 0.132493 0.077688 0.194656
4 0.649121 0.118936 0.028269 0.101781
4 0.738342 0.120535 0.028269 0.101781
13 0.057244 0.119593 0.066431 0.025445
13 0.169523 0.119593 0.022439 0.025445
13 0.516608 0.120112 0.059364 0.025445
11 0.497695 0.090576 0.016155 0.065175
13 0.291432 0.120371 0.050353 0.025445
11 0.281689 0.090642 0.025412 0.065358
13 0.625267 0.118593 0.022266 0.025445
13 0.422968 0.120336 0.077032 0.025445
13 0.254506 0.372774 0.124204 0.414758
13 0.857597 0.120697 0.034629 0.025445
13 0.223499 0.119593 0.034629 0.025445
13 0.291432 0.120371 0.050353 0.025445
13 0.253723 0.475827 0.007067 0.620865
11 0.243946 0.129927 0.016991 0.137758
13 0.350530 0.882952 0.126147 0.025445
13 0.960071 0.120407 0.034629 0.025445
13 0.693731 0.121001 0.063779 0.025445
13 0.610159 0.527189 0.257421 0.721704
13 0.562016 0.277025 0.177743 0.224576
11 0.464664 0.132338 0.016961 0.120965
13 0.782952 0.121340 0.063779 0.025445
13 0.606891 0.367685 0.444876 0.404580
