8 0.499979 0.500312 0.983913 0.950305
9 0.519284 0.737889 0.945303 0.475152
9 0.519284 0.262736 0.945303 0.475152
0 0.141721 0.262514 0.038610 0.116732
3 0.283291 0.262514 0.128700 0.311284
4 0.431296 0.262514 0.051480 0.155642
2 0.867977 0.262514 0.036036 0.108949
4 0.755214 0.262514 0.051480 0.155642
1 0.596481 0.262514 0.038610 0.116732
13 0.189984 0.262514 0.063063 0.038911
13 0.376599 0.263735 0.063063 0.038911
13 0.815457 0.263425 0.074152 0.038911
13 0.517106 0.262514 0.125287 0.038911
13 0.672630 0.262514 0.118837 0.038911
11 0.026512 0.498054 0.018018 0.334813
11 0.065122 0.260700 0.018018 0.362134
11 0.065122 0.739300 0.018018 0.333544
11 0.141230 0.375486 0.081687 0.098054
11 0.283140 0.259144 0.103460 0.054475
11 0.431065 0.124125 0.087355 0.046693
11 0.473335 0.205837 0.012307 0.046693
