8 0.499979 0.499699 0.989781 0.978909
9 0.512702 0.499699 0.964336 0.444604
11 0.039864 0.518770 0.020356 0.216139
9 0.512702 0.855577 0.964336 0.267153
11 0.039865 0.865237 0.020356 0.109473
9 0.512702 0.143821 0.964336 0.267153
11 0.039865 0.161901 0.020356 0.204911
0 0.050891 0.417206 0.025445 0.051370
11 0.059372 0.346466 0.062977 0.120077
3 0.138764 0.417206 0.084818 0.136986
11 0.138764 0.417634 0.094220 0.043664
4 0.315104 0.417206 0.033927 0.068493
11 0.315952 0.362840 0.089313 0.043664
3 0.429488 0.605562 0.084818 0.136986
11 0.429488 0.613696 0.111887 0.130993
3 0.429488 0.417206 0.084818 0.136986
11 0.429488 0.429193 0.086369 0.174658
4 0.552473 0.417206 0.033927 0.068493
11 0.603776 0.421487 0.090294 0.087329
5 0.234501 0.417206 0.033927 0.068493
3 0.552473 0.605562 0.084818 0.136986
11 0.552473 0.613696 0.081461 0.130993
3 0.675459 0.605562 0.084818 0.136986
11 0.675459 0.609843 0.083424 0.087329
4 0.772484 0.502458 0.033927 0.068493
3 0.234501 0.847638 0.084818 0.136986
11 0.234501 0.851919 0.097165 0.087329
3 0.865191 0.847638 0.084818 0.136986
11 0.865191 0.855772 0.097165 0.130993
2 0.955727 0.847638 0.023749 0.047945
11 0.955727 0.900935 0.063877 0.080051
5 0.785936 0.847638 0.033927 0.068493
3 0.675459 0.157552 0.084818 0.136986
11 0.675459 0.161833 0.090294 0.087329
13 0.079984 0.417206 0.036135 0.017123
13 0.359573 0.417206 0.058404 0.017123
11 0.347937 0.397086 0.029153 0.043664
13 0.503703 0.417206 0.067006 0.017123
13 0.199355 0.417206 0.039757 0.017123
13 0.234542 0.615299 0.008482 0.334542
13 0.274803 0.415494 0.050068 0.017123
13 0.490981 0.605562 0.041561 0.017123
13 0.613966 0.605562 0.041561 0.017123
13 0.522941 0.847638 0.495455 0.017123
13 0.812841 0.847638 0.023275 0.017123
13 0.744765 0.312882 0.057188 0.317509
13 0.654209 0.476879 0.206015 0.057701
11 0.618884 0.480351 0.029153 0.043664
13 0.786952 0.675048 0.008482 0.283536
11 0.808976 0.428462 0.020488 0.451981
13 0.744765 0.571134 0.057188 0.075707
13 0.925726 0.847638 0.039646 0.017123
13 0.351304 0.528508 0.074944 0.160959
11 0.303653 0.432388 0.020356 0.036491
13 0.592974 0.270256 0.083545 0.232257
11 0.541124 0.340098 0.018684 0.043664
