8 0.500000 0.500000 0.990469 0.988142
9 0.511914 0.747036 0.966640 0.494071
9 0.511914 0.129447 0.966640 0.247036
9 0.511914 0.376482 0.966640 0.247036
3 0.291501 0.623518 0.079428 0.079051
2 0.969817 0.623518 0.022240 0.027668
3 0.839555 0.623518 0.079428 0.079051
5 0.748213 0.623518 0.031771 0.039526
0 0.076251 0.129447 0.023828 0.029644
3 0.291501 0.129447 0.079428 0.079051
4 0.382844 0.129447 0.031771 0.039526
3 0.458300 0.060277 0.079428 0.079051
3 0.458300 0.183794 0.079428 0.079051
3 0.640985 0.060277 0.079428 0.079051
3 0.625099 0.183794 0.079428 0.079051
3 0.823670 0.060277 0.079428 0.079051
6 0.549643 0.060277 0.031771 0.039526
6 0.732327 0.060277 0.031771 0.039526
5 0.169976 0.129447 0.031771 0.039526
3 0.573471 0.376482 0.079428 0.079051
13 0.121128 0.129682 0.069102 0.009881
13 0.349087 0.129757 0.038920 0.009881
13 0.515886 0.060587 0.038920 0.009881
13 0.561755 0.208498 0.026608 0.260870
13 0.698967 0.059289 0.038125 0.009881
13 0.766481 0.059772 0.038125 0.009881
13 0.399921 0.083498 0.040508 0.050395
13 0.399523 0.166996 0.041303 0.037549
13 0.916998 0.623518 0.078634 0.009881
13 0.583400 0.060590 0.038920 0.009881
13 0.659651 0.112401 0.013503 0.085474
13 0.218824 0.129650 0.069102 0.009881
13 0.541700 0.183794 0.090548 0.009881
13 0.777351 0.351779 0.056101 0.507905
13 0.532168 0.623518 0.405083 0.009881
13 0.783161 0.623012 0.036537 0.009881
13 0.210882 0.386364 0.084988 0.478261
13 0.673153 0.229743 0.123114 0.297431
11 0.016362 0.500000 0.011120 0.097869
11 0.040191 0.376482 0.011120 0.066898
11 0.040191 0.129447 0.011120 0.057995
11 0.040191 0.747036 0.011120 0.031319
11 0.291501 0.623123 0.045029 0.028063
11 0.840619 0.623123 0.052361 0.028063
11 0.107408 0.109190 0.070257 0.024901
11 0.292700 0.129051 0.055116 0.028063
11 0.363911 0.116502 0.047917 0.011858
11 0.458300 0.059881 0.053240 0.028063
11 0.459497 0.183399 0.044864 0.028063
11 0.642184 0.059881 0.054582 0.028063
11 0.626299 0.183399 0.066782 0.056522
11 0.824870 0.059881 0.062537 0.028063
11 0.549376 0.026581 0.056655 0.011858
11 0.574671 0.376087 0.058293 0.028063
11 0.539143 0.068083 0.007595 0.011858
11 0.580936 0.046344 0.016519 0.011858
