0 0.019626 0.338129 0.028037 0.071942
3 0.122430 0.338129 0.093458 0.191847
11 0.122430 0.344125 0.110307 0.122302
3 0.337383 0.110312 0.093458 0.191847
11 0.337383 0.110911 0.115714 0.061151
3 0.337383 0.601918 0.093458 0.191847
11 0.337383 0.602518 0.094085 0.061151
3 0.472897 0.110312 0.093458 0.191847
11 0.472897 0.116307 0.088678 0.122302
3 0.472897 0.601918 0.093458 0.191847
11 0.472897 0.607914 0.088678 0.122302
4 0.608411 0.601918 0.037383 0.095923
11 0.608411 0.523381 0.108144 0.061151
3 0.743925 0.601918 0.093458 0.191847
11 0.743925 0.607914 0.076782 0.122302
4 0.229907 0.338129 0.037383 0.095923
11 0.272377 0.338729 0.057316 0.061151
3 0.608411 0.110312 0.093458 0.191847
11 0.608411 0.116307 0.078945 0.122302
3 0.743925 0.110312 0.093458 0.191847
11 0.743925 0.116307 0.091923 0.122302
3 0.743925 0.889688 0.093458 0.191847
11 0.743925 0.895683 0.099493 0.122302
3 0.879439 0.601918 0.093458 0.191847
11 0.879439 0.607914 0.091923 0.122302
2 0.981308 0.601918 0.026168 0.067146
13 0.054673 0.338129 0.045794 0.023981
13 0.190187 0.338882 0.045794 0.023981
13 0.405140 0.110312 0.045794 0.023981
13 0.260514 0.494005 0.064019 0.225420
11 0.217290 0.348985 0.022430 0.121865
13 0.405140 0.601918 0.045794 0.023981
13 0.554673 0.602640 0.073832 0.023981
13 0.540654 0.110312 0.045794 0.023981
13 0.676168 0.110312 0.045794 0.023981
13 0.662150 0.602645 0.073832 0.023981
11 0.644928 0.574655 0.032161 0.061545
13 0.743925 0.745803 0.009346 0.105516
13 0.811682 0.601918 0.045794 0.023981
13 0.947196 0.601918 0.045794 0.023981
13 0.743925 0.356115 0.009346 0.309353
13 0.260514 0.200240 0.064019 0.189448
11 0.217290 0.247859 0.022430 0.157246
13 0.653037 0.769784 0.092056 0.249400
11 0.596248 0.736667 0.020587 0.061151
