8 0.499860 0.500073 0.989447 0.985511
9 0.512703 0.536865 0.963762 0.449340
9 0.512703 0.877182 0.963762 0.231293
9 0.512703 0.159756 0.963762 0.304878
0 0.073630 0.367073 0.025685 0.036585
3 0.291952 0.584706 0.085616 0.097561
3 0.407534 0.584706 0.085616 0.097561
3 0.291952 0.433421 0.085616 0.097561
3 0.523116 0.584706 0.085616 0.097561
2 0.894708 0.584706 0.023973 0.034146
5 0.797285 0.584706 0.034247 0.048780
5 0.073630 0.584706 0.034247 0.048780
4 0.138699 0.585135 0.034247 0.048780
4 0.650283 0.433421 0.034247 0.048780
4 0.386986 0.433421 0.034247 0.048780
4 0.718656 0.585135 0.034247 0.048780
3 0.291952 0.907877 0.085616 0.097561
3 0.433219 0.907877 0.085616 0.097561
3 0.487941 0.189945 0.085616 0.097561
13 0.362586 0.907877 0.059075 0.012195
13 0.349743 0.584706 0.033390 0.012195
13 0.465325 0.584706 0.033390 0.012195
13 0.636870 0.758487 0.325110 0.303659
13 0.106165 0.585527 0.034247 0.012195
13 0.161601 0.758487 0.178510 0.303659
13 0.073838 0.472841 0.008562 0.179828
13 0.202483 0.585314 0.096746 0.012195
13 0.193922 0.497083 0.113869 0.132202
13 0.848565 0.584706 0.071738 0.012195
13 0.352312 0.433630 0.038527 0.012195
13 0.416274 0.299488 0.061143 0.223963
13 0.590730 0.299488 0.123386 0.223963
13 0.757970 0.585533 0.047807 0.012195
13 0.518634 0.434030 0.232474 0.012195
13 0.633729 0.585292 0.139033 0.012195
13 0.693245 0.497388 0.055103 0.131592
11 0.017637 0.500000 0.011986 0.138281
11 0.043322 0.159756 0.011986 0.082562
11 0.043322 0.876829 0.011986 0.088272
11 0.043322 0.536585 0.011986 0.071575
11 0.073824 0.403049 0.075730 0.030732
11 0.292766 0.583659 0.040756 0.034634
11 0.408966 0.583659 0.054835 0.052195
11 0.293245 0.432439 0.058835 0.034634
11 0.523116 0.583659 0.055121 0.034634
11 0.894411 0.618902 0.069644 0.030732
11 0.213044 0.612805 0.066500 0.030732
11 0.458162 0.461585 0.058447 0.030732
11 0.291952 0.906829 0.048537 0.034634
11 0.433219 0.906829 0.055677 0.034634
11 0.489307 0.189756 0.062834 0.034634
11 0.166792 0.568171 0.009953 0.014634
11 0.127053 0.531585 0.017806 0.014634
11 0.375696 0.393780 0.009953 0.014634
11 0.420718 0.416951 0.017806 0.014634
