8 0.209670 0.134762 0.409340 0.257423
9 0.214670 0.131295 0.399340 0.079783
9 0.214670 0.217330 0.399340 0.092287
9 0.214670 0.070065 0.399340 0.042677
9 0.214670 0.027388 0.399340 0.042677
0 0.030000 0.132603 0.010000 0.010000
3 0.061000 0.132603 0.024667 0.026667
3 0.137667 0.151607 0.033333 0.026667
3 0.137667 0.114737 0.033333 0.026667
4 0.113467 0.132603 0.013333 0.013333
3 0.264717 0.151607 0.033333 0.026667
3 0.307067 0.151607 0.033333 0.026667
3 0.180017 0.114737 0.033333 0.026667
4 0.218417 0.114737 0.013333 0.013333
5 0.085317 0.132603 0.013333 0.013333
4 0.272867 0.114737 0.013333 0.013333
4 0.333367 0.114903 0.013333 0.013333
3 0.192923 0.249283 0.033333 0.026667
3 0.192923 0.217187 0.033333 0.026667
5 0.230517 0.217187 0.013333 0.013333
3 0.192117 0.187907 0.033333 0.026667
5 0.151867 0.217187 0.013333 0.013333
3 0.247000 0.072477 0.033333 0.026667
3 0.113467 0.029663 0.033333 0.026667
3 0.367567 0.029663 0.033333 0.026667
2 0.397917 0.029663 0.009333 0.009333
5 0.333367 0.029663 0.013333 0.013333
