8 0.500000 0.512470 0.988012 0.960808
9 0.514985 0.215558 0.958042 0.366983
9 0.514985 0.547506 0.958042 0.296912
9 0.514985 0.844418 0.958042 0.296912
0 0.095904 0.103325 0.029970 0.035629
3 0.205794 0.103325 0.099900 0.095012
4 0.320679 0.103325 0.039960 0.047506
3 0.515485 0.103325 0.099900 0.095012
3 0.515485 0.103325 0.099900 0.095012
3 0.320679 0.311164 0.099900 0.095012
3 0.660340 0.103325 0.099900 0.095012
3 0.805195 0.103325 0.099900 0.095012
2 0.904096 0.103325 0.027972 0.033254
3 0.320679 0.488124 0.099900 0.095012
4 0.610390 0.488124 0.039960 0.047506
3 0.725275 0.488124 0.099900 0.095012
5 0.435564 0.488359 0.039960 0.047506
3 0.435564 0.773159 0.099900 0.095012
3 0.835165 0.773159 0.099900 0.095012
5 0.725275 0.773159 0.039960 0.047506
2 0.949051 0.773159 0.027972 0.033254
13 0.133367 0.103325 0.048951 0.011876
13 0.278222 0.103698 0.048951 0.011876
13 0.403097 0.103669 0.128871 0.011876
13 0.320958 0.195368 0.009990 0.141330
13 0.403097 0.103669 0.128871 0.011876
13 0.587912 0.103325 0.048951 0.011876
13 0.732767 0.103325 0.048951 0.011876
13 0.320679 0.399644 0.009990 0.086698
13 0.393107 0.488644 0.048951 0.011876
13 0.652847 0.488500 0.048951 0.011876
13 0.522977 0.488836 0.138861 0.011876
13 0.435835 0.618882 0.009990 0.218292
13 0.595405 0.773486 0.223776 0.011876
13 0.765235 0.773539 0.043956 0.011876
13 0.725275 0.642518 0.009990 0.218527
13 0.610252 0.642518 0.009990 0.266033
13 0.873127 0.102732 0.037962 0.011876
13 0.910090 0.773159 0.053946 0.011876
11 0.020579 0.512470 0.013986 0.036803
11 0.050549 0.844418 0.013986 0.104963
11 0.050549 0.547506 0.013986 0.080405
11 0.050549 0.215558 0.013986 0.069705
11 0.095717 0.130523 0.075549 0.014252
11 0.207299 0.102850 0.083979 0.033729
11 0.516988 0.102850 0.063999 0.033729
11 0.322188 0.310689 0.068650 0.033729
11 0.660929 0.102850 0.058823 0.033729
11 0.805195 0.102850 0.064317 0.033729
11 0.322189 0.487648 0.073317 0.033729
11 0.726784 0.487648 0.073317 0.033729
11 0.435564 0.772684 0.056635 0.033729
11 0.836668 0.772684 0.074316 0.033729
11 0.306584 0.014133 0.083698 0.014252
11 0.389915 0.086580 0.074535 0.014252
11 0.643169 0.471378 0.011613 0.014252
