0 0.018574 0.073980 0.015060 0.038265
3 0.073795 0.073980 0.050201 0.102041
4 0.280734 0.073980 0.020080 0.051020
3 0.364569 0.073980 0.050201 0.102041
3 0.280734 0.456633 0.050201 0.102041
4 0.422300 0.073980 0.020080 0.051020
3 0.480031 0.073980 0.050201 0.102041
4 0.537762 0.073980 0.020080 0.051020
3 0.638164 0.068545 0.050201 0.102041
3 0.900932 0.456633 0.050201 0.102041
2 0.976355 0.456633 0.014056 0.035714
3 0.196899 0.941327 0.050201 0.102041
5 0.155364 0.073980 0.020080 0.051020
3 0.404161 0.456633 0.050201 0.102041
3 0.404161 0.616071 0.050201 0.102041
3 0.404161 0.793490 0.050201 0.102041
5 0.843201 0.456633 0.020080 0.051020
5 0.338465 0.456633 0.020080 0.051020
5 0.461892 0.456633 0.020080 0.051020
3 0.519623 0.460914 0.050201 0.102041
3 0.630500 0.460914 0.050201 0.102041
3 0.630500 0.620353 0.050201 0.102041
3 0.630500 0.797771 0.050201 0.102041
4 0.577354 0.456633 0.020080 0.051020
4 0.688231 0.460914 0.020080 0.051020
3 0.769548 0.456633 0.050201 0.102041
12 0.037400 0.073980 0.024598 0.012755
12 0.280868 0.252551 0.005020 0.311224
12 0.315122 0.073980 0.050703 0.012755
12 0.400965 0.074380 0.024598 0.012755
12 0.443636 0.074383 0.024598 0.012755
12 0.516427 0.074380 0.024598 0.012755
12 0.480282 0.190689 0.117470 0.187500
12 0.947679 0.456633 0.045302 0.012755
12 0.122110 0.074356 0.048436 0.012755
12 0.218049 0.074299 0.107298 0.012755
12 0.163706 0.520408 0.018192 0.846939
12 0.580433 0.073980 0.067269 0.012755
12 0.753358 0.249834 0.182196 0.367680
12 0.532725 0.711735 0.623461 0.464286
12 0.864536 0.457036 0.024598 0.012755
12 0.317130 0.457033 0.024598 0.012755
12 0.363783 0.457026 0.032564 0.012755
12 0.358888 0.549107 0.042353 0.139031
12 0.358888 0.637816 0.042353 0.316449
12 0.440557 0.457033 0.024598 0.012755
12 0.445703 0.549107 0.034890 0.139031
12 0.445703 0.637816 0.034890 0.316449
12 0.483228 0.459092 0.024598 0.012755
12 0.556019 0.459092 0.024598 0.012755
12 0.596397 0.459092 0.020014 0.012755
12 0.591503 0.551248 0.029803 0.143312
12 0.591503 0.639957 0.029803 0.320731
12 0.666896 0.461315 0.024598 0.012755
12 0.672042 0.553389 0.034890 0.139031
12 0.672042 0.642098 0.034890 0.316449
12 0.721442 0.459288 0.048350 0.012755
