8 0.500030 0.499884 0.989698 0.985797
9 0.512984 0.847264 0.963791 0.291036
9 0.512984 0.208847 0.963791 0.403725
9 0.512984 0.556228 0.963791 0.291036
3 0.144646 0.838184 0.086356 0.093132
5 0.576468 0.838184 0.034542 0.046566
3 0.721934 0.838184 0.086356 0.093132
2 0.857945 0.838184 0.024180 0.032596
0 0.077720 0.152503 0.025907 0.034924
3 0.245250 0.152503 0.086356 0.093132
4 0.346287 0.152503 0.034542 0.046566
5 0.436960 0.152503 0.034542 0.046566
3 0.531952 0.054715 0.086356 0.060536
3 0.531952 0.152503 0.086356 0.060536
3 0.531952 0.229336 0.086356 0.060536
3 0.721934 0.152503 0.086356 0.093132
5 0.631261 0.152503 0.034542 0.046566
3 0.806131 0.353900 0.086356 0.093132
3 0.346287 0.315483 0.086356 0.093132
5 0.145078 0.152503 0.034542 0.046566
4 0.531952 0.315483 0.034542 0.046566
5 0.436960 0.316065 0.034542 0.046566
4 0.146805 0.152503 0.034542 0.046566
4 0.346287 0.499418 0.034542 0.046566
3 0.473230 0.499418 0.086356 0.093132
6 0.576468 0.626426 0.034542 0.046566
12 0.308722 0.152867 0.044041 0.011641
12 0.391623 0.152503 0.059585 0.011641
12 0.463083 0.091967 0.054836 0.079162
12 0.471503 0.152875 0.037997 0.011641
12 0.463083 0.202561 0.054836 0.058207
12 0.603411 0.091967 0.060017 0.079162
12 0.594560 0.152868 0.042314 0.011641
12 0.603411 0.202561 0.060017 0.058207
12 0.663644 0.152879 0.033679 0.011641
12 0.346534 0.222352 0.008636 0.097788
12 0.396805 0.499770 0.069948 0.011641
12 0.109240 0.152774 0.040587 0.011641
12 0.182211 0.152871 0.043178 0.011641
12 0.145093 0.483702 0.008636 0.620489
12 0.373510 0.838492 0.374827 0.011641
12 0.546654 0.551281 0.063946 0.108382
12 0.699935 0.513737 0.215846 0.231199
12 0.576900 0.732305 0.008636 0.169849
12 0.636248 0.838528 0.088472 0.011641
12 0.805484 0.838184 0.084197 0.011641
12 0.452958 0.574854 0.215933 0.108964
12 0.647668 0.346333 0.234024 0.019790
12 0.404577 0.316619 0.033679 0.011641
12 0.484456 0.316668 0.063903 0.011641
12 0.392055 0.407742 0.094128 0.141444
12 0.635579 0.257567 0.176166 0.121653
12 0.110104 0.152774 0.042314 0.011641
