8 0.500000 0.500000 0.992053 0.984252
9 0.509934 0.500000 0.972185 0.328084
9 0.509934 0.171916 0.972185 0.328084
9 0.509934 0.828084 0.972185 0.328084
4 0.303974 0.500000 0.026490 0.052493
3 0.416556 0.404856 0.066225 0.104987
3 0.227815 0.500000 0.066225 0.104987
3 0.512583 0.404856 0.066225 0.104987
3 0.608609 0.404856 0.066225 0.104987
4 0.486093 0.568898 0.026490 0.052493
4 0.701325 0.568898 0.026490 0.052493
4 0.727152 0.404856 0.026490 0.052493
0 0.053642 0.404856 0.019868 0.039370
5 0.129139 0.404856 0.026490 0.052493
3 0.416556 0.568898 0.066225 0.104987
3 0.303974 0.119423 0.066225 0.104987
5 0.727152 0.119423 0.026490 0.052493
3 0.799338 0.119423 0.066225 0.104987
2 0.909272 0.119423 0.018543 0.036745
3 0.568874 0.775591 0.066225 0.104987
12 0.089735 0.405168 0.054967 0.013123
12 0.343874 0.439304 0.081788 0.074147
12 0.162086 0.465551 0.067881 0.074147
12 0.275828 0.500412 0.032450 0.013123
12 0.464570 0.404856 0.032450 0.013123
12 0.560596 0.404856 0.032450 0.013123
12 0.525497 0.119766 0.379470 0.013123
12 0.343709 0.547572 0.082119 0.047900
12 0.511093 0.685367 0.051987 0.185696
12 0.866225 0.119423 0.070199 0.013123
12 0.651821 0.685367 0.102318 0.185696
12 0.677815 0.405238 0.074834 0.013123
12 0.721026 0.500328 0.015563 0.143701
12 0.727483 0.262139 0.006623 0.238189
12 0.753311 0.120079 0.028477 0.013123
12 0.200166 0.249016 0.144040 0.264436
12 0.461258 0.568898 0.025828 0.013123
12 0.593709 0.569554 0.191391 0.013123
