8 0.205319 0.162500 0.410637 0.195667
9 0.210319 0.156000 0.400637 0.100667
9 0.210319 0.233333 0.400637 0.054000
9 0.210319 0.085167 0.400637 0.041000
0 0.029711 0.139000 0.010000 0.010000
3 0.091667 0.139000 0.033333 0.026667
4 0.124000 0.139000 0.013333 0.013333
3 0.236667 0.139000 0.033333 0.026667
3 0.216667 0.184000 0.033333 0.026667
4 0.322937 0.139000 0.013333 0.013333
3 0.196333 0.139636 0.033333 0.026667
5 0.297937 0.139000 0.013333 0.013333
4 0.269604 0.139000 0.013333 0.013333
5 0.053333 0.139000 0.013333 0.013333
3 0.357937 0.237333 0.033333 0.026667
3 0.053333 0.239000 0.033333 0.026667
2 0.402937 0.237333 0.009333 0.009333
3 0.357937 0.085333 0.033333 0.026667
