8 0.500000 0.500000 0.985882 0.985899
9 0.517647 0.300823 0.950588 0.587544
9 0.517647 0.700353 0.950588 0.211516
9 0.517647 0.899530 0.950588 0.186839
0 0.095294 0.171563 0.035294 0.035253
3 0.224706 0.171563 0.117647 0.094007
4 0.360000 0.171563 0.047059 0.047004
3 0.612941 0.300823 0.117647 0.094007
3 0.454118 0.095182 0.117647 0.094007
3 0.760588 0.142186 0.095294 0.047004
4 0.595294 0.095182 0.047059 0.047004
3 0.745294 0.054054 0.095294 0.047004
3 0.760588 0.230317 0.095294 0.047004
4 0.877647 0.142186 0.047059 0.047004
2 0.958824 0.142186 0.032941 0.032902
4 0.454118 0.465335 0.047059 0.047004
5 0.454118 0.247944 0.047059 0.047004
5 0.843529 0.324324 0.047059 0.047004
3 0.454118 0.341951 0.117647 0.094007
3 0.454118 0.729730 0.117647 0.094007
3 0.224706 0.905993 0.117647 0.094007
12 0.139412 0.171563 0.057647 0.011751
12 0.310000 0.171932 0.057647 0.011751
12 0.377941 0.121622 0.039412 0.057579
12 0.542259 0.095182 0.063342 0.011751
12 0.664706 0.113396 0.098824 0.036428
12 0.648416 0.064630 0.093756 0.018801
12 0.838235 0.092244 0.085882 0.055229
12 0.832353 0.138660 0.043529 0.011751
12 0.843529 0.196827 0.070588 0.062280
12 0.921176 0.143361 0.044706 0.011751
12 0.454439 0.585781 0.011765 0.198590
12 0.655882 0.171563 0.118824 0.110458
12 0.661176 0.407168 0.369412 0.118684
12 0.745882 0.312867 0.152941 0.028790
12 0.394829 0.221640 0.073872 0.052608
12 0.516471 0.275558 0.080000 0.052879
12 0.913529 0.245006 0.095294 0.168038
12 0.677059 0.542303 0.332941 0.379553
12 0.454706 0.415394 0.011765 0.057579
12 0.454118 0.282627 0.011765 0.027064
12 0.624118 0.615746 0.671765 0.587544
12 0.280588 0.525633 0.116471 0.671413
