8 0.255000 0.132667 0.480000 0.235333
9 0.260000 0.132667 0.470000 0.078444
9 0.260000 0.054222 0.470000 0.078444
9 0.260000 0.211111 0.470000 0.078444
3 0.314333 0.132720 0.033333 0.026667
4 0.378333 0.132667 0.013333 0.013333
0 0.045000 0.054222 0.010000 0.010000
3 0.104000 0.054222 0.048000 0.026667
4 0.141667 0.054222 0.013333 0.013333
3 0.211833 0.033333 0.043000 0.026667
5 0.066667 0.054222 0.013333 0.013333
3 0.260000 0.033333 0.033333 0.026667
3 0.306667 0.033333 0.033333 0.026667
3 0.209833 0.075000 0.043000 0.026667
4 0.271667 0.075000 0.013333 0.013333
3 0.113167 0.211164 0.043000 0.026667
5 0.378333 0.211164 0.013333 0.013333
3 0.411667 0.211164 0.033333 0.026667
2 0.449667 0.211222 0.009333 0.009333
