8 0.500000 0.500184 0.993322 0.985022
9 0.508347 0.743150 0.976628 0.499088
9 0.508347 0.372123 0.976628 0.242967
9 0.508347 0.129156 0.976628 0.242967
3 0.175595 0.780051 0.055648 0.102302
3 0.308918 0.627877 0.055648 0.102302
5 0.103350 0.780051 0.022259 0.051151
4 0.247782 0.780051 0.022259 0.051151
3 0.308292 0.896419 0.055648 0.102302
3 0.400111 0.896419 0.055648 0.102302
3 0.500278 0.896419 0.055648 0.102302
4 0.547757 0.742967 0.022259 0.051151
4 0.625529 0.742967 0.022259 0.051151
4 0.747741 0.742967 0.022259 0.051151
0 0.056127 0.780051 0.016694 0.038363
3 0.175595 0.372123 0.055648 0.102302
3 0.897757 0.372123 0.055648 0.102302
5 0.824151 0.372123 0.022259 0.051151
2 0.966605 0.372123 0.015582 0.035806
3 0.686664 0.129156 0.055648 0.102302
12 0.642323 0.423274 0.035259 0.593350
12 0.731253 0.423274 0.035757 0.593350
12 0.686635 0.743606 0.102179 0.012788
12 0.078347 0.780350 0.029972 0.012788
12 0.125700 0.563299 0.046369 0.387468
12 0.131125 0.780446 0.035518 0.012788
12 0.220036 0.780443 0.035459 0.012788
12 0.264264 0.851023 0.034633 0.095908
12 0.354201 0.896419 0.038397 0.012788
12 0.450195 0.896419 0.046745 0.012788
12 0.442389 0.672634 0.213520 0.094629
12 0.538069 0.832481 0.022159 0.132992
12 0.586643 0.743606 0.057738 0.012788
12 0.942198 0.372123 0.035459 0.012788
12 0.791650 0.570652 0.067785 0.351023
12 0.852607 0.372516 0.036878 0.012788
12 0.508221 0.372451 0.611828 0.012788
12 0.264577 0.691176 0.035259 0.131714
