8 0.500000 0.500000 0.989831 0.985276
9 0.512712 0.240207 0.964407 0.465690
9 0.512712 0.886219 0.964407 0.212838
9 0.512712 0.626426 0.964407 0.306748
0 0.087288 0.188957 0.025424 0.036810
3 0.180508 0.188957 0.084746 0.098160
4 0.277966 0.188957 0.033898 0.049080
3 0.333051 0.330061 0.084746 0.098160
3 0.455508 0.188957 0.067373 0.069939
4 0.455508 0.313497 0.033898 0.049080
4 0.333051 0.434356 0.033898 0.049080
3 0.455508 0.626426 0.084746 0.098160
12 0.119068 0.188957 0.041525 0.012270
12 0.241949 0.189342 0.041525 0.012270
12 0.358369 0.189294 0.130297 0.012270
12 0.455737 0.256442 0.008475 0.069939
12 0.456004 0.456158 0.008475 0.247285
12 0.305720 0.247239 0.058051 0.072393
12 0.333311 0.394479 0.008475 0.035583
