8 0.500000 0.500000 0.991543 0.980922
9 0.510571 0.559618 0.970402 0.305246
9 0.510571 0.851351 0.970402 0.278219
9 0.510571 0.208267 0.970402 0.397456
3 0.428471 0.605723 0.070472 0.127186
4 0.541226 0.605723 0.028189 0.063593
3 0.653982 0.500795 0.070472 0.127186
4 0.763214 0.605723 0.028189 0.063593
3 0.481325 0.861685 0.070472 0.127186
3 0.705426 0.861685 0.070472 0.127186
0 0.057082 0.208267 0.021142 0.047695
3 0.530655 0.120827 0.070472 0.127186
4 0.322763 0.208267 0.028189 0.063593
3 0.428471 0.319555 0.070472 0.127186
3 0.671600 0.120827 0.070472 0.127186
3 0.229739 0.208267 0.070472 0.127186
5 0.134602 0.208267 0.028189 0.063593
2 0.923185 0.208267 0.019732 0.044515
4 0.801973 0.208267 0.028189 0.063593
5 0.861875 0.208267 0.028189 0.063593
3 0.428471 0.120827 0.070472 0.127186
13 0.358305 0.148649 0.072678 0.062003
13 0.428471 0.462639 0.007047 0.165342
13 0.580162 0.537361 0.079986 0.079491
13 0.726392 0.537361 0.077167 0.079491
13 0.094080 0.208267 0.055673 0.015898
13 0.286822 0.208753 0.046512 0.015898
13 0.358175 0.279809 0.072939 0.085851
13 0.171600 0.208267 0.048626 0.015898
13 0.601128 0.120827 0.073291 0.015898
13 0.290521 0.550874 0.313953 0.627981
13 0.754581 0.148649 0.098309 0.062003
13 0.495419 0.605723 0.066244 0.015898
13 0.791226 0.423291 0.030655 0.372814
13 0.593376 0.861685 0.156448 0.015898
13 0.831924 0.209062 0.034531 0.015898
13 0.894644 0.208267 0.040169 0.015898
13 0.801445 0.550874 0.124383 0.627981
13 0.652220 0.606518 0.196617 0.015898
13 0.479563 0.120827 0.034531 0.015898
11 0.014517 0.500000 0.009866 0.146851
11 0.035659 0.208267 0.009866 0.093309
11 0.035659 0.851351 0.009866 0.115076
11 0.035659 0.559618 0.009866 0.107633
11 0.428471 0.605087 0.053592 0.045151
11 0.587831 0.643084 0.048108 0.040064
11 0.655046 0.500159 0.051720 0.045151
11 0.481325 0.861049 0.039952 0.045151
11 0.705426 0.861049 0.045829 0.068045
11 0.057242 0.255167 0.062335 0.040064
11 0.530655 0.120191 0.040663 0.045151
11 0.373387 0.245628 0.054737 0.040064
11 0.429535 0.318919 0.048428 0.045151
11 0.671600 0.120191 0.045371 0.045151
11 0.229739 0.207631 0.032657 0.045151
11 0.922943 0.253577 0.044618 0.040064
11 0.429531 0.120191 0.045146 0.045151
11 0.313447 0.157234 0.006739 0.019078
11 0.531933 0.553100 0.008192 0.019078
11 0.313117 0.200159 0.015944 0.019078
11 0.568931 0.584897 0.015944 0.019078
