8 0.500000 0.500000 0.991379 0.986317
9 0.510776 0.434436 0.969828 0.285063
9 0.510776 0.785063 0.969828 0.416192
9 0.510776 0.149373 0.969828 0.285063
3 0.676006 0.434436 0.071839 0.091220
0 0.068966 0.736602 0.021552 0.034208
3 0.191092 0.736602 0.071839 0.091220
4 0.266523 0.736602 0.028736 0.045610
3 0.382902 0.651083 0.084770 0.091220
3 0.503592 0.651083 0.071839 0.091220
4 0.589799 0.651083 0.028736 0.045610
4 0.762213 0.651083 0.028736 0.045610
5 0.115661 0.736602 0.028736 0.045610
4 0.826868 0.651083 0.028736 0.045610
3 0.382902 0.805017 0.071839 0.091220
3 0.503592 0.805017 0.071839 0.091220
4 0.611351 0.805017 0.028736 0.045610
3 0.690374 0.736032 0.057471 0.051311
3 0.690374 0.804447 0.057471 0.051311
3 0.690374 0.887685 0.057471 0.051311
4 0.762213 0.805017 0.028736 0.045610
3 0.406609 0.149373 0.071839 0.091220
5 0.826868 0.149373 0.028736 0.045610
3 0.902299 0.149373 0.071839 0.091220
2 0.984195 0.149373 0.020115 0.031927
12 0.090517 0.736863 0.024425 0.011403
12 0.239583 0.736967 0.028017 0.011403
12 0.303700 0.682440 0.076509 0.067275
12 0.446480 0.651083 0.045259 0.011403
12 0.557471 0.651438 0.038793 0.011403
12 0.737249 0.531357 0.053520 0.198404
12 0.676006 0.651653 0.146552 0.011403
12 0.142601 0.736970 0.028017 0.011403
12 0.243355 0.431585 0.257543 0.568985
12 0.627514 0.149672 0.372845 0.011403
12 0.853807 0.149741 0.028017 0.011403
12 0.615122 0.531357 0.052802 0.198404
12 0.306932 0.782212 0.082974 0.050171
12 0.636674 0.759122 0.052802 0.050741
12 0.443247 0.805017 0.051724 0.011403
12 0.568247 0.805358 0.060345 0.011403
12 0.636674 0.857754 0.052802 0.064424
12 0.643678 0.805124 0.038793 0.011403
12 0.740841 0.759122 0.046336 0.050741
12 0.733477 0.805128 0.031609 0.011403
12 0.740841 0.857754 0.046336 0.064424
12 0.801904 0.739738 0.053520 0.136260
12 0.794540 0.651653 0.038793 0.011403
12 0.827227 0.400228 0.007184 0.460661
12 0.956178 0.149373 0.038793 0.011403
