0 0.015108 0.078498 0.021583 0.051195
3 0.126619 0.078498 0.071942 0.136519
4 0.227338 0.078498 0.028777 0.068259
3 0.396403 0.078498 0.071942 0.136519
3 0.396403 0.460751 0.071942 0.136519
5 0.274101 0.460751 0.028777 0.068259
3 0.396403 0.674061 0.071942 0.136519
3 0.396403 0.921502 0.071942 0.136519
3 0.599640 0.078498 0.071942 0.136519
3 0.599640 0.247440 0.071942 0.136519
3 0.774101 0.078498 0.071942 0.136519
5 0.691367 0.078498 0.028777 0.068259
3 0.878417 0.078498 0.071942 0.136519
2 0.985612 0.078498 0.020144 0.047782
3 0.599640 0.460751 0.071942 0.136519
5 0.498022 0.460751 0.028777 0.068259
13 0.301079 0.078980 0.121583 0.017065
13 0.187770 0.079014 0.053237 0.017065
13 0.058273 0.078498 0.067626 0.017065
13 0.317446 0.584471 0.088849 0.186007
13 0.317446 0.708191 0.088849 0.433447
13 0.294065 0.286689 0.135612 0.354949
13 0.528597 0.079003 0.073022 0.017065
13 0.521583 0.180034 0.087050 0.141638
13 0.448561 0.079034 0.035252 0.017065
13 0.663669 0.180034 0.058993 0.141638
13 0.656295 0.079023 0.044245 0.017065
13 0.721942 0.079039 0.035252 0.017065
13 0.826259 0.078498 0.035252 0.017065
13 0.944964 0.078498 0.064029 0.017065
13 0.465378 0.708191 0.068885 0.433447
13 0.465378 0.584471 0.068885 0.186007
13 0.458004 0.461266 0.054137 0.017065
13 0.538040 0.461270 0.054137 0.017065
13 0.663669 0.286689 0.058993 0.354949
11 0.126619 0.077816 0.056860 0.073038
11 0.268267 0.118601 0.060274 0.043003
11 0.397600 0.077816 0.052788 0.073038
11 0.397488 0.460068 0.045605 0.048464
11 0.307149 0.489590 0.048831 0.020478
11 0.397488 0.673379 0.045605 0.048464
11 0.397488 0.920819 0.045605 0.048464
11 0.600000 0.077816 0.047266 0.048464
11 0.601086 0.246758 0.041659 0.048464
11 0.513911 0.118601 0.049404 0.043003
11 0.775187 0.077816 0.041659 0.048464
11 0.879503 0.077816 0.041659 0.048464
11 0.600000 0.460068 0.062389 0.048464
