0 0.050000 0.035000 0.010000 0.010000
3 0.106667 0.035000 0.033333 0.026667
3 0.201333 0.084000 0.033333 0.026667
4 0.154167 0.035000 0.013333 0.013333
3 0.421667 0.035000 0.033333 0.026667
4 0.328333 0.035000 0.013333 0.013333
3 0.201333 0.133000 0.033333 0.026667
3 0.290000 0.035000 0.033333 0.026667
3 0.192333 0.202667 0.033333 0.026667
2 0.458000 0.035000 0.009333 0.009333
3 0.154167 0.084000 0.033333 0.026667
4 0.211917 0.035000 0.013333 0.013333
5 0.076667 0.035000 0.013333 0.013333
3 0.249667 0.063333 0.033333 0.026667
5 0.370000 0.035000 0.013333 0.013333
4 0.249667 0.035086 0.013333 0.013333
