8 0.500000 0.500000 0.988000 0.984252
9 0.515000 0.171916 0.958000 0.328084
9 0.515000 0.500000 0.958000 0.328084
9 0.515000 0.828084 0.958000 0.328084
0 0.126000 0.224409 0.030000 0.039370
4 0.206000 0.224409 0.040000 0.052493
3 0.321000 0.224409 0.100000 0.104987
4 0.436000 0.224409 0.040000 0.052493
2 0.815000 0.224409 0.028000 0.036745
3 0.321000 0.099738 0.100000 0.104987
3 0.466000 0.099738 0.100000 0.104987
3 0.611000 0.099738 0.100000 0.104987
5 0.436500 0.388451 0.040000 0.052493
3 0.566000 0.500000 0.100000 0.104987
5 0.716000 0.447507 0.040000 0.052493
3 0.515000 0.788714 0.100000 0.104987
13 0.163500 0.224715 0.049000 0.013123
13 0.248500 0.224825 0.049000 0.013123
13 0.393500 0.224821 0.049000 0.013123
13 0.628500 0.224733 0.349000 0.013123
13 0.436500 0.306430 0.010000 0.116798
13 0.238750 0.148950 0.068500 0.103675
13 0.393500 0.099738 0.049000 0.013123
13 0.538500 0.099738 0.049000 0.013123
13 0.731000 0.162073 0.144000 0.129921
13 0.504250 0.417979 0.099500 0.064304
13 0.451000 0.601706 0.032000 0.379265
13 0.640750 0.631234 0.155500 0.320210
13 0.656000 0.474081 0.084000 0.057087
13 0.758750 0.322835 0.088500 0.202100
11 0.020600 0.500000 0.014000 0.094101
11 0.050600 0.828084 0.014000 0.094991
11 0.050600 0.500000 0.014000 0.088847
11 0.050600 0.171916 0.014000 0.077023
11 0.207367 0.264961 0.080734 0.015748
11 0.322510 0.223885 0.068719 0.037270
11 0.436664 0.179659 0.071328 0.015748
11 0.815218 0.253150 0.080436 0.015748
11 0.322509 0.099213 0.078406 0.056168
11 0.466000 0.099213 0.081057 0.056168
11 0.612511 0.099213 0.059719 0.037270
11 0.567511 0.499475 0.073391 0.037270
11 0.515000 0.788189 0.056691 0.037270
