8 0.499843 0.499842 0.992313 0.988970
11 0.010733 0.525542 0.015375 0.291266
9 0.509452 0.529565 0.973094 0.309841
11 0.029952 0.540930 0.015375 0.128801
9 0.509452 0.190001 0.973094 0.369287
11 0.029952 0.199945 0.015375 0.112701
9 0.509452 0.839406 0.973094 0.309841
11 0.029952 0.851417 0.015375 0.136119
3 0.272902 0.570180 0.064061 0.071429
11 0.272902 0.572412 0.068198 0.045536
4 0.186419 0.465179 0.025625 0.035714
11 0.156640 0.447768 0.068198 0.045536
0 0.048687 0.189786 0.019218 0.026786
4 0.142380 0.189786 0.025625 0.035714
11 0.139817 0.144474 0.088954 0.022768
3 0.261534 0.189786 0.064061 0.071429
11 0.261534 0.192019 0.050407 0.045536
1 0.375400 0.189786 0.019218 0.026786
11 0.370916 0.152789 0.110081 0.020871
3 0.474696 0.190179 0.064061 0.071429
11 0.474696 0.192411 0.054114 0.045536
3 0.567585 0.190179 0.064061 0.071429
11 0.567585 0.192411 0.063009 0.045536
3 0.261534 0.282143 0.064061 0.071429
11 0.261534 0.284375 0.060785 0.045536
5 0.186419 0.282143 0.025625 0.035714
5 0.090327 0.190179 0.025625 0.035714
3 0.272902 0.764286 0.064061 0.071429
11 0.272902 0.764509 0.083765 0.022768
3 0.820628 0.764286 0.064061 0.071429
11 0.820628 0.766518 0.063009 0.045536
5 0.676489 0.764286 0.025625 0.035714
2 0.941704 0.764286 0.017937 0.025000
11 0.941704 0.785324 0.069989 0.020871
13 0.192348 0.190046 0.076874 0.008929
11 0.163473 0.179668 0.014133 0.022819
13 0.329678 0.189786 0.074789 0.008929
13 0.413837 0.189938 0.060218 0.008929
13 0.521140 0.190179 0.031390 0.008929
13 0.214367 0.282424 0.032835 0.008929
13 0.186739 0.373661 0.006406 0.150893
13 0.116353 0.191087 0.028991 0.008929
13 0.067905 0.190170 0.021781 0.008929
13 0.165759 0.486161 0.152787 0.559821
13 0.485187 0.514286 0.385807 0.467857
13 0.490871 0.658304 0.374439 0.179820
13 0.484305 0.764519 0.361307 0.008929
13 0.738949 0.764539 0.101858 0.008929
13 0.638213 0.468304 0.079757 0.559821
13 0.438020 0.606027 0.480141 0.284375
11 0.211522 0.455580 0.022019 0.022768
13 0.213805 0.526608 0.056694 0.090716
11 0.177771 0.473095 0.015375 0.019027
13 0.892697 0.764286 0.082639 0.008929
13 0.158153 0.245050 0.033469 0.078384
11 0.133732 0.194259 0.015375 0.042446
