8 0.500000 0.403922 0.990172 0.439216
8 0.500000 0.843137 0.990172 0.298039
8 0.500000 0.047059 0.990172 0.078431
3 0.144144 0.403922 0.081900 0.104575
0 0.066339 0.403922 0.024570 0.039216
1 0.557740 0.403922 0.024570 0.039216
3 0.660115 0.256209 0.081900 0.104575
4 0.660115 0.403922 0.032760 0.052288
1 0.832105 0.403922 0.024570 0.039216
0 0.144144 0.811765 0.024570 0.039216
3 0.254709 0.811765 0.081900 0.104575
4 0.352989 0.811765 0.032760 0.052288
3 0.475839 0.811765 0.081900 0.104575
3 0.832105 0.903268 0.081900 0.104575
3 0.610975 0.903268 0.081900 0.104575
3 0.832105 0.766013 0.081900 0.104575
2 0.937756 0.766013 0.022932 0.036601
10 0.144144 0.208497 0.072072 0.126797
13 0.144144 0.624183 0.008190 0.341176
13 0.185094 0.811765 0.060606 0.013072
13 0.090500 0.403922 0.028665 0.013072
13 0.088442 0.229503 0.042609 0.020062
13 0.068775 0.237255 0.008190 0.299346
13 0.316134 0.812172 0.044226 0.013072
13 0.402129 0.812158 0.068796 0.013072
13 0.461712 0.870588 0.219902 0.070588
13 0.721540 0.920697 0.142506 0.013072
13 0.576167 0.637255 0.040131 0.432680
13 0.832105 0.834641 0.008190 0.037908
13 0.606880 0.404234 0.076986 0.013072
13 0.899672 0.766013 0.056511 0.013072
13 0.365274 0.403922 0.363636 0.013072
13 0.511731 0.591503 0.074504 0.341176
13 0.660510 0.343137 0.008190 0.074510
13 0.660115 0.145098 0.008190 0.122876
13 0.748157 0.403922 0.146601 0.013072
11 0.016871 0.403922 0.011466 0.149980
11 0.145375 0.403399 0.049178 0.055948
11 0.661352 0.255686 0.055193 0.055948
11 0.680065 0.482484 0.066109 0.050196
11 0.682049 0.361961 0.007832 0.015686
11 0.691563 0.385490 0.017033 0.015686
11 0.016871 0.843137 0.011466 0.162173
11 0.254709 0.811242 0.033590 0.037124
11 0.356873 0.764052 0.047080 0.032941
11 0.477076 0.811242 0.061195 0.055948
11 0.832105 0.902745 0.068012 0.018301
11 0.610975 0.902745 0.069663 0.037124
11 0.832114 0.765490 0.057650 0.037124
11 0.144162 0.207190 0.057365 0.032941
11 0.379837 0.793333 0.007832 0.015686
11 0.341850 0.806405 0.017033 0.015686
11 0.500000 0.046536 0.134943 0.018301
