8 0.500000 0.146341 0.991903 0.278049
8 0.500000 0.489024 0.991903 0.304878
8 0.500000 0.829268 0.991903 0.326829
0 0.054656 0.080488 0.020243 0.036585
3 0.128880 0.080488 0.067476 0.097561
1 0.206478 0.080488 0.020243 0.036585
3 0.280702 0.080488 0.067476 0.097561
1 0.358300 0.080488 0.020243 0.036585
3 0.442645 0.080488 0.067476 0.097561
1 0.530364 0.080488 0.020243 0.036585
3 0.798246 0.080488 0.067476 0.097561
3 0.909582 0.080488 0.067476 0.097561
2 0.986505 0.080488 0.018893 0.034146
4 0.604588 0.080488 0.026991 0.048780
1 0.726046 0.202439 0.020243 0.036585
4 0.726046 0.080716 0.026991 0.048780
3 0.128880 0.409756 0.067476 0.097561
3 0.280702 0.409756 0.067476 0.097561
1 0.358300 0.409756 0.020243 0.036585
0 0.054656 0.409756 0.020243 0.036585
3 0.442645 0.409756 0.067476 0.097561
3 0.675439 0.409756 0.067476 0.097561
1 0.641700 0.446341 0.020243 0.036585
3 0.726046 0.553659 0.067476 0.097561
2 0.792848 0.409756 0.018893 0.034146
0 0.054656 0.757317 0.020243 0.036585
3 0.128880 0.757317 0.067476 0.097561
3 0.280702 0.757317 0.067476 0.097561
2 0.358300 0.757317 0.018893 0.034146
13 0.079960 0.080488 0.033063 0.012195
13 0.179487 0.080488 0.036437 0.012195
13 0.231781 0.080488 0.033063 0.012195
13 0.331309 0.080488 0.036437 0.012195
13 0.388664 0.080488 0.043185 0.012195
13 0.498313 0.080488 0.046559 0.012195
13 0.565789 0.080778 0.053306 0.012195
13 0.853914 0.080488 0.046559 0.012195
13 0.960189 0.080488 0.036437 0.012195
13 0.204791 0.409756 0.087045 0.012195
13 0.331309 0.409756 0.036437 0.012195
13 0.079960 0.409756 0.033063 0.012195
13 0.388664 0.409756 0.043185 0.012195
13 0.559042 0.409756 0.168016 0.012195
13 0.667004 0.509146 0.053306 0.093902
13 0.746289 0.409756 0.076923 0.012195
13 0.079960 0.757317 0.033063 0.012195
13 0.204791 0.757317 0.087045 0.012195
13 0.331646 0.757317 0.037112 0.012195
13 0.167679 0.260366 0.228745 0.267073
13 0.260459 0.230488 0.198381 0.268293
13 0.370108 0.245732 0.114035 0.237805
13 0.353239 0.245122 0.114035 0.236585
13 0.503374 0.230488 0.056680 0.268293
13 0.726046 0.362805 0.006748 0.289024
13 0.094202 0.598780 0.071457 0.285366
13 0.317293 0.568293 0.075250 0.285366
13 0.665317 0.081211 0.097166 0.012195
13 0.660425 0.153659 0.113698 0.102439
13 0.752024 0.081026 0.027665 0.012195
13 0.726207 0.144626 0.006748 0.083919
13 0.736842 0.245122 0.125506 0.236585
13 0.776316 0.490244 0.035762 0.131707
11 0.013900 0.146341 0.009447 0.031717
11 0.054458 0.108415 0.025246 0.014634
11 0.128880 0.080000 0.038935 0.034634
11 0.206815 0.108415 0.042510 0.014634
11 0.281717 0.080000 0.040064 0.034634
11 0.357994 0.108415 0.046622 0.014634
11 0.442645 0.080000 0.033087 0.034634
11 0.530246 0.108415 0.040250 0.014634
11 0.798246 0.080000 0.057387 0.017073
11 0.909582 0.080000 0.050175 0.017073
11 0.986732 0.107195 0.012600 0.014634
11 0.606671 0.029146 0.048699 0.014634
11 0.758538 0.201098 0.035295 0.014634
11 0.626708 0.064512 0.006452 0.014634
11 0.636571 0.186463 0.014033 0.014634
11 0.013900 0.489024 0.009447 0.079723
11 0.130008 0.409268 0.058525 0.052195
11 0.280755 0.409268 0.046704 0.069756
11 0.358219 0.437683 0.059219 0.014634
11 0.442645 0.409268 0.032632 0.034634
11 0.675439 0.409268 0.046597 0.034634
11 0.726046 0.553171 0.057394 0.017073
11 0.843420 0.405976 0.048513 0.014634
11 0.641674 0.474268 0.040433 0.014634
11 0.013900 0.829268 0.009447 0.033753
11 0.128880 0.756829 0.038708 0.034634
11 0.280702 0.756829 0.043881 0.034634
11 0.358331 0.784024 0.039200 0.014634
